"time"	"distance"	"value"
36	0	0.351
36	1	0.565
36	2	0.367
36	3	0.333
36	4	0.375
36	5	0.5
36	6	0.231
36	7	0.25
36	8	0.4
36	9	0.375
36	10	0.364
36	11	0.714
36	12	0.714
36	13	0.375
36	14	0.227
36	15	0.167
36	16	0.25
36	17	0.333
36	18	0.357
36	19	0
36	20	0
36	21	0.4
36	22	0.222
36	23	1
36	24	0.478
36	25	0.2
36	26	0
36	27	0.1
36	28	0.2
36	29	0
37	0	0.5
37	1	0.722
37	2	0.318
37	3	0.5
37	4	0.176
37	5	0.333
37	6	0.143
37	7	0.3
37	8	0.222
37	9	0.273
37	10	0.526
37	11	0.789
37	12	0.844
37	13	0.667
37	14	0.538
37	15	0.308
37	16	0.625
37	17	0.364
37	18	0.467
37	19	0.333
37	20	0.5
37	22	0
37	23	0.833
37	24	0.556
37	25	0.25
37	26	0
37	27	0
37	28	0
37	29	0.059
37	30	0.091
37	31	0.071
37	32	0
37	33	0.1
37	34	0
37	35	0
37	36	0
37	37	0
37	38	0
37	39	0
37	40	0
37	41	0
37	42	0
37	43	0
37	44	0
37	45	0
37	46	0
37	47	0
37	48	0
38	0	0.111
38	1	0.294
38	2	0.25
38	3	0.25
38	4	0.409
38	5	0.476
38	6	0.286
38	7	0.333
38	8	0.538
38	9	0.5
38	10	0.571
38	11	0.638
38	12	0.617
38	13	0.538
38	14	0.407
38	15	0.435
38	16	0.188
38	17	0.229
38	18	0.273
38	19	0.091
38	20	0.25
38	21	0.25
38	22	0.182
38	23	0.5
38	24	0.647
38	25	0.286
38	26	0
38	27	0.143
38	28	0.167
38	29	0.2
38	30	0.143
38	31	0.154
38	32	0
38	33	0
38	34	0
38	35	0
38	36	0
38	37	0
38	38	0
38	39	0
38	40	0
38	41	0.2
38	42	0
38	43	0
38	44	0
38	45	0
38	46	0
38	47	0
38	48	0
39	0	0.691
39	1	0.833
39	2	0.667
39	3	0.333
39	4	0.455
39	5	0.6
39	6	0.1
39	7	0.286
39	8	0.4
39	9	0.429
39	10	0.731
39	11	0.788
39	12	0.448
39	13	0.238
39	14	0.067
39	15	0
39	16	0.25
39	17	0.231
39	18	0.389
39	19	0.2
39	20	0
39	21	0
39	22	0.167
39	23	0.667
39	24	0.531
39	25	0.25
39	26	0.125
39	27	0.062
39	28	0.1
39	29	0.167
39	30	0.154
39	31	0.19
39	32	0.111
39	33	0.1
39	34	0.2
39	35	0
39	36	0
39	37	0.286
39	38	0
39	39	0
39	40	0
39	41	0
39	42	0
39	43	0
39	44	0
39	45	0
39	46	0
39	47	0
39	48	0.143
40	0	0.333
40	1	0.583
40	2	0.5
40	3	0.263
40	4	0.35
40	5	0.5
40	6	0.167
40	7	0.333
40	8	0.615
40	9	0.389
40	10	0.571
40	11	0.333
40	12	0.435
40	13	0.4
40	14	0.433
40	15	0.529
40	16	0.222
40	17	0.263
40	18	0.4
40	19	0.133
40	20	0.4
40	21	0.182
40	22	0.5
40	23	0.812
40	24	0.683
40	25	0.526
40	26	0.4
40	27	0.316
40	28	0.154
40	29	0.467
40	30	0.409
40	31	0.323
40	32	0
40	33	0
40	41	0
40	42	0
40	43	0
40	44	0
40	45	0
40	46	0
40	47	0
40	48	0
41	0	0.622
41	1	0.58
41	2	0.5
41	3	0.385
41	4	0.214
41	5	0.25
41	6	0.222
41	7	0.182
41	8	0.333
41	9	0.458
41	10	0.32
41	11	0.517
41	12	0.5
41	13	0.179
41	14	0.3
41	15	0.091
41	16	0
41	17	0.1
41	18	0.1
41	19	0.267
41	20	0
41	21	0.5
41	22	0.261
41	23	0.636
41	24	0.676
41	25	0.5
41	26	0.4
41	27	0.5
41	28	0.2
41	29	0.333
41	30	0.167
41	31	0.111
41	32	0.5
41	33	0.188
41	34	0.2
41	35	0
41	36	0.167
41	37	0.273
41	38	0
41	39	0
41	40	0
41	41	0
41	42	0
41	43	0
41	44	0
41	45	0.05
41	46	0
41	47	0.017
41	48	0.125
42	0	0.266
42	1	0.324
42	2	0.167
42	3	0.1
42	4	0.054
42	5	0.136
42	6	0.087
42	7	0.087
42	8	0.2
42	9	0.222
42	10	0.44
42	11	0.538
42	12	0.316
42	13	0.5
42	14	0.478
42	15	0.609
42	16	0.25
42	17	0.25
42	19	0
42	22	0
42	23	1
42	24	0.591
42	25	0.462
42	26	0.286
42	27	0.3
42	28	0.143
42	29	0.2
42	30	0.182
42	31	0.286
42	32	0.429
42	33	0
42	34	0
42	35	0
42	36	0.25
42	37	0.167
42	38	0
42	39	0
42	40	0
42	41	0.111
42	42	0
42	43	0
42	44	0.059
42	45	0.286
42	46	0
42	47	0
42	48	0
43	0	0.391
43	1	0.806
43	2	0.562
43	3	0.222
43	4	0.333
43	5	0.25
43	6	0
43	7	0.182
43	8	0
43	9	0.333
43	10	0.571
43	11	0.278
43	12	0.483
43	13	0.532
43	14	0.333
43	15	0.368
43	16	0.5
43	17	0.28
43	18	0.4
43	19	0.269
43	20	0.2
43	21	0.471
43	22	0.293
43	23	0.714
43	24	0.619
43	25	0.5
43	26	0.389
43	27	0.286
43	28	0.182
43	29	0.444
43	30	0.5
43	31	0.368
43	32	0
43	33	0.333
43	34	0.125
43	35	0
43	36	0.5
43	37	0.333
43	38	0
43	39	0
43	40	0
43	41	0
43	42	0.111
43	43	0
43	44	0
43	45	0
43	46	0
43	47	0
43	48	0
44	0	0.644
44	1	0.718
44	2	0.611
44	3	0.667
44	4	0.5
44	5	0.455
44	6	0.353
44	7	0.4
44	8	0.615
44	9	0.667
44	10	0.8
44	11	0.615
44	12	0.579
44	13	0.5
44	14	0.412
44	15	0.333
44	16	0.222
44	17	0.3
44	18	0.714
44	19	0.4
44	20	0
44	21	1
44	22	0.375
44	23	1
44	24	0.422
44	25	0.033
44	26	0.114
44	27	0.103
44	28	0
44	29	0.042
44	30	0.107
44	31	0.082
44	32	0.1
44	33	0.111
44	34	0
44	35	0.091
44	36	0.25
44	37	0.286
44	38	0
44	39	0.111
44	40	0
44	41	0.111
44	42	0
44	43	0.105
44	44	0.095
44	45	0
44	46	0
44	47	0
44	48	0
45	0	0.466
45	1	0.609
45	2	0.579
45	3	0.3
45	4	0.462
45	5	0.167
45	6	0.273
45	7	0.222
45	8	0.5
45	9	0.444
45	10	0.375
45	11	0.421
45	12	0.2
45	13	0.208
45	14	0.154
45	15	0.182
45	16	0
45	17	0
45	18	0.429
45	19	0
45	20	0
45	21	0.111
45	22	0.176
45	23	0.154
45	24	0.433
45	25	0.242
45	26	0.25
45	27	0.077
45	28	0.133
45	29	0
45	30	0.19
45	31	0.265
45	32	0.25
45	33	0.167
45	34	0
45	35	0
45	36	0.167
45	37	0.05
45	38	0
45	39	0
45	40	0
45	41	0
45	42	0
45	43	0
45	44	0
45	45	0
45	46	0
45	47	0
45	48	0
46	0	0.571
46	1	0.566
46	2	0.35
46	3	0.235
46	4	0.303
46	5	0.429
46	6	0.208
46	7	0.364
46	8	0.444
46	9	0.3
46	10	0.58
46	11	0.653
46	12	0.529
46	13	0.426
46	14	0.483
46	15	0.222
46	16	0.143
46	17	0.125
46	18	0.222
46	19	0
46	20	0.111
46	21	0.667
46	22	0.389
46	23	0.167
46	24	0.471
46	25	0.217
46	26	0.154
46	27	0.067
46	28	0
46	29	0
46	30	0.167
46	31	0
46	32	0
46	33	0.25
46	34	0
46	35	0
46	36	0
46	37	0.333
46	38	0
46	39	0
46	40	0.25
46	41	0
46	42	0.167
46	43	0.182
46	44	0.222
46	45	0
47	0	0.242
47	1	0.37
47	2	0.345
47	3	0.154
47	4	0.143
47	5	0.056
47	6	0.235
47	7	0.222
47	8	0.231
47	9	0.16
47	10	0.414
47	11	0.451
47	12	0.211
47	13	0.349
47	14	0.357
47	15	0.111
47	16	0.222
47	17	0.2
47	18	0.438
47	19	0.3
47	20	0.6
47	21	0
47	22	0.375
47	23	0.833
47	24	0.562
47	25	0.5
47	26	0.25
47	27	0.3
47	28	0.111
47	29	0
47	30	0.125
47	31	0.167
47	32	0.167
47	33	0.083
47	34	0.143
47	35	0
47	36	0
47	37	0.333
47	38	0
47	39	0
47	40	0
47	41	0
47	42	0
47	43	0
47	44	0
47	45	0
47	46	0
47	47	0
47	48	0
48	0	0.299
48	1	0.265
48	2	0.296
48	3	0.214
48	4	0.154
48	5	0.091
48	6	0.2
48	7	0.231
48	8	0.4
48	9	0.444
48	10	0.292
48	11	0.476
48	12	0.382
48	13	0.312
48	14	0.286
48	15	0.3
48	16	0.111
48	17	0.259
48	18	0.353
48	19	0.667
48	20	0.5
48	21	0.4
48	22	0.4
48	23	1
48	24	0.535
48	25	0.24
48	26	0.263
48	27	0.059
48	28	0.231
48	29	0.25
48	30	0.294
48	31	0.323
48	32	0.571
48	33	0.2
48	34	0.125
48	35	0.333
48	36	0.333
48	37	0.143
48	38	0
48	39	0
48	40	0
48	41	0
48	42	0
48	43	0
48	44	0
48	45	0
48	46	0
48	47	0
48	48	0
49	0	0.405
49	1	0.511
49	2	0.304
49	3	0.267
49	4	0.125
49	5	0.263
49	6	0.125
49	7	0.261
49	8	0
49	9	0.154
49	10	0.226
49	11	0.357
49	12	0.5
49	13	0.444
49	14	0.395
49	15	0.308
49	16	0
49	17	0.136
49	18	0.364
49	19	0.35
49	20	0.4
49	21	0.25
49	22	0.378
49	23	0.444
49	24	0.444
49	25	0.381
49	26	0.067
49	27	0.214
49	28	0.267
49	29	0.429
49	30	0.333
49	31	0.174
49	32	0.429
49	33	0.2
49	34	0.1
49	35	0
49	36	0.2
49	37	0
49	38	0
49	39	0
49	40	0
49	41	0
49	42	0
49	43	0
49	44	0
49	45	0
49	46	0
49	47	0
49	48	0
50	0	0.241
50	1	0.316
50	2	0.308
50	3	0.273
50	4	0.192
50	5	0.143
50	6	0.143
50	7	0
50	8	0.3
50	9	0.16
50	10	0.381
50	11	0.306
50	12	0.186
50	13	0.119
50	14	0.087
50	15	0.13
50	16	0.071
50	17	0.032
50	18	0.143
50	19	0
50	20	0
50	21	0.2
50	22	0.167
50	23	0.333
50	24	0.525
50	25	0.14
50	26	0.2
50	27	0.214
50	28	0.067
50	29	0.111
50	30	0.167
50	31	0.276
50	32	0.2
50	33	0.308
50	34	0.273
50	35	0.333
50	36	0.222
50	37	0.154
50	38	0
50	39	0.05
50	40	0.25
50	41	0
50	42	0.111
50	43	0.125
50	44	0.1
50	45	0
50	46	0.25
50	47	0
50	48	0
51	0	0.132
51	1	0.184
51	2	0.293
51	3	0.212
51	4	0.182
51	5	0.25
51	6	0.19
51	7	0.194
51	8	0
51	9	0
51	10	0.077
51	11	0.323
51	12	0.261
51	13	0.255
51	14	0.077
51	15	0
51	16	0
51	17	0.222
51	18	0
51	19	0
51	20	0
51	21	0
51	22	0.143
51	23	0.25
51	24	0.455
51	25	0
51	26	0
51	27	0
51	28	0
51	29	0
51	30	0
51	31	0.231
51	32	0
51	33	0.167
51	34	0
51	35	0.2
51	36	0.2
51	37	0.375
51	38	0
51	39	0.083
51	40	0.2
51	41	0.091
51	42	0.167
51	43	0.088
51	44	0.082
51	45	0
51	46	0
51	47	0.05
51	48	0
52	0	0.229
52	1	0.375
52	2	0.308
52	3	0.4
52	4	0.267
52	5	0.286
52	6	0.333
52	7	0
52	8	0.25
52	9	0.308
52	10	0.207
52	11	0.358
52	12	0.333
52	13	0.273
52	14	0.244
52	15	0.345
52	16	0.625
52	17	0.241
52	18	0.25
52	19	0.333
52	20	0.333
52	21	0.312
52	22	0.333
52	23	0.5
52	24	0.53
52	25	0.095
52	26	0.235
52	27	0.188
52	28	0.167
52	29	0.2
52	30	0.167
52	31	0.083
52	32	0
52	33	0.091
52	34	0
52	35	0.1
52	36	0.333
52	37	0.111
52	38	0
52	39	0.077
52	40	0
52	41	0
52	42	0
52	43	0.188
52	44	0.056
52	45	0.1
52	46	0
52	47	0
52	48	0
53	0	0.143
53	1	0.2
53	2	0.179
53	3	0.111
53	4	0.25
53	5	0.118
53	6	0.158
53	7	0.25
53	8	0.154
53	9	0.25
53	10	0.235
53	11	0.286
53	12	0.308
53	13	0.326
53	14	0.3
53	15	0.308
53	16	0.2
53	17	0.217
53	18	0.2
53	19	0.333
53	20	0.667
53	21	0.5
53	22	0.364
53	23	0.167
53	24	0.586
53	25	0.171
53	26	0.261
53	27	0.143
53	28	0.125
53	29	0.176
53	30	0.19
53	31	0.103
53	32	0
53	33	0.091
53	34	0
53	35	0.125
53	36	0.111
53	37	0
53	38	0
53	39	0
53	40	0
53	41	0
53	42	0
53	43	0
53	44	0
53	45	0
53	46	0
53	47	0
53	48	0
54	0	0.216
54	1	0.318
54	2	0.25
54	3	0.273
54	4	0.194
54	5	0.083
54	6	0.226
54	7	0.174
54	8	0.095
54	9	0.219
54	10	0.24
54	11	0.323
54	12	0.526
54	13	0.583
54	14	0.231
54	15	0.273
54	16	0
54	17	0.143
54	18	0.111
54	19	0.333
54	20	0.5
54	21	0.5
54	22	0.333
54	23	0.6
54	24	0.543
54	25	0.308
54	26	0.333
54	27	0.182
54	28	0.167
54	29	0.125
54	30	0.25
54	31	0
54	32	0
54	33	0
54	34	0
54	35	0
54	36	0
54	37	0
54	38	0
54	39	0
54	40	0
54	41	0
54	42	0
54	43	0
54	44	0
54	45	0
54	46	0
54	47	0
54	48	0
55	0	0.2
55	1	0.194
55	2	0.304
55	3	0.222
55	4	0.188
55	5	0.091
55	6	0.273
55	7	0
55	8	0.333
55	9	0
55	10	0.111
55	11	0.189
55	12	0.143
55	13	0.273
55	14	0.333
55	15	0.069
55	16	0.067
55	17	0.094
55	18	0.167
55	19	0.2
55	20	0.167
55	21	0.286
55	22	0.429
55	23	0.5
55	24	0.459
55	25	0.136
55	26	0.062
55	27	0.125
55	28	0.083
55	29	0.111
55	30	0.133
55	31	0.103
55	32	0.5
55	33	0.091
55	34	0.222
55	35	0
55	36	0.2
55	37	0
55	38	0
55	39	0
55	40	0
55	41	0
55	42	0
55	43	0
55	44	0
55	45	0
55	46	0
55	47	0
56	0	0.361
56	1	0.513
56	2	0.545
56	3	0.278
56	4	0.316
56	5	0.364
56	6	0.467
56	7	0.333
56	8	0
56	9	0.5
56	10	0.364
56	11	0.414
56	12	0.409
56	13	0.639
56	14	0.571
56	15	0.333
56	16	0
56	17	0.083
56	18	0.214
56	19	0.222
56	20	0.222
56	21	0.375
56	22	0.368
56	23	0.5
56	24	0.353
56	25	0.105
56	26	0.188
56	27	0
56	28	0.154
56	29	0.091
56	30	0.2
56	31	0.2
56	32	0
56	33	0
56	34	0
56	35	0.091
56	36	0
56	37	0.125
56	38	0
56	39	0
56	40	0
56	41	0
56	42	0
56	43	0
56	44	0
56	45	0
56	46	0
56	47	0
56	48	0
57	0	0.28
57	1	0.241
57	2	0.059
57	3	0
57	4	0.231
57	5	0.133
57	6	0.111
57	7	0.091
57	8	0.182
57	9	0.176
57	10	0.231
57	11	0.333
57	12	0.148
57	13	0.357
57	14	0.448
57	15	0.13
57	16	0.214
57	17	0.143
57	18	0.385
57	19	0.3
57	20	0.25
57	21	0.4
57	22	0.474
57	23	0.889
57	24	0.585
57	25	0.179
57	26	0.2
57	27	0.235
57	28	0.059
57	29	0.3
57	30	0.273
57	31	0.222
57	32	0.125
57	33	0.231
57	34	0.182
57	35	0.429
57	36	0
57	37	0.222
57	38	0.111
57	39	0
57	40	0
57	41	0
57	42	0
57	43	0
57	44	0
57	45	0
57	46	0
57	47	0
57	48	0
58	0	0.244
58	1	0.32
58	2	0.25
58	3	0.32
58	4	0.15
58	5	0.167
58	6	0.3
58	7	0.294
58	8	0
58	9	0.2
58	10	0.3
58	11	0.37
58	12	0.312
58	13	0.341
58	14	0.429
58	15	0.267
58	16	1
58	17	0.083
58	18	0.273
58	19	0.111
58	20	0
58	21	0.091
58	22	0.2
58	23	0.25
58	24	0.432
58	25	0.045
58	26	0.091
58	27	0.091
58	28	0
58	29	0
58	30	0.071
58	31	0.062
58	32	0
58	33	0.167
58	34	0
58	35	0
58	36	0.2
58	37	0
58	38	0
58	39	0
58	40	0
58	41	0
58	42	0
58	43	0
58	44	0
58	45	0
58	46	0
58	47	0
58	48	0
59	0	0.317
59	1	0.343
59	2	0.32
59	3	0.48
59	4	0.5
59	5	0.5
59	6	0.154
59	7	0.333
59	8	0.333
59	9	0.167
59	10	0.385
59	11	0.357
59	12	0.444
59	13	0.5
59	14	0.435
59	15	0.474
59	16	0.6
59	17	0.385
59	18	0.357
59	19	0.412
59	20	0.111
59	21	0.455
59	22	0.391
59	23	0.833
59	24	0.606
59	25	0.48
59	26	0.429
59	27	0.421
59	28	0.467
59	29	0.462
59	30	0.471
59	31	0.417
59	32	0.167
59	33	0.462
59	34	0
59	35	0.6
59	36	0
59	37	0.222
59	38	0
59	39	0
59	40	0
59	41	0.05
59	42	0
59	43	0
59	44	0
59	45	0
59	46	0
59	47	0
59	48	0
60	0	0.171
60	1	0.293
60	2	0.2
60	3	0.095
60	4	0.091
60	5	0.1
60	6	0
60	7	0.062
60	8	0
60	9	0
60	10	0.071
60	11	0.172
60	12	0.167
60	13	0.25
60	14	0.227
60	15	0.4
60	16	0.333
60	17	0.167
60	18	0.125
60	19	0.188
60	20	0.364
60	21	0
60	22	0.267
60	23	0.5
60	24	0.415
60	25	0.13
60	26	0.25
60	27	0.222
60	28	0.111
60	29	0.3
60	30	0.25
60	31	0.318
60	32	0.333
60	33	0
60	34	0.25
60	35	0
60	36	0
60	37	0
60	38	0
60	39	0
60	40	0
60	41	0
60	42	0
60	43	0
60	44	0
60	45	0
60	46	0
60	47	0
60	48	0.036
61	0	0.32
61	1	0.355
61	2	0.333
61	3	0.125
61	4	0.167
61	5	0.143
61	6	0.333
61	7	0
61	8	0
61	9	0
61	10	0.1
61	11	0.136
61	12	0.143
61	13	0.25
61	22	0.545
61	23	0.5
61	24	0.515
61	25	0.12
61	26	0.2
61	27	0.083
61	28	0.182
61	29	0.182
61	30	0.2
61	31	0.1
61	32	0
61	33	0.2
61	34	0.182
61	35	0
61	36	0.167
61	37	0.125
61	38	0
61	39	0
61	40	0
61	41	0
61	42	0.091
61	43	0
61	44	0
61	45	0
61	46	0
61	47	0.02
61	48	0.021
62	0	0.139
62	1	0.04
62	2	0.071
62	3	0
62	4	0
62	5	0
62	6	0
62	7	0
62	8	0
62	9	0
62	10	0
62	11	0.167
62	12	0.278
62	13	0.19
62	14	0.269
62	15	0.167
62	16	0
62	17	0.083
62	18	0.077
62	19	0.095
62	20	0
62	21	0.25
62	22	0.086
62	23	0.25
62	24	0.123
62	25	0.024
62	26	0.037
62	27	0
62	28	0.045
62	29	0.15
62	30	0.069
62	31	0.105
62	32	0
62	33	0.143
62	34	0
62	35	0.143
62	36	0
62	37	0.167
62	38	0
62	39	0
62	40	0
62	41	0.077
62	42	0
62	43	0
62	44	0
62	45	0
62	46	0
62	47	0
62	48	0
63	0	0.111
63	1	0.147
63	2	0.182
63	3	0.111
63	4	0.059
63	5	0.083
63	6	0
63	7	0.143
63	8	0
63	9	0
63	10	0.133
63	11	0.167
63	12	0.188
63	13	0.121
63	14	0.1
63	15	0.222
63	16	0
63	17	0
63	18	0
63	19	0.091
63	20	0
63	21	0.143
63	22	0.353
63	23	0.5
63	24	0.15
63	25	0
63	26	0.1
63	27	0.1
63	28	0.143
63	29	0
63	30	0.053
63	31	0.032
63	32	0
63	33	0
63	34	0.091
63	35	0
63	36	0.167
63	37	0
63	38	0
63	39	0
63	40	0
63	41	0
63	42	0
63	43	0
63	44	0.137
63	45	0.056
63	46	0
63	47	0
63	48	0.059
64	0	0.146
64	1	0.105
64	2	0.045
64	3	0.143
64	4	0.188
64	5	0
64	6	0.091
64	7	0.059
64	8	0.125
64	9	0.2
64	10	0.2
64	11	0.103
64	12	0.2
64	13	0.156
64	14	0.095
64	15	0.053
64	16	0
64	17	0
64	18	0
64	19	0.077
64	20	0
64	21	0
64	22	0
64	23	0.143
64	24	0.302
64	25	0.244
64	26	0.208
64	27	0.053
64	28	0.118
64	29	0.125
64	30	0.4
64	31	0.462
64	32	0.667
64	33	0.429
64	34	0
64	35	0.2
64	36	1
64	37	0
64	38	0
64	39	0
64	40	0
64	41	0
64	42	0
64	43	0
64	44	0.029
64	45	0
64	46	0
64	47	0
64	48	0.032
65	0	0.265
65	1	0.212
65	2	0.074
65	3	0.143
65	4	0.091
65	5	0.353
65	6	0.231
65	7	0.125
65	8	0.091
65	9	0
65	10	0.25
65	11	0.24
65	12	0.333
65	13	0.185
65	14	0.2
65	15	0
65	16	0.5
65	17	0.091
65	18	0.2
65	19	0.125
65	20	0.222
65	21	0
65	22	0.2
65	23	0
65	24	0.273
65	25	0
65	26	0.111
65	27	0.1
65	28	0
65	29	0.125
65	30	0.04
65	31	0.031
65	32	0.143
65	33	0
65	34	0
65	35	0
65	36	0
65	37	0
65	38	0
65	39	0
65	40	0
65	41	0
65	42	0.167
65	43	0
65	44	0
65	45	0
65	46	0
65	47	0
65	48	0
66	0	0.022
66	1	0.107
66	2	0
66	3	0
66	4	0.077
66	5	0
66	6	0.059
66	7	0
66	8	0
66	9	0
66	10	0.091
66	11	0.04
66	12	0.083
66	13	0.27
66	14	0.143
66	15	0
66	16	0
66	17	0.067
66	18	0
66	19	0.25
66	20	0
66	21	0
66	22	0.111
66	23	0.077
66	24	0.071
66	25	0
66	26	0
66	27	0
66	28	0
66	29	0
66	30	0.04
66	31	0.028
66	32	0.167
66	33	0.214
66	34	0
66	35	0.111
66	36	0.143
66	37	0.167
66	38	0
66	39	0
66	40	0
66	41	0.111
66	42	0
66	43	0
66	44	0
66	45	0
66	46	0
66	47	0
66	48	0
67	0	0.328
67	1	0.431
67	2	0.405
67	3	0.129
67	4	0.242
67	5	0.05
67	6	0.19
67	7	0.158
67	8	0.429
67	9	0.222
67	10	0.455
67	11	0.462
67	12	0.524
67	13	0.571
67	14	0.52
67	15	0.25
67	16	0
67	17	0.25
67	18	0.133
67	19	0.545
67	20	0.2
67	21	0.3
67	22	0.417
67	23	0.556
67	24	0.515
67	25	0.042
67	26	0.111
67	27	0.091
67	28	0.091
67	29	0
67	30	0.143
67	31	0
67	32	0
67	33	0
67	34	0
67	35	0
67	36	0
67	37	0
67	38	0
67	39	0
67	40	0
67	41	0
67	42	0
67	43	0
67	44	0
67	45	0
67	46	0
67	47	0
67	48	0
68	0	0.04
68	1	0.074
68	2	0.1
68	3	0.077
68	4	0.167
68	5	0
68	6	0.143
68	7	0.167
68	8	0.143
68	9	0.143
68	10	0.1
68	11	0.16
68	12	0.222
68	13	0.241
68	14	0.3
68	15	0.125
68	16	0
68	17	0.071
68	18	0
68	19	0.091
68	20	0
68	21	0.333
68	22	0.286
68	23	0.375
68	24	0.339
68	25	0.14
68	26	0.192
68	27	0.167
68	28	0.135
68	29	0.125
68	30	0.097
68	31	0.107
68	32	0.1
68	33	0.167
68	34	0.1
68	35	0
68	36	0
68	37	0
68	38	0
68	39	0
68	40	0
68	41	0.1
68	42	0
68	43	0
68	44	0
68	45	0
68	46	0
68	47	0
68	48	0
69	0	0.109
69	1	0.031
69	2	0.062
69	3	0.056
69	4	0
69	5	0.091
69	6	0
69	7	0.182
69	8	0
69	9	0.083
69	10	0.111
69	11	0.071
69	12	0.316
69	13	0.226
69	14	0.167
69	15	0.286
69	16	1
69	17	0.1
69	18	0.111
69	19	0.167
69	20	0.4
69	21	0.111
69	22	0.19
69	23	0
69	24	0.25
69	25	0
69	26	0
69	27	0
69	28	0
69	29	0
69	30	0.107
69	31	0.057
69	32	0.091
69	33	0.071
69	34	0
69	35	0.062
69	36	0
69	37	0
69	38	0
69	39	0
69	40	0
69	41	0
69	42	0.083
69	43	0.031
69	44	0
69	45	0
69	46	0
69	47	0
69	48	0
70	0	0.282
70	1	0.308
70	2	0.205
70	3	0.152
70	4	0.158
70	5	0.136
70	6	0.083
70	7	0.087
70	8	0
70	9	0
70	10	0.125
70	11	0.122
70	12	0.136
70	13	0.13
70	14	0.13
70	15	0.182
70	16	0.5
70	17	0.083
70	18	0
70	19	0
70	20	0
70	21	0
70	22	0.188
70	23	0.25
70	24	0.206
70	25	0.12
70	26	0
70	27	0.056
70	28	0
70	29	0
70	30	0.143
70	31	0.25
70	32	0
70	33	0
70	34	0.333
70	35	0
70	36	0
70	37	0
70	38	0
70	39	0
70	40	0
70	41	0
70	42	0
70	43	0
70	44	0
70	45	0
70	46	0
70	47	0
70	48	0
71	0	0.224
71	1	0.192
71	2	0.143
71	3	0.111
71	4	0.217
71	5	0.067
71	6	0.111
71	7	0.071
71	8	0.167
71	9	0.1
71	10	0.167
71	11	0
71	12	0.25
71	13	0.111
71	14	0.071
71	15	0.077
71	16	0
71	17	0
71	18	0
71	19	0.091
71	20	0.091
71	21	0.125
71	22	0.118
71	23	0
71	24	0.24
71	25	0
71	26	0
71	27	0
71	28	0
71	29	0
71	30	0.038
71	31	0.026
71	32	0
71	33	0.067
71	34	0.062
71	35	0
71	36	0
71	37	0
71	38	0
71	39	0
71	40	0
71	41	0
71	42	0
71	43	0
71	44	0
71	45	0
71	46	0
71	47	0
71	48	0
72	11	0.333
72	12	0.143
72	13	0.2
72	14	0.143
72	15	0
72	17	0
72	18	0.667
72	19	0.111
72	20	0
72	21	0.2
72	22	0.267
72	23	0.429
72	24	0.25
72	25	0.1
72	26	0.214
72	27	0
72	28	0
72	29	0
72	30	0.143
72	31	0.095
72	32	0
72	33	0.1
72	34	0
72	35	0.333
72	36	0.25
73	0	0.368
73	1	0.5
73	2	0.75
73	3	0.75
73	4	0.5
73	5	0.5
73	6	0.5
73	7	0.667
73	10	0.75
73	11	0.8
73	12	0.667
73	13	0.5
73	14	0.667
73	15	0.5
73	17	0
73	18	0
73	19	0
73	20	0
73	21	0
73	22	0.333
73	23	0.5
73	24	0.444
73	25	0
73	26	0
73	27	0
73	28	0
73	29	0
73	30	0
73	31	0
73	32	0
73	33	0
73	34	0
73	36	0
73	37	0.4
73	38	0
73	39	0
73	40	0
73	41	0
73	42	0
73	43	0
73	44	0
73	45	0
73	46	0
73	47	0
73	48	0
74	0	0.269
74	1	0.241
74	2	0.071
74	3	0.062
74	4	0
74	5	0.143
74	6	0
74	7	0.091
74	8	0
74	9	0
74	10	0.182
74	11	0.095
74	12	0.25
74	13	0.259
74	14	0.214
74	15	0.125
74	16	0
74	17	0
74	18	0
74	19	0.111
74	20	0
74	21	0.25
74	22	0.133
75	22	0.2
75	23	0.5
75	24	0.31
75	25	0.269
75	26	0.235
75	27	0.333
75	28	0.125
75	29	0.333
75	30	0.133
75	31	0.238
75	32	0.4
75	33	0
75	34	0.222
75	35	0
75	36	0
75	37	0.333
75	38	0
75	39	0
75	40	0
75	41	0
75	42	0
75	43	0
75	44	0
76	0	0.118
76	1	0.154
76	2	0.1
76	3	0.143
76	4	0.1
76	5	0
76	6	0.167
76	7	0
76	8	1
76	9	0
76	10	0.143
76	11	0.333
76	12	0.167
76	13	0.286
76	14	0.143
76	15	0
76	16	0.667
76	17	0.167
76	18	0.5
76	19	0.429
76	20	0
76	21	0.667
76	22	0.6
76	23	0
76	24	0.524
76	25	0.2
76	44	0
76	45	0
76	46	0
76	47	0
76	48	0
77	0	0.8
77	1	1
77	2	0.5
77	3	0.5
77	4	0.667
77	5	0.5
77	7	0.5
77	10	0.667
77	11	0.667
77	12	0.667
77	13	1
77	14	1
77	15	0.5
77	17	0
77	18	0
77	19	0
77	20	0.5
77	21	0
77	22	0.667
77	24	0.4
77	25	0.333
77	26	0.357
77	27	0.286
77	28	0.1
77	29	0.333
77	30	0.125
77	31	0.154
77	32	0
77	33	0.125
77	34	0
77	35	0
77	36	0.2
77	37	0
77	38	0
77	39	0
77	40	0
77	41	0
77	42	0
77	43	0
77	44	0
77	45	0
77	46	0
77	47	0
77	48	0
78	0	0.562
78	1	0.7
78	2	0.643
78	3	0.36
78	4	0.25
78	5	0.2
78	6	0.273
78	7	0.158
78	8	0.286
78	9	0.111
78	10	0.143
78	11	0.162
78	12	0.304
78	13	0.222
78	14	0.235
78	15	0.125
78	16	0
78	17	0.4
78	18	0
78	19	0.25
78	20	0.133
78	21	0
78	22	0.182
78	23	0.077
78	24	0.306
78	25	0.121
78	26	0.125
78	27	0.13
78	28	0
78	29	0
78	30	0.5
78	31	0.312
78	32	0
78	33	0.333
78	34	0.2
78	35	0
78	36	0
78	37	0
78	38	0
78	39	0
78	40	0
78	41	0
78	42	0
78	43	0
78	44	0
78	45	0
78	46	0
78	47	0
78	48	0
79	0	0
79	1	0.222
79	2	0.125
79	3	0.2
79	4	0
79	5	0.2
79	6	0
79	7	0.167
79	8	0
79	9	0
79	10	0.125
79	11	0.143
79	12	0.167
79	13	0.167
79	14	0.25
79	15	0
79	16	0
79	17	0
79	18	0
79	19	0
79	20	0
79	21	0.333
79	22	0
79	23	0
79	24	0.25
79	25	0
79	26	0
79	27	0.077
79	28	0.05
79	29	0
79	30	0.036
79	31	0.043
79	32	0
79	33	0.059
79	34	0.067
79	35	0
79	36	0.111
79	37	0.077
79	38	0
79	39	0
79	40	0
79	41	0
79	42	0
79	43	0
79	44	0
79	45	0
79	46	0
79	47	0
79	48	0
80	0	0.04
80	1	0.118
80	2	0.097
80	3	0.048
80	4	0.118
80	5	0.182
80	6	0
80	7	0.059
80	8	0
80	9	0
80	10	0.174
80	11	0.121
80	12	0.15
80	13	0.179
80	14	0.263
80	15	0.4
80	16	0
80	17	0.286
80	18	0
80	19	0.333
80	20	0.5
80	21	0
80	22	0.364
80	23	0.5
80	24	0.667
80	39	0
80	40	0
80	41	0
80	42	0
80	43	0
80	44	0
80	45	0
80	46	0
80	47	0
80	48	0
81	0	0.52
81	1	0.55
81	2	0.167
81	14	0
81	15	0
81	16	0
81	17	0
81	18	0
81	19	0.111
81	20	0
81	21	0
81	22	0.111
81	23	0
81	24	0.13
81	25	0.038
81	26	0.034
81	27	0.043
81	28	0.053
81	29	0
81	30	0.038
81	31	0.028
81	32	0
81	33	0.045
81	34	0.091
81	35	0
81	36	0.167
81	37	0
81	38	0
81	39	0
81	40	0
81	41	0
81	42	0
81	43	0
81	44	0
81	45	0
81	46	0
81	47	0
81	48	0.15
82	0	0
82	1	0
82	2	0
82	3	0
82	4	0
82	5	0.222
82	6	0.3
82	7	0.125
82	8	0.4
82	9	0
82	10	0.3
82	11	0.421
82	12	0.5
82	13	0.417
82	14	0.357
82	15	0
82	16	0
82	17	0
82	18	0.167
82	19	0
82	20	0.2
82	21	0.2
82	22	0.154
82	23	0.167
82	24	0.367
82	25	0.24
82	26	0.133
82	27	0.133
82	28	0
82	29	0.182
82	30	0.1
82	31	0
82	32	0
82	33	0
82	34	0
82	45	0
82	46	0
82	47	0
82	48	0
83	0	0.341
83	1	0.4
83	2	0.375
83	3	0
83	4	0
83	5	0
83	6	0
83	7	0
83	8	0
83	9	0
83	10	0
83	11	0
83	12	0
83	13	0
83	14	0
83	15	0
83	16	0
83	17	0
83	18	0
83	19	0
83	20	0
83	21	0
83	22	0
83	23	0
83	24	0.143
83	25	0.143
83	26	0.25
83	27	0
83	28	0
83	29	0
83	30	0
83	31	0.207
83	32	0.167
83	33	0
83	34	0.143
83	35	0
83	36	0.111
83	37	0.273
83	38	0
83	39	0
83	40	0
83	41	0.05
83	42	0
83	43	0
83	44	0.083
83	45	0
83	46	0
83	47	0
83	48	0.023
84	0	0
84	1	0
84	2	0.067
84	3	0.269
84	4	0.12
84	5	0.231
84	6	0.214
84	7	0.105
84	8	0.2
84	9	0.111
84	10	0.16
84	11	0.219
84	12	0.348
84	13	0.333
84	14	0.28
84	15	0.111
84	17	0
84	18	0.125
84	19	0.077
84	20	0.083
84	21	0.333
84	22	0.37
84	23	0.286
84	24	0.455
84	25	0.4
84	26	0
84	27	0
84	47	0
84	48	0
85	0	0.154
85	1	0.4
85	2	0.667
85	3	0
85	4	0
85	5	0
85	6	0
85	7	0
85	9	0
85	10	0.333
85	11	0.333
85	12	0.6
85	13	0.333
85	14	0.5
85	15	0.667
85	19	0
85	20	0
85	22	0
85	23	0
85	24	0
85	25	0.615
85	26	0.409
85	27	0.385
85	28	0.25
85	29	0.571
85	30	0.414
85	31	0.385
85	32	0.333
85	33	0.133
85	34	0.385
85	35	0
85	36	0.154
85	37	0.308
85	38	0
85	39	0
85	40	0
85	41	0.045
85	42	0
85	43	0.029
85	44	0.229
85	45	0.095
85	46	0
85	47	0
85	48	0.016
86	0	0.348
86	1	0.18
86	2	0.132
86	3	0.083
86	4	0.161
86	5	0.062
86	6	0.118
86	7	0.059
86	8	0.143
86	9	0.062
86	10	0.114
86	11	0.154
86	12	0.29
86	13	0.205
86	14	0.258
86	15	0.133
86	16	0.5
86	17	0.062
86	18	0.2
86	19	0.222
86	20	0.25
86	21	0.091
86	22	0.192
86	23	0
86	24	0.143
86	25	0
86	26	0
86	27	0.118
86	28	0
86	29	0
86	48	0
87	0	0
87	1	0
87	2	0
87	3	0
87	4	0
87	5	0
87	6	0
87	7	0
87	8	0
87	9	1
87	10	0.5
87	11	0.125
87	12	0.25
87	13	0
87	22	0.4
87	23	0
87	24	0.441
87	25	0.217
87	26	0.2
87	27	0
87	28	0
87	29	0
87	30	0.069
87	31	0.04
87	32	0
87	33	0
87	34	0
87	35	0
87	36	0.125
87	37	0.098
87	38	0
87	39	0
87	40	0
87	41	0
87	42	0.182
87	43	0.033
87	44	0
87	45	0
87	46	0
87	47	0
87	48	0.094
88	0	0.5
88	1	0.462
88	2	0.286
88	3	0.1
88	4	0.077
88	5	0.25
88	6	0
88	7	0.182
88	8	0.333
88	9	0.2
88	10	0.35
88	11	0.316
88	12	0.455
88	13	0.321
88	14	0.5
88	15	0.154
88	16	0.667
88	17	0.071
88	18	0.2
88	19	0.3
88	20	0.111
88	21	0.222
88	22	0.286
88	23	0.25
88	24	0.405
88	25	0.214
88	26	0.231
88	27	0.2
88	28	0.154
88	29	0.231
88	30	0.136
88	31	0.115
88	32	0
88	33	0.167
88	34	0
88	35	0
88	36	0.25
88	37	0
88	38	0
88	39	0
88	40	0
88	41	0
88	42	0
88	43	0
88	44	0.042
88	45	0
88	46	0
88	47	0
88	48	0
89	0	0.304
89	1	0.271
89	2	0.062
89	3	0.05
89	4	0.125
89	5	0.091
89	6	0
89	7	0.167
89	8	0
89	9	0.059
89	10	0.192
89	11	0.188
89	12	0.118
89	13	0.2
89	14	0.385
89	15	0.25
89	17	0
89	18	0.5
89	19	0
89	20	1
89	21	0.5
89	22	0.75
89	23	1
89	24	0.632
89	25	0.692
89	26	0.333
89	27	0.4
89	28	0.333
89	29	1
89	30	0.2
89	31	0
89	32	0
89	33	0
89	34	0.167
89	35	0
89	36	0
89	37	0
89	38	0
89	39	0
89	40	0
89	41	0
89	42	0
89	43	0
89	44	0
89	45	0
89	46	0
89	47	0
89	48	0
90	0	0.333
90	1	0.333
90	2	0.556
90	3	0.083
90	4	0.091
90	5	0.143
90	6	0
90	7	0.125
90	8	0
90	9	0
90	10	0.333
90	11	0.571
90	12	0.538
90	13	0.6
90	14	0.4
90	15	0.333
90	16	0.333
90	17	0.2
90	18	0.25
90	19	0.25
90	20	0.3
90	21	0.273
90	22	0.381
90	23	0.353
90	24	0.408
90	25	0.104
90	26	0.094
90	27	0.083
90	28	0.053
90	29	0.143
90	30	0.091
90	31	0.111
90	32	0
90	33	0.077
90	34	0
90	35	0
90	36	0
90	37	0.167
90	38	0
90	39	0
90	40	0
90	41	0
90	42	0
90	43	0
90	44	0
90	45	0
90	46	0
90	47	0
90	48	0
91	0	0.177
91	1	0.435
91	2	0.125
91	3	0.25
91	4	0.2
91	5	0.143
91	6	0.2
91	7	0.375
91	8	0
91	9	0.125
91	10	0.25
91	11	0.167
91	12	0.143
91	13	0.304
91	14	0.25
91	15	0.333
91	17	0.111
91	18	0
91	19	0.1
91	20	0
91	21	0.375
91	22	0.4
91	23	0.333
91	24	0.333
91	25	0
91	26	0.125
91	27	0.091
91	28	0
91	29	0.25
91	30	0.111
91	31	0.231
91	32	0
91	33	0.2
91	34	0
91	35	0
91	36	0
91	37	0.143
91	38	0
91	39	0
91	40	0
91	41	0
91	42	0
91	43	0
91	44	0
91	45	0
91	46	0
91	47	0
91	48	0
92	0	0.56
92	1	0.45
92	2	0.448
92	3	0.143
92	4	0.062
92	5	0
92	6	0.125
92	7	0.167
92	8	0.182
92	9	0.308
92	10	0.393
92	11	0.227
92	12	0.231
92	13	0.294
92	14	0.182
92	15	0.25
92	16	0.5
92	17	0
92	18	0.4
92	19	0.143
92	20	0
92	21	0
92	22	0.333
92	23	0.429
92	24	0.415
92	25	0.149
92	26	0.12
92	27	0.4
92	28	0
92	29	0.4
92	30	0.125
92	31	0
92	32	0
92	33	0
92	34	0
92	35	0
92	36	0
92	37	0
92	39	0
92	40	0
92	41	0
92	42	0.333
92	43	0
92	44	0
92	45	0
92	46	0
92	47	0
92	48	0
93	0	0.571
93	1	0.81
93	2	0.588
93	3	0.1
93	4	0.471
93	5	0.444
93	6	0.5
93	7	0.588
93	8	0
93	9	0.375
93	10	0.474
93	11	0.611
93	12	0.769
93	13	0.565
93	14	0.733
93	15	0.5
93	16	0.5
93	17	0
93	18	0.4
93	19	0.375
93	20	0.25
93	21	0.2
93	22	0.333
93	23	0.25
93	24	0.48
93	26	0
93	27	0
93	28	0
93	29	0
93	30	0
93	31	0.105
93	32	0
93	33	0
93	34	0
93	35	0
93	36	0
93	37	0
93	38	0
93	39	0
93	40	0
93	41	0
93	42	0
93	43	0
93	44	0
93	45	0
93	46	0
93	47	0
93	48	0
94	0	0.259
94	1	0.515
94	2	0.474
94	3	0
94	4	0
94	5	0
94	6	0
94	7	0
94	10	0.727
94	11	0.5
94	12	0.583
94	13	0.4
94	14	0.286
94	15	1
94	17	0
94	18	0
94	19	0.2
94	20	0.25
94	21	0
94	22	0.333
94	23	0.5
94	24	0.375
94	25	0.222
94	26	0.32
94	27	0.083
94	28	0.1
94	29	0.2
94	30	0.16
94	31	0.229
94	32	0.25
94	33	0.25
94	34	0.083
94	35	0.2
94	36	0.077
94	37	0.2
94	38	0
94	39	0
94	40	0
94	41	0.048
94	42	0
94	43	0
94	44	0.026
94	45	0
94	46	0
94	47	0
94	48	0.333
95	0	0.5
95	1	0.595
95	2	0.55
95	3	0.25
95	4	0.115
95	5	0.167
95	6	0.214
95	7	0.1
95	8	0
95	9	0.286
95	10	0.391
95	11	0.333
95	12	0.353
95	13	0.385
95	14	0.267
95	15	0.571
95	16	0.667
95	17	0.167
95	18	0.333
95	19	0.25
95	20	0.2
95	21	0.143
95	22	0.3
95	23	0.4
95	24	0.55
95	25	0.28
95	26	0.353
95	27	0.167
95	28	0
95	29	0
95	30	0
95	31	0.071
95	32	0
95	33	0.143
95	34	0
95	35	0
95	36	0.25
95	37	0
95	38	0
95	39	0
95	40	0
95	41	0
95	42	0
95	43	0.167
95	44	0
95	45	0
95	46	0
95	47	0
95	48	0
96	0	0.467
96	1	0.692
96	2	0.583
96	3	0.364
96	4	0.231
96	5	0.333
96	6	0.167
96	7	0.389
96	8	0.286
96	9	0.769
96	10	0.512
96	11	0.467
96	12	0.478
96	13	0.4
96	14	0.5
96	15	0.286
96	16	1
96	17	0.333
96	18	0.167
96	19	0.286
96	20	0.2
96	21	0
96	22	0.455
96	23	0.125
96	24	0.231
96	25	0.067
96	26	0.095
96	27	0.375
96	28	0.182
96	29	0.25
96	30	0.2
96	31	0.24
96	32	0.2
96	33	0.167
96	34	0.125
96	35	0
96	36	0.154
96	37	0.286
96	39	0.133
96	40	0.25
96	41	0.067
96	42	0.077
96	43	0.059
96	44	0.12
96	45	0.077
96	46	0
96	47	0.167
96	48	0.077
97	0	0.333
97	1	0.412
97	2	0.308
97	3	0.143
97	4	0
97	5	0.143
97	6	0
97	7	0.111
97	8	0
97	9	0.333
97	10	0.222
97	11	0.25
97	12	0.125
97	13	0.125
97	14	0.278
97	15	0.125
97	16	0
97	17	0.25
97	18	0.25
97	19	0.222
97	20	0.375
97	21	0.222
97	22	0.556
97	23	0.364
97	24	0.462
97	25	0.321
97	26	0.185
97	27	0.067
97	28	0
97	29	0.111
97	30	0.357
97	31	0.097
97	32	0.2
97	33	0.2
97	34	0
97	35	0.2
97	36	0.429
97	37	0
97	38	0
97	39	0.083
97	40	0.091
97	41	0.167
97	42	0.143
97	43	0.045
97	44	0.071
97	45	0
97	46	0
97	47	0
98	0	0.341
98	1	0.567
98	2	0.385
98	3	0.167
98	4	0.318
98	5	0.2
98	6	0.077
98	7	0.214
98	8	0
98	9	0.267
98	10	0.607
98	11	0.31
98	12	0.435
98	13	0.403
98	14	0.458
98	15	0.222
98	16	0.5
98	17	0.3
98	18	0.2
98	19	0.125
98	20	0.2
98	21	0.2
98	22	0.235
98	23	0.375
98	24	0.409
98	25	0.273
98	26	0.2
98	27	0.222
98	28	0
98	29	0.167
98	30	0.1
98	31	0.312
98	32	0
98	33	0.3
98	34	0.333
98	35	1
98	36	0
98	37	0.667
98	38	0
98	39	0
98	40	0
98	41	0
98	42	0
98	43	0
98	44	0
98	47	0
98	48	0.167
99	0	0.143
99	1	0.435
99	2	0.2
99	3	0.077
99	4	0
99	5	0.111
99	6	0
99	7	0.167
99	8	0.25
99	9	0
99	10	0.417
99	11	0.25
99	12	0.1
99	13	0.1
99	14	0.077
99	15	0.333
99	16	0
99	17	0
99	18	0.2
99	19	0.333
99	20	0
99	21	0
99	22	0.375
99	23	0.4
99	24	0.39
99	25	0.138
99	26	0.269
99	27	0.133
99	28	0.154
99	29	0.143
99	30	0.105
99	31	0.059
99	32	0.167
99	33	0.2
99	34	0.091
99	35	0
99	36	0.333
99	37	0.1
99	38	0
99	39	0.083
99	40	0
99	41	0
99	42	0
99	43	0
99	44	0
99	45	0
99	46	0
99	47	0
99	48	0.074
100	0	0.471
100	1	0.655
100	2	0.667
100	3	0.417
100	4	0.5
100	5	0.091
100	6	0.455
100	7	0.429
100	8	0.333
100	9	0.625
100	10	0.571
100	11	0.52
100	12	0.533
100	13	0.652
100	14	0.529
100	15	0.125
100	16	0
100	17	0
100	18	0.143
100	19	0.2
100	20	0.143
100	21	0.375
100	22	0.545
100	23	0.4
100	24	0.541
100	25	0.316
100	26	0.333
100	27	0.167
100	28	0.1
100	29	0
100	30	0.214
100	31	0.286
100	32	0.167
100	33	0.125
100	34	0.143
100	35	0.5
100	36	0
100	37	0
100	38	0
100	39	0
100	40	0
100	41	0
100	42	0.2
100	43	0
100	44	0
100	45	0
100	46	0
100	47	0
100	48	0
101	0	0.455
101	1	0.812
101	2	0.634
101	3	0.423
101	4	0.433
101	5	0.619
101	6	0.667
101	7	0.3
101	8	0.6
101	9	0.636
101	10	0.6
101	11	0.576
101	12	0.607
101	13	0.667
101	14	0.727
101	15	0.571
101	17	0.75
101	19	0.667
101	20	0
101	21	0.667
101	22	0.5
101	23	1
101	24	0.8
101	25	0.333
101	26	0
101	27	0
101	28	0
101	29	0
101	30	0
101	31	0.111
101	32	0
101	33	0
101	34	0
101	35	0
101	36	0
101	37	0
101	38	0
101	39	0
101	40	0
101	41	0.111
101	42	0
101	43	0
101	44	0.143
101	45	0.2
101	46	0
101	47	0
101	48	0
102	0	0.286
102	1	0.778
102	2	0.6
102	3	0.333
102	4	0.333
102	5	0.5
102	6	0.167
102	7	0.4
102	8	0
102	9	0.5
102	10	0.538
102	11	0.375
102	12	0.714
102	13	0.5
102	14	0.444
102	15	0.357
102	16	0.5
102	17	0.308
102	18	0.444
102	19	0.333
102	20	0.4
102	21	0.5
102	22	0.5
102	23	0.667
102	24	0.661
102	25	0.4
102	26	0.333
102	27	0.235
102	28	0.053
102	29	0
102	30	0.091
102	31	0.256
102	32	0
102	33	0.294
102	34	0.125
102	35	0
102	36	0.2
102	37	0.273
102	38	0
102	39	0
102	41	0
102	42	0
102	43	0
102	44	0
102	45	0
102	46	0
102	47	0
102	48	0
103	0	0.338
103	1	0.512
103	2	0.388
103	3	0.241
103	4	0.207
103	5	0.333
103	6	0.231
103	7	0.1
103	8	0.556
103	9	0.571
103	10	0.568
103	11	0.386
103	12	0.462
103	13	0.571
103	14	0.5
103	15	0.25
103	38	0
103	39	0
103	40	0
103	41	0
103	42	0
103	43	0.1
103	44	0.083
103	45	0.077
103	46	0
103	47	0
103	48	0
104	0	0.091
104	1	0.467
104	2	0.4
104	3	0.222
104	4	0.091
104	5	0.333
104	6	0
104	7	0.222
104	9	0.154
104	10	0.35
104	11	0.4
104	12	0.4
104	13	0.462
104	14	0.471
104	15	0.222
104	16	0.5
104	17	0.125
104	18	0.286
104	19	0.286
104	20	0.2
104	21	0.333
104	22	0.269
104	23	0.462
104	24	0.552
104	25	0.383
104	26	0.148
104	27	0.118
104	28	0.167
104	29	0
104	30	0.125
104	31	0.062
104	32	0
104	33	0.143
104	34	0
104	35	0.333
104	36	0.25
104	37	0
104	38	0
104	39	0
104	40	0
104	41	0.111
104	42	0
104	43	0.091
104	44	0.214
104	45	0.125
104	46	0
104	47	0.053
104	48	0
105	0	0.263
105	1	0.63
105	2	0.5
105	3	0.25
105	4	0.429
105	5	0.5
105	11	0.25
105	12	0.083
105	13	0.167
105	14	0.2
105	15	0
105	16	0.333
105	17	0.25
105	18	0.143
105	19	0.5
105	20	0
105	21	0.5
105	22	0.333
105	23	0.667
105	24	0.545
105	25	0.308
105	26	0.444
105	27	0.059
105	28	0.095
105	29	0.154
105	30	0.296
105	31	0.277
105	32	0.143
105	33	0.167
105	34	0.067
105	35	0.2
105	36	0.083
105	37	0
105	38	0
105	39	0
105	40	0
105	41	0.269
105	42	0
105	43	0.029
105	44	0.027
105	45	0.059
105	46	0
105	47	0.045
105	48	0
106	0	0.302
106	1	0.5
106	2	0.471
106	3	0.222
106	4	0.333
106	5	0.25
106	6	0.375
106	7	0.316
106	8	0
106	9	0.238
106	10	0.514
106	11	0.459
106	12	0.407
106	13	0.55
106	14	0.524
106	15	0.471
106	16	0.333
106	17	0.273
106	18	0.583
106	19	0.357
106	20	0.5
106	21	0.2
106	22	0.4
106	23	0.2
106	24	0.4
106	25	0.182
106	26	0.071
106	27	0.125
106	28	0.143
106	29	0.125
106	30	0
106	31	0.2
106	33	0
106	34	0.143
106	35	0
106	36	0.25
106	37	0
106	38	0
106	39	0
106	40	0
106	41	0
106	42	0
106	43	0.1
106	44	0.125
106	45	0
106	46	0
106	47	0
106	48	0
107	0	0.3
107	1	0.682
107	2	0.5
107	3	0.6
107	4	0.286
107	5	0.5
107	6	0.333
107	7	0.4
107	8	0.8
107	9	0.5
107	10	0.455
107	11	0.556
107	12	0.571
107	13	0.455
107	14	0.571
107	15	0
107	16	1
107	17	0
107	18	0.333
107	19	0
107	20	0.429
107	21	0.4
107	22	0.36
107	23	0.8
107	24	0.589
107	25	0.4
107	26	0.265
107	27	0.188
107	28	0.071
107	29	0.091
107	30	0.095
107	31	0.222
107	32	0
107	33	0.154
107	34	0
107	35	0
107	36	0.429
107	37	0
107	38	0
107	39	0
107	40	0
107	41	0
107	42	0
107	43	0
107	44	0
107	45	0
107	46	0.333
107	47	0.045
108	0	0.717
108	1	0.662
108	2	0.533
108	3	0.308
108	4	0.269
108	5	0.368
108	6	0.211
108	7	0.1
108	8	0.222
108	9	0.357
108	10	0.591
108	11	0.489
108	12	0.515
108	13	0.405
108	14	0.208
108	15	0.5
108	16	0.667
108	17	0.4
108	18	0.333
108	19	0
108	20	0.182
108	21	0.167
108	22	0.143
108	39	0
108	40	0
108	41	0.1
108	42	0.4
108	43	0.062
108	44	0.053
108	45	0.2
108	46	0
108	47	0
108	48	0
109	13	0.75
109	14	0.727
109	15	0.625
109	17	0.125
109	18	0.667
109	19	0.5
109	20	0.5
109	21	0.6
109	22	0.789
109	23	0.692
109	24	0.582
109	25	0.574
109	26	0.333
109	27	0.269
109	28	0.13
109	29	0.333
109	30	0.048
109	31	0.208
109	32	0.5
109	33	0.071
109	34	0
109	35	0.125
109	36	0.125
109	37	0
109	38	0
109	39	0.067
109	40	0
109	41	0.059
109	42	0.333
109	43	0.056
109	44	0.04
109	45	0.077
109	46	0
109	47	0.041
110	0	0.552
110	1	0.769
110	2	0.5
110	3	0.5
110	4	0.111
110	5	0.25
110	6	0
110	7	0.143
110	8	0
110	9	0.333
110	10	0.231
110	11	0.231
110	12	0.3
110	13	0.385
110	14	0.3
110	15	0.333
110	16	0
110	17	0
110	18	0.5
110	19	0
110	20	0.25
110	21	0.2
110	22	0
110	23	0.25
110	24	0.318
110	25	0
110	26	0.1
110	27	0.125
110	28	0.111
110	29	0.083
110	30	0.25
110	31	0.444
110	32	0
110	33	0.158
110	34	0.25
110	35	0.143
110	36	0
110	37	0.2
110	38	0
110	39	0
110	40	0
110	41	0.133
110	42	0
110	43	0
110	44	0
110	45	0
110	46	0
110	47	0.056
110	48	0
111	0	0.65
111	1	0.818
111	2	0.667
111	3	0.5
111	4	0.407
111	5	0.412
111	6	0.423
111	7	0.421
111	8	0.3
111	9	0.457
111	10	0.521
111	11	0.476
111	12	0.467
111	13	0.545
111	14	0.455
111	15	0.273
111	16	0
111	17	0.062
111	18	0.25
111	19	0.125
111	20	0
111	21	0
111	22	0.333
111	23	0.333
111	24	0.529
111	25	0.381
111	26	0.25
111	27	0
111	28	0.25
111	29	0.25
111	30	0.2
111	31	0.182
111	43	0
111	44	0
111	45	0
111	46	0
111	47	0.05
111	48	0
112	0	0.483
112	1	0.667
112	2	0.438
112	3	0.538
112	4	0.333
112	5	0.333
112	6	0.143
112	7	0.182
112	8	0
112	9	0.8
112	10	0.778
112	11	0.562
112	12	0.571
112	13	0.667
112	14	0.25
112	15	0.333
112	16	0
112	17	0.4
112	18	1
112	19	0.2
112	20	0.364
112	21	0.2
112	22	0.458
112	23	0.643
112	24	0.615
112	25	0.478
112	26	0.2
112	27	0.095
112	28	0.071
112	29	0.133
112	30	0.333
112	31	0.25
112	32	0.333
112	33	0.25
112	34	0
112	35	0
112	36	1
112	37	0
112	38	0
112	39	0
112	40	0
112	41	0
112	42	0
112	43	0
112	44	0
112	45	0
112	46	0.25
112	47	0.04
112	48	0
113	0	0.238
113	1	0.333
113	2	0.357
113	3	0.2
113	4	0.2
113	5	0
113	13	0.421
113	14	0.625
113	15	0.25
113	16	0
113	17	0
113	18	0.5
113	19	1
113	20	1
113	21	0.5
113	22	0.556
113	23	0.667
113	24	0.562
113	25	0.118
113	26	0.571
113	27	0
113	28	0.143
113	29	0.143
113	30	0.167
113	31	0.184
113	32	0.154
113	33	0.125
113	34	0.154
113	35	0.25
113	36	0
113	37	0.143
113	38	0
113	39	0
113	40	0
113	41	0.042
113	42	0.143
113	43	0
113	44	0
113	45	0
113	46	0
113	47	0
113	48	0
114	0	0.483
114	1	0.429
114	2	0.429
114	3	0.455
114	4	0.375
114	5	0.273
114	6	0.357
114	7	0.125
114	8	0.2
114	9	0.333
114	10	0.5
114	11	0.324
114	12	0.538
114	13	0.25
114	14	0.222
114	15	0.188
114	16	0.286
114	17	0
114	18	0
114	19	0
114	20	0.5
114	21	0
114	22	0.125
114	23	0.167
114	24	0.318
114	25	0
114	26	0
114	27	0
114	28	0
114	29	0
114	30	0
114	31	0.308
114	32	0
114	33	0.115
114	34	0
114	35	0.25
114	36	0
114	37	0.2
114	38	0.333
114	39	0
114	40	0
114	41	0.125
114	42	0.5
114	43	0
114	44	0
114	48	0.067
115	0	0.261
115	1	0.308
115	2	0.125
115	3	0.333
115	4	0.111
115	5	0.5
115	6	0.083
115	7	0
115	8	0
115	9	0
115	10	0.111
115	11	0.182
115	12	0.125
115	13	0
115	14	0.083
115	15	0
115	17	0.273
115	18	0.2
115	19	0.333
115	20	0
115	21	0.2
115	22	0.3
115	23	0.308
115	24	0.478
115	25	0.353
115	26	0.133
115	27	0.143
115	28	0
115	29	0
115	30	0.1
115	31	0
115	32	0
115	33	0
115	34	0
115	35	0
115	36	0
115	37	0
115	38	0
115	39	0
115	40	0
115	41	0.125
115	42	0
115	43	0
115	44	0.067
115	45	0.143
115	46	0
115	47	0.021
115	48	0
116	0	0.385
116	1	0.486
116	2	0.44
116	3	0.286
116	4	0.4
116	5	0.273
116	6	0.5
116	7	0.286
116	8	0.571
116	9	0.538
116	10	0.688
116	11	0.796
116	12	0.25
116	13	0.333
116	14	0.429
116	15	0.167
116	16	0
116	17	0
116	18	0.2
116	19	0
116	20	0
116	21	0.2
116	22	0
116	23	0
116	24	0.1
116	25	0.4
116	26	0.071
116	27	0.083
116	28	0
116	29	0.083
116	30	0.067
116	31	0.059
116	32	0
116	33	0
116	34	0
116	35	0
116	36	0
116	37	0
116	38	0
116	39	0
116	40	0
116	41	0
116	42	0
116	43	0
116	44	0
116	45	0
116	46	0
116	47	0
116	48	0
117	0	0.208
117	1	0.393
117	2	0.333
117	3	0.077
117	4	0.077
117	5	0.333
117	6	0.125
117	7	0.143
117	8	0.333
117	9	0.167
117	10	0.562
117	11	0.643
117	12	0.717
117	13	0.51
117	14	0.417
117	15	0.273
117	16	0.385
117	17	0.4
117	18	0.393
117	19	0.125
117	20	0.2
117	21	0.286
117	22	0.308
117	23	0.429
117	24	0.452
117	25	0.444
117	26	0.5
117	27	1
117	28	0
117	29	0
117	30	0.25
117	31	0.2
117	33	0
117	34	0
117	35	0.2
117	36	0
117	37	0.25
117	38	0
117	39	0
117	40	0
117	41	0
117	42	0
117	43	0
117	44	0
117	45	0
117	46	0
117	47	0
117	48	0
118	0	0.466
118	1	0.6
118	2	0.469
118	3	0.238
118	4	0.263
118	5	0.167
118	6	0.077
118	7	0.375
118	8	0.125
118	9	0.211
118	10	0
118	11	0.333
118	12	0
118	13	0.2
118	14	0
118	17	0
118	18	1
118	19	0
118	21	0
118	22	0.5
118	24	0.5
118	25	0
118	26	0
118	27	0
118	28	0
118	29	0
118	30	0
118	31	0
118	32	0
118	33	0
118	34	0
118	35	0
118	36	0
118	37	0
118	38	0
118	39	0
118	40	0
118	41	0.071
118	42	0
118	43	0
118	44	0
118	45	0
118	46	0
118	47	0
118	48	0
119	0	0.294
119	1	0.385
119	2	0.091
119	3	0.111
119	4	0.1
119	5	0
119	6	0.2
119	7	0.167
119	8	0
119	9	0
119	10	0.316
119	11	0.449
119	12	0.432
119	13	0.396
119	14	0.407
119	15	0.385
119	16	0.375
119	17	0.143
119	18	0.455
119	19	0.143
119	20	0.444
119	21	0.667
119	22	0.28
119	23	0
119	24	0
119	25	0
119	26	0
119	27	0
119	28	0
119	29	0
119	30	0
119	31	0
119	33	0
119	34	0
119	35	0
119	36	0
119	37	0
119	38	0
119	39	0
119	40	0
119	41	0
119	42	0
119	43	0
119	44	0
119	45	0
119	46	0
119	47	0
119	48	0
120	14	0
120	15	0
120	17	0
120	18	0.167
120	19	0
120	20	0.333
120	21	0
120	22	0.125
120	23	0.778
120	24	0.437
120	25	0.434
120	26	0.257
120	27	0.111
120	28	0.118
120	29	0.118
120	30	0.167
120	31	0.167
120	32	0.25
120	33	0
120	34	0
120	35	0
120	36	0
120	37	0
120	38	0
120	39	0
120	40	0
120	41	0
120	42	0
120	43	0
120	44	0
120	45	0
120	46	0
120	47	0
120	48	0
121	0	0.406
121	1	0.455
121	2	0.071
121	3	0.077
121	4	0.062
121	5	0.333
121	6	0
121	7	0.2
121	8	0
121	9	0
121	10	0.25
121	11	0.059
121	12	0.167
121	13	0.095
121	14	0
121	15	0
121	16	0
121	17	0
121	18	0
121	19	0
121	20	0
121	21	0
121	22	0
121	33	0
121	34	0
121	35	0
121	36	0.167
121	37	0
121	38	0
121	39	0
121	40	0
121	41	0
121	42	0.111
121	43	0
121	44	0.032
121	45	0
121	46	0
121	47	0
121	48	0
122	1	0.231
122	2	0.625
122	3	0.583
122	4	0.333
122	5	0.455
122	6	0.231
122	7	0.231
122	8	0.154
122	9	0.261
122	10	0.6
122	11	0.605
122	12	0.5
122	22	0
122	23	0
122	24	0
122	25	0
122	26	0
122	27	0
122	28	0
122	29	0.111
122	30	0
122	31	0.036
122	33	0.129
122	34	0
122	35	0
122	36	0
122	37	0
122	38	0
122	39	0
122	40	0
122	41	0
122	42	0
122	43	0
122	44	0
122	45	0
122	46	0
122	47	0
122	48	0
123	0	0.133
123	1	0.167
123	2	0.25
123	3	0.2
123	4	0.2
123	5	0
123	6	0
123	7	0
123	8	0
123	9	0
123	10	0
123	11	0.111
123	12	0.5
123	13	0.444
123	14	0.2
123	15	0.312
123	16	0
123	17	0.154
123	18	0.3
123	19	0.333
123	20	0.3
123	21	0.333
123	22	0.467
123	23	0.667
123	24	0.702
123	25	0.478
123	26	0.25
123	27	0
123	28	0
123	29	0.333
123	30	0.333
123	31	0
123	32	0
123	33	0
123	34	0
123	35	0
123	36	0
123	38	0
123	39	0
123	40	0
123	41	0
123	42	0
123	43	0
123	44	0
123	45	0
123	46	0
123	47	0
123	48	0
124	0	0.302
124	1	0.167
124	2	0.308
124	3	0.143
124	4	0
124	5	0.125
124	6	0
124	7	0.182
124	8	0
124	9	0.286
124	10	0.214
124	11	0.174
124	12	0.083
124	13	0.219
124	22	0
124	24	0.667
124	25	0.562
124	26	0.4
124	27	0.636
124	28	0.375
124	29	0.143
124	30	0.583
124	31	0.238
124	32	0.2
124	33	0.2
124	34	0.25
124	36	0.143
124	37	0.2
124	38	0
124	39	0
124	40	0
124	41	0.333
124	42	0
124	43	0
124	44	0
124	45	0
124	46	0
124	47	0
124	48	0
125	0	0.875
125	1	0.643
125	2	0.5
125	3	0.667
125	4	0.2
125	5	0.375
125	6	0.167
125	7	0.5
125	8	0.8
125	9	0.5
125	10	0.8
125	11	0.821
125	12	0.821
125	13	0.375
125	14	0.333
125	15	0.267
125	16	0.333
125	17	0.188
125	18	0.25
125	19	0.222
125	20	0.167
125	21	0.167
125	22	0.133
125	23	0.833
125	24	0.361
125	25	0.375
125	26	0.357
125	27	0.25
125	28	0.222
125	29	0.2
125	30	0.286
125	31	0.542
125	32	0.167
125	33	0.5
125	34	0.286
125	35	0
125	36	0
125	37	0.429
125	38	0
125	39	0
126	0	0.472
126	1	0.721
126	2	0.5
126	3	0.6
126	4	0.3
126	5	0.364
126	6	0
126	18	1
126	19	0.25
126	20	0
126	21	1
126	22	0.167
126	24	0.333
126	25	0.444
126	26	0.333
126	27	0.333
126	28	0
126	29	1
126	30	0.167
126	31	0
126	33	0
126	34	0
126	35	0
126	36	0
126	37	0
126	38	0
126	39	0
126	40	0
126	41	0
126	42	0
126	43	0
126	44	0
126	45	0
126	46	0
126	47	0
126	48	0
127	0	0.333
127	1	0.667
127	2	0.286
127	3	0.2
127	4	0.4
127	5	0.2
127	6	0.6
127	7	0.5
127	8	0.75
127	9	0.588
127	10	0.346
127	11	0.571
127	12	0.389
127	13	0.433
127	14	0.353
127	15	0.2
127	16	0.286
127	17	0.3
127	18	0.286
127	19	0.455
127	20	0.667
127	21	0
127	22	0.529
127	23	0.778
127	24	0.469
127	25	0.4
127	26	0.4
127	27	0.167
127	28	0.25
127	29	0
127	30	0.4
127	31	0.091
127	32	0
127	33	0
127	34	0
127	35	0
127	36	0
127	37	0
127	38	0
127	39	0
127	40	0
127	41	0
127	42	0
127	43	0
127	44	0
127	45	0
127	46	0
127	47	0
127	48	0
128	0	0.2
128	1	0.192
128	2	0.231
128	3	0
128	4	0.25
128	5	0
128	6	0
128	7	0
128	8	0
128	9	0
128	10	0.333
128	11	0.375
128	12	0.5
128	13	0.375
128	14	0.5
128	15	0.25
128	17	0
128	18	0.5
128	19	0
128	20	0.5
128	21	0
128	22	0.429
128	23	1
128	24	0.632
128	25	0.308
128	26	0.333
128	27	0.263
128	28	0.2
128	29	0.267
128	30	0.308
128	31	0.261
128	32	0
128	33	0
128	34	0.125
128	35	0
128	36	0.167
128	37	0
128	38	0
128	39	0
128	40	0
128	41	0.182
128	42	0.143
128	43	0
128	44	0
128	45	0
128	46	0
128	47	0
128	48	0
129	0	0.344
129	1	0.292
129	2	0.308
129	3	0.167
129	4	0.053
129	5	0.182
129	6	0.136
129	7	0.1
129	8	0.353
129	9	0.304
129	10	0.227
129	11	0.481
129	12	0.091
129	13	0.133
129	14	0.111
129	15	0
129	16	0
129	17	0
129	18	0
129	19	0
129	20	0.2
129	21	0
129	22	0
129	23	0
129	24	0.053
129	25	0
129	26	0
129	27	0
129	28	0
129	29	0
129	30	0
129	31	0.077
129	32	0
129	33	0
129	34	0
129	35	0
129	36	0
129	37	0
129	38	0
129	39	0
129	40	0
129	41	0
129	42	0
129	43	0
130	0	0.355
130	1	0.37
130	2	0.278
130	3	0.143
130	4	0.176
130	5	0.25
130	6	0.125
130	7	0.077
130	8	1
130	9	0
130	10	0.083
130	11	0.5
130	12	0.56
130	13	0.283
130	14	0.278
130	15	0.25
130	16	0.333
130	17	0.2
130	18	0.364
130	19	0
130	20	0
130	21	0.5
130	43	0
130	44	0
130	45	0
130	46	0
130	47	0
131	14	0.133
131	15	0.111
131	16	0
131	17	0.111
131	18	0
131	19	0
131	20	0
131	21	0.091
131	22	0.12
131	23	0.312
131	24	0.38
131	25	0.283
131	26	0.115
131	27	0.125
131	28	0
131	29	0.053
131	30	0.043
131	31	0.061
131	32	0
131	33	0.143
131	34	0
131	35	0
131	36	0
131	37	0
131	38	0
131	39	0
131	40	0
132	0	0.585
132	1	0.579
132	2	0.55
132	3	0.455
132	4	0.333
132	5	1
132	6	0.5
132	7	0.667
132	8	1
132	9	1
132	10	0.5
132	11	1
132	12	1
132	13	1
132	14	1
132	15	1
132	17	1
132	18	0
132	19	0.667
132	20	0
132	22	0.25
132	23	0
132	24	0.444
132	25	0.2
132	26	0.5
132	27	0
132	28	0
132	29	0
132	30	0
132	36	0
132	37	0
132	38	0
132	39	0
132	40	0
132	41	0.095
132	42	0.091
132	43	0
132	44	0
132	45	0
132	46	0
132	47	0
132	48	0
133	0	0
133	1	0
133	2	0
133	3	0
133	4	0.333
133	5	0.333
133	6	0.311
133	7	0.286
133	8	0.455
133	9	0.48
133	10	0.556
133	11	0.514
133	12	0
133	13	0.2
133	14	0.5
133	15	0
133	16	0
133	17	0
133	18	0
133	19	0
133	20	0
133	21	0
133	22	0
133	23	0
133	24	0.125
133	25	0
133	26	0
133	27	0
133	28	0
133	29	0.25
133	30	0.143
133	31	0.2
133	32	0
133	33	0
133	34	0
133	35	0
133	36	0
133	37	0
133	38	0
133	39	0
133	40	0
133	41	0
133	42	0
133	43	0
133	44	0
133	45	0
133	46	0
133	47	0
133	48	0
134	0	0.12
134	1	0.14
134	2	0.045
134	3	0
134	4	0
134	5	0
134	6	0.083
134	7	0
134	11	0.758
134	12	0.69
134	13	0.583
134	14	0.2
134	15	0.273
134	16	0.308
134	17	0.5
134	47	0.024
134	48	0
135	7	0
135	8	0
135	9	0
135	10	0.133
135	11	0.1
135	12	0.107
135	13	0.053
135	14	0.13
135	15	0.214
135	16	0
135	17	0.176
135	18	0.348
135	19	0.111
135	20	0.1
135	21	0.286
135	22	0.133
135	23	0.5
135	24	0.737
135	25	0.625
135	26	0.385
135	27	0
135	28	0
135	29	0
135	30	0.333
135	31	0.125
135	33	0
135	34	0
135	36	0.2
135	37	0.667
135	38	0
135	39	0
135	40	0
135	41	0
135	42	0
135	43	0
135	44	0
136	0	0.343
136	1	0.273
136	2	0.2
136	3	0.214
136	4	0.091
136	5	0.167
136	6	0
136	7	0.111
136	8	0
136	9	0.375
136	24	0.273
136	25	0
136	26	0
136	27	0
136	28	0.071
136	29	0
136	30	0.036
136	31	0.029
136	32	0
136	33	0
136	34	0
136	35	0
136	36	0
136	37	0
136	38	0
136	44	0
136	45	0
136	46	0
136	47	0
137	9	0
137	10	0.316
137	11	0.25
137	12	0.333
137	13	0.333
137	14	0.438
137	15	0.222
137	16	0.667
137	17	0.6
137	18	0.333
137	19	0.556
137	20	0.333
137	21	0
137	22	0.5
137	38	0
137	39	0
137	40	0
137	41	0
137	42	0
137	43	0
137	44	0
137	45	0
137	46	0
137	47	0
137	48	0
138	0	0.286
138	1	0.625
138	2	0.4
138	3	0.25
138	4	0.4
138	5	0
138	6	0
138	7	0
138	8	0
138	9	0
138	10	0
138	11	0.1
138	12	0.25
138	13	0.556
138	14	0.5
138	15	0.2
138	16	0
138	17	0
138	18	0
138	19	0
138	20	0
138	21	0
138	22	0.2
138	23	0.5
138	24	0.414
138	25	0.4
138	26	0.364
138	27	0.294
138	28	0.333
138	29	0.417
138	30	0.095
138	31	0.227
138	32	0
138	33	0
138	34	0
138	35	0
138	37	0
138	38	0
138	39	0
138	40	0
138	41	0
138	42	0
138	43	0
138	44	0
138	45	0
138	46	0
138	47	0
138	48	0
139	0	0.315
139	1	0.231
139	2	0
139	3	0.2
139	4	0.25
139	5	0.25
139	6	0
139	7	0.2
139	9	0
139	10	0.167
139	11	0.222
139	12	0.25
139	13	0.125
139	14	0.286
139	15	0
139	16	0
139	17	0
139	18	0
139	19	0.333
139	21	0
139	22	0
139	23	0.5
139	24	0.545
139	25	0.25
139	26	0.2
139	27	0.5
139	28	0
139	29	0.25
139	30	0.143
139	31	0.235
139	32	0
139	33	0
139	34	0
139	35	0.375
139	36	0.25
139	37	0.182
139	38	0
139	39	0
139	40	0
139	41	0
139	42	0
139	43	0
139	44	0
139	45	0
139	46	0
139	47	0
139	48	0
140	0	0.667
140	1	0.527
140	2	0.4
140	3	0.333
140	4	0.333
140	5	0.545
140	6	0.263
140	7	0.222
140	8	0.3
140	9	0.154
140	10	0.444
140	11	0.467
140	12	0.5
140	13	0.704
140	14	0.722
140	15	0.182
140	17	0
140	18	0
140	19	0.2
140	20	0.25
140	21	0.25
140	22	0.4
140	23	0.25
140	24	0.304
140	25	0.105
140	26	0.091
140	27	0.125
141	0	0.182
141	1	0.091
141	2	0
141	3	0
141	4	0.25
141	5	0
141	6	0.5
141	7	0.333
141	8	0
141	10	0.143
141	11	0.2
141	12	0.385
141	13	0.533
141	14	0.522
141	15	0.412
141	16	1
141	17	0.625
141	18	0.455
141	19	0.375
141	20	0.111
141	21	0.5
141	22	0.333
141	23	0.875
141	24	1
141	27	0
141	28	0.1
141	29	0
141	30	0.167
141	31	0.083
141	32	0
141	33	0.143
141	34	0.333
141	35	0
141	36	0
141	37	0
141	38	0
141	39	0
141	40	0
141	41	0
141	42	0
141	43	0
141	44	0
141	45	0
141	46	0
141	47	0.143
141	48	0
142	0	0
142	1	0
142	2	0
142	3	0
142	4	0
142	5	0
142	6	0
142	7	0
142	8	0
142	9	0
142	10	0
142	11	0
142	12	0
142	13	0
142	14	0
142	15	0
142	16	0
142	17	0
142	18	0
142	19	0
142	20	0.2
142	21	0.5
142	22	0.111
142	23	0.6
142	24	0.581
142	25	0.385
142	26	0.37
142	27	0.4
142	28	0.455
142	29	0.385
142	30	0.417
142	31	0.333
142	33	0.333
142	34	0
142	35	0
142	36	0
142	37	1
142	38	0
142	39	0
142	40	0
142	41	0.333
142	43	0
142	44	0
142	45	0
142	47	0
142	48	0
143	0	0.385
143	1	0.214
143	2	0.143
143	3	0.222
143	4	0.182
143	5	0.2
143	6	0
143	7	0.167
143	8	0
143	10	0.2
143	11	0.4
143	12	0.267
143	13	0.2
143	27	0
143	28	0
143	29	0
143	30	0
143	31	0
143	32	0
143	33	0.083
143	34	0.182
143	35	0
143	36	0.125
143	37	0.111
143	38	0
143	39	0
143	40	0
143	41	0
143	42	0.091
143	43	0
143	44	0
143	45	0
143	46	0
143	47	0
143	48	0
