"time"	"distance"	"value"
36	0	0.487
36	1	0.691
36	2	0.446
36	3	0.159
36	4	0.179
36	5	0.087
36	6	0.362
36	7	0.286
36	8	0.333
36	9	0.423
36	10	0.327
36	11	0.5
36	12	0.579
36	13	0.571
36	14	0.534
36	15	0.597
36	16	0.603
36	17	0.328
36	18	0.206
36	19	0.162
36	20	0.118
36	21	0.08
36	22	0.164
36	23	0.2
36	24	0.206
36	25	0.122
36	26	0.071
36	27	0.133
36	28	0.207
36	29	0.056
36	30	0
36	31	0
36	32	0.026
36	33	0.05
36	34	0
36	35	0
36	36	0
36	37	0
36	38	0
36	39	0.022
36	40	0.029
36	41	0.085
36	42	0.05
36	43	0.083
36	44	0.365
37	0	0.231
37	1	0.464
37	2	0.364
37	3	0.1
37	4	0.1
37	5	0.125
37	6	0
37	7	0.125
37	8	0.286
37	9	0.167
37	10	0
37	11	0.333
37	12	0.222
37	13	0.292
37	14	0.333
37	15	0.35
37	16	0.438
37	17	0.368
37	18	0.381
37	19	0.462
37	20	0.273
37	21	0.25
37	22	0.588
37	23	0.487
37	24	0.417
37	25	0.3
37	26	0.2
37	27	0.071
37	28	0.038
37	29	0
37	30	0
37	31	0.1
37	32	0.083
37	33	0
37	34	0
37	35	0
37	36	0
37	37	0
37	38	0
37	39	0
37	40	0
37	41	0
37	42	0
37	43	0
37	44	0.333
38	0	0.4
38	1	0.692
38	2	0.52
38	3	0.176
38	4	0.2
38	5	0
38	6	0.316
38	7	0.286
38	8	0.4
38	9	0.333
38	10	0.125
38	11	0.417
38	12	0.429
38	13	0.438
38	14	0.483
38	15	0.55
38	16	0.5
38	17	0.273
38	18	0.161
38	19	0.211
38	20	0.062
38	21	0
38	22	0.043
38	23	0.143
38	24	0.25
38	25	0.067
38	26	0.05
38	27	0
38	28	0.042
38	29	0
38	30	0
38	31	0
38	32	0
38	33	0
38	34	0
38	35	0
38	36	0
38	37	0
38	38	0
38	39	0
38	40	0
38	41	0
38	42	0
38	43	0.125
38	44	0.229
39	0	0.341
39	1	0.641
39	2	0.407
39	3	0.25
39	4	0.235
39	5	0.4
39	6	0.364
39	7	0.308
39	8	0.357
39	9	0.364
39	10	0.273
39	11	0.391
39	12	0.361
39	13	0.512
39	14	0.48
39	15	0.519
39	16	0.571
39	17	0.37
39	18	0.424
39	19	0.429
39	20	0.095
39	21	0.231
39	22	0.316
39	23	0.581
39	24	0.25
39	25	0.267
39	26	0.16
39	27	0.136
39	28	0.091
39	29	0.083
39	30	0.133
39	31	0.286
39	32	0.231
39	33	0.067
39	34	0
39	35	0
39	36	0.077
39	37	0.043
39	38	0.056
39	39	0
39	40	0
39	41	0.105
39	42	0.167
39	43	0.25
39	44	0.588
40	0	0.489
40	1	0.725
40	2	0.545
40	3	0.385
40	4	0.389
40	5	0.25
40	6	0.409
40	7	0.357
40	8	0.5
40	9	0.667
40	10	0.333
40	11	0.609
40	12	0.647
40	13	0.707
40	14	0.714
40	15	0.6
40	16	0.667
40	17	0.5
40	18	0.3
40	19	0.286
40	20	0.15
40	21	0.286
40	22	0.353
40	23	0.412
40	24	0.333
40	25	0.217
40	26	0.174
40	27	0.2
40	28	0.27
40	29	0.036
40	30	0.1
40	31	0.077
40	32	0.2
40	33	0
40	34	0
40	35	0
40	36	0.1
40	37	0.048
40	38	0.067
40	39	0
40	40	0.053
40	41	0.056
40	42	0.255
40	43	0.1
40	44	0.351
41	0	0.493
41	1	0.605
41	2	0.371
41	3	0.087
41	4	0.087
41	5	0.067
41	6	0.091
41	7	0.278
41	8	0.176
41	9	0.167
41	10	0.286
41	11	0.351
41	12	0.5
41	13	0.409
41	14	0.548
41	15	0.39
41	16	0.378
41	17	0.229
41	18	0.256
41	19	0.192
41	20	0.222
41	21	0.4
41	22	0.289
41	23	0.385
41	24	0.25
41	25	0.4
41	26	0.233
41	27	0.182
41	28	0.278
41	29	0.119
41	30	0.056
41	31	0.2
41	32	0.143
41	33	0.2
41	34	0.286
41	35	0.1
41	36	0.167
41	37	0.111
41	38	0.143
41	39	0.067
41	40	0.143
41	41	0.172
41	42	0
41	43	0.182
41	44	0.222
42	0	0.344
42	1	0.435
42	2	0.263
42	3	0.231
42	4	0.056
42	5	0
42	6	0.188
42	7	0
42	8	0.25
42	9	0.182
42	10	0.1
42	11	0.304
42	12	0.4
42	13	0.611
42	14	0.44
42	15	0.409
42	16	0.433
42	17	0.222
42	18	0.192
42	19	0.154
42	20	0.105
42	21	0
42	22	0.211
42	23	0.246
42	24	0.25
42	25	0.133
42	26	0.04
42	27	0.1
42	28	0.167
42	29	0
42	30	0
42	31	0
42	32	0.056
42	33	0
42	34	0
42	35	0
42	36	0
42	37	0
42	38	0
42	39	0
42	40	0
42	41	0
42	42	0
42	43	0.111
42	44	0.127
43	0	0.42
43	1	0.4
43	2	0.406
43	3	0.083
43	4	0.158
43	5	0.125
43	6	0.258
43	7	0.312
43	8	0.348
43	9	0.278
43	10	0.417
43	11	0.35
43	12	0.477
43	13	0.518
43	14	0.439
43	15	0.39
43	16	0.303
43	17	0.3
43	18	0.225
43	19	0.167
43	20	0.229
43	21	0.375
43	22	0.132
43	23	0.295
43	24	0.211
43	25	0.273
43	26	0.143
43	27	0.107
43	28	0.18
43	29	0
43	30	0
43	31	0
43	32	0.042
43	33	0.056
43	34	0
43	35	0
43	36	0
43	37	0
43	38	0
43	39	0
43	40	0.095
43	41	0.148
43	42	0.091
43	43	0.273
43	44	0.185
44	0	0.565
44	1	0.789
44	2	0.69
44	3	0.35
44	4	0.522
44	5	0.312
44	6	0.583
44	7	0.636
44	8	0.438
44	9	0.6
44	10	0.625
44	11	0.562
44	12	0.682
44	13	0.627
44	14	0.581
44	15	0.629
44	16	0.677
44	17	0.5
44	18	0.378
44	19	0.353
44	20	0.308
44	21	0.353
44	22	0.409
44	23	0.54
44	24	0.625
44	25	0.429
44	26	0.321
44	27	0.08
44	28	0.115
44	29	0
44	30	0
44	31	0
44	32	0.04
44	33	0
44	34	0
44	35	0
44	36	0
44	37	0
44	38	0
44	39	0
44	40	0
44	41	0.182
44	42	0.261
44	43	0.143
44	44	0.316
45	0	0.4
45	1	0.617
45	2	0.5
45	3	0.267
45	4	0.222
45	5	0.12
45	6	0.237
45	7	0.25
45	8	0.333
45	9	0.304
45	10	0.263
45	11	0.426
45	12	0.534
45	13	0.557
45	14	0.538
45	15	0.558
45	16	0.426
45	17	0.271
45	18	0.242
45	19	0.192
45	20	0.159
45	21	0.188
45	22	0.258
45	23	0.345
45	24	0.343
45	25	0.229
45	26	0.204
45	27	0.175
45	28	0.028
45	29	0.044
45	30	0.061
45	31	0.05
45	32	0.059
45	33	0
45	34	0.125
45	35	0
45	36	0
45	37	0.051
45	38	0
45	39	0.032
45	40	0.062
45	41	0.179
45	42	0.125
45	43	0.077
45	44	0.271
46	0	0.393
46	1	0.429
46	2	0.355
46	3	0.194
46	4	0.286
46	5	0.111
46	6	0.156
46	7	0.182
46	8	0.304
46	9	0.16
46	10	0.25
46	11	0.275
46	12	0.383
46	13	0.354
46	14	0.367
46	15	0.292
46	16	0.175
46	17	0.179
46	18	0.122
46	19	0.08
46	20	0
46	21	0.158
46	22	0.167
46	23	0.281
46	24	0.143
46	25	0.174
46	26	0.098
46	27	0.154
46	28	0.08
46	29	0.026
46	30	0.08
46	31	0.056
46	32	0.067
46	33	0
46	34	0
46	35	0
46	36	0
46	37	0.027
46	38	0
46	39	0
46	40	0.036
46	41	0.083
46	42	0.071
46	43	0
46	44	0.135
47	0	0.4
47	1	0.475
47	2	0.333
47	3	0.231
47	4	0.091
47	5	0.1
47	6	0.286
47	7	0.111
47	8	0.385
47	9	0.375
47	10	0.375
47	11	0.304
47	12	0.423
47	13	0.438
47	14	0.5
47	15	0.318
47	16	0.316
47	17	0.25
47	18	0.154
47	19	0.3
47	20	0.111
47	21	0.167
47	22	0.211
47	23	0.355
47	24	0.333
47	25	0.263
47	26	0.333
47	27	0.056
47	28	0.04
47	29	0
47	30	0
47	31	0
47	32	0.067
47	33	0
47	34	0
47	35	0
47	36	0
47	37	0
47	38	0
47	39	0
47	40	0.059
47	41	0.286
47	42	0
47	43	0
47	44	0.18
48	0	0.661
48	1	0.794
48	2	0.703
48	3	0.633
48	4	0.545
48	5	0.294
48	6	0.6
48	7	0.368
48	8	0.478
48	9	0.579
48	10	0.467
48	11	0.574
48	12	0.721
48	13	0.641
48	14	0.745
48	15	0.707
48	16	0.609
48	17	0.239
48	18	0.283
48	19	0.258
48	20	0.2
48	21	0.348
48	22	0.212
48	23	0.292
48	24	0.217
48	25	0.207
48	26	0.175
48	27	0.171
48	28	0.179
48	29	0
48	30	0
48	31	0
48	32	0.088
48	33	0.04
48	34	0
48	35	0
48	36	0
48	37	0.026
48	38	0
48	39	0.036
48	40	0.12
48	41	0.057
48	42	0.115
48	43	0
48	44	0
49	0	0.481
49	1	0.54
49	2	0.419
49	3	0.333
49	4	0.318
49	5	0.267
49	6	0.267
49	7	0.25
49	8	0.267
49	9	0.278
49	10	0.25
49	11	0.412
49	12	0.447
49	13	0.536
49	14	0.538
49	15	0.469
49	16	0.486
49	17	0.395
49	18	0.286
49	19	0.294
49	20	0.133
49	21	0.133
49	22	0.286
49	23	0.286
49	24	0.15
49	25	0.043
49	26	0.143
49	27	0.056
49	28	0.14
49	29	0.033
49	30	0.056
49	31	0
49	32	0.037
49	33	0
49	34	0
49	35	0
49	36	0
49	37	0
49	38	0
49	39	0
49	40	0.1
49	41	0.138
49	42	0.125
49	43	0.091
49	44	0.048
50	0	0.39
50	1	0.446
50	2	0.429
50	3	0.414
50	4	0.25
50	5	0.118
50	6	0.344
50	7	0.353
50	8	0.143
50	9	0.158
50	10	0.353
50	11	0.375
50	12	0.468
50	13	0.564
50	14	0.622
50	15	0.651
50	16	0.556
50	17	0.463
50	18	0.389
50	19	0.4
50	20	0.259
50	21	0.333
50	22	0.441
50	23	0.475
50	24	0.32
50	25	0.318
50	26	0.314
50	27	0.138
50	28	0.16
50	29	0.071
50	30	0.059
50	31	0
50	32	0.043
50	33	0.043
50	34	0
50	35	0
50	36	0.062
50	37	0.042
50	38	0.111
50	39	0.034
50	40	0.238
50	41	0.067
50	42	0
50	43	0
50	44	0.431
51	0	0.333
51	1	0.394
51	2	0.324
51	3	0.226
51	4	0.208
51	5	0.118
51	6	0.2
51	7	0.304
51	8	0.296
51	9	0.286
51	10	0.3
51	11	0.243
51	12	0.372
51	13	0.453
51	14	0.383
51	15	0.255
51	16	0.404
51	17	0.327
51	18	0.4
51	19	0.296
51	20	0.29
51	21	0.385
51	22	0.242
51	23	0.3
51	24	0.24
51	25	0.185
51	26	0.175
51	27	0.07
51	28	0.098
51	29	0.043
51	30	0
51	31	0.042
51	32	0.071
51	33	0
51	34	0
51	35	0
51	36	0
51	37	0
51	38	0.037
51	39	0
51	40	0.033
51	41	0.2
51	42	0.1
51	43	0.091
51	44	0.526
52	0	0.45
52	1	0.513
52	2	0.385
52	3	0.211
52	4	0.333
52	5	0.273
52	6	0.391
52	7	0.273
52	8	0.5
52	9	0.462
52	10	0.308
52	11	0.6
52	12	0.531
52	13	0.667
52	14	0.686
52	15	0.629
52	16	0.704
52	17	0.469
52	18	0.485
52	19	0.368
52	20	0.364
52	21	0.188
52	22	0.391
52	23	0.537
52	24	0.588
52	25	0.421
52	26	0.308
52	27	0.206
52	28	0.271
52	29	0.053
52	30	0.056
52	31	0.083
52	32	0.2
52	33	0.143
52	34	0.2
52	35	0
52	36	0
52	37	0.16
52	38	0.235
52	39	0.231
52	40	0.174
52	41	0.25
52	42	0.1
52	43	0.615
52	44	0.5
53	0	0.414
53	1	0.54
53	2	0.366
53	3	0.346
53	4	0.351
53	5	0.391
53	6	0.372
53	7	0.4
53	8	0.333
53	9	0.333
53	10	0.44
53	11	0.472
53	12	0.569
53	13	0.529
53	14	0.523
53	15	0.452
53	16	0.49
53	17	0.259
53	18	0.229
53	19	0.171
53	20	0.13
53	21	0.25
53	22	0.167
53	23	0.279
53	24	0.286
53	25	0.121
53	26	0.167
53	27	0.113
53	28	0.158
53	29	0.052
53	30	0.083
53	31	0.034
53	32	0.195
53	33	0.1
53	34	0
53	35	0.08
53	36	0.059
53	37	0.045
53	38	0.03
53	39	0
53	40	0.108
53	41	0.216
53	42	0.114
53	43	0.071
53	44	0.124
54	0	0.324
54	1	0.222
54	2	0.25
54	3	0.188
54	4	0.286
54	5	0
54	6	0.167
54	7	0
54	8	0.214
54	9	0.222
54	10	0.167
54	11	0.222
54	12	0.217
54	13	0.324
54	14	0.667
54	15	0.593
54	16	0.524
54	17	0.143
54	18	0.188
54	19	0.2
54	20	0.143
54	21	0.118
54	22	0.167
54	23	0.154
54	24	0.077
54	25	0
54	26	0
54	27	0.111
54	28	0
54	29	0
54	30	0
54	31	0
54	32	0
54	33	0.077
54	34	0
54	35	0
54	36	0
54	37	0
54	38	0
54	39	0
54	40	0
54	41	0.125
54	42	0
54	43	0
54	44	0.273
55	0	0.354
55	1	0.359
55	2	0.143
55	3	0.353
55	4	0.174
55	5	0.167
55	6	0.222
55	7	0.25
55	8	0.25
55	9	0.25
55	10	0.111
55	11	0.36
55	12	0.45
55	13	0.415
55	14	0.387
55	15	0.32
55	16	0.381
55	17	0.25
55	18	0.125
55	19	0.087
55	20	0
55	21	0
55	22	0.107
55	23	0.341
55	24	0.278
55	25	0.235
55	26	0.16
55	27	0.103
55	28	0.143
55	29	0
55	30	0
55	31	0.062
55	32	0.2
55	33	0
55	34	0
55	35	0
55	36	0
55	37	0
55	38	0
55	39	0
55	40	0.056
55	41	0.115
55	42	0.333
55	43	0
55	44	0.033
56	0	0.283
56	1	0.426
56	2	0.286
56	3	0.25
56	4	0.222
56	5	0.231
56	6	0.308
56	7	0.25
56	8	0.364
56	9	0.125
56	10	0.308
56	11	0.2
56	12	0.452
56	13	0.537
56	14	0.382
56	15	0.229
56	16	0.394
56	17	0.212
56	18	0.195
56	19	0.105
56	20	0.111
56	21	0.429
56	22	0.233
56	23	0.275
56	24	0.273
56	25	0.136
56	26	0.192
56	27	0.167
56	28	0.333
56	29	0.156
56	30	0.222
56	31	0.125
56	32	0.182
56	33	0.133
56	34	0.071
56	35	0.2
56	36	0.1
56	37	0.143
56	38	0.182
56	39	0.167
56	40	0.222
56	41	0.167
56	42	0.2
56	43	0.125
56	44	0.145
57	0	0.291
57	1	0.338
57	2	0.231
57	3	0.116
57	4	0.143
57	5	0.167
57	6	0.174
57	7	0.136
57	8	0.071
57	9	0.148
57	10	0.087
57	11	0.19
57	12	0.197
57	13	0.247
57	14	0.259
57	15	0.228
57	16	0.28
57	17	0.132
57	18	0.125
57	19	0.161
57	20	0.1
57	21	0.037
57	22	0.146
57	23	0.088
57	24	0.091
57	25	0.073
57	26	0
57	27	0.061
57	28	0.203
57	29	0.018
57	30	0
57	31	0
57	32	0.138
57	33	0.033
57	34	0
57	35	0.053
57	36	0
57	37	0.026
57	38	0.033
57	39	0.028
57	40	0.094
57	41	0.176
57	42	0
57	43	0.435
57	44	0.451
58	0	0.087
58	1	0.214
58	2	0.1
58	3	0.2
58	4	0.125
58	5	0.143
58	6	0.15
58	7	0.143
58	8	0.167
58	9	0.2
58	10	0.167
58	11	0.286
58	12	0.1
58	13	0.125
58	14	0.235
58	15	0.05
58	16	0.143
58	17	0.118
58	18	0.12
58	19	0
58	20	0
58	21	0
58	22	0
58	23	0.13
58	24	0.1
58	25	0
58	26	0.062
58	27	0
58	28	0
58	29	0
58	30	0
58	31	0
58	32	0
58	33	0
58	34	0
58	35	0
58	36	0
58	37	0
58	38	0
58	39	0
58	40	0
58	41	0.412
58	42	0
58	43	0.2
58	44	0.483
59	0	0.273
59	1	0.207
59	2	0.133
59	3	0.125
59	4	0.056
59	5	0.143
59	6	0.158
59	7	0
59	8	0.231
59	9	0.222
59	10	0.2
59	11	0.25
59	12	0.393
59	13	0.417
59	14	0.269
59	15	0.296
59	16	0.348
59	17	0.087
59	18	0.143
59	19	0.2
59	20	0
59	21	0.083
59	22	0.125
59	23	0.067
59	24	0.083
59	25	0.056
59	26	0.05
59	27	0.045
59	28	0.077
59	29	0
59	30	0
59	31	0.1
59	32	0.167
59	33	0
59	34	0
59	35	0
59	36	0
59	37	0
59	38	0
59	39	0
59	40	0.056
59	41	0.059
59	42	0
59	43	0.591
59	44	0.34
60	0	0.143
60	1	0.167
60	2	0.05
60	3	0
60	4	0.056
60	5	0
60	6	0.048
60	7	0.083
60	8	0
60	9	0.083
60	10	0
60	11	0.1
60	12	0.1
60	13	0.209
60	14	0.278
60	15	0.259
60	16	0.182
60	17	0.107
60	18	0
60	19	0
60	20	0
60	21	0
60	22	0.048
60	23	0.077
60	24	0.105
60	25	0.053
60	26	0.033
60	27	0.154
60	28	0.108
60	29	0
60	30	0
60	31	0.083
60	32	0.12
60	33	0
60	34	0
60	35	0
60	36	0
60	37	0
60	38	0
60	39	0
60	40	0
60	41	0.1
60	42	0
60	43	0
60	44	0.402
61	0	0.31
61	1	0.372
61	2	0.45
61	3	0.625
61	4	0.467
61	5	0.278
61	6	0.176
61	7	0.286
61	8	0.25
61	9	0.214
61	10	0.2
61	11	0.318
61	12	0.172
61	13	0.233
61	14	0.192
61	15	0.25
61	16	0.231
61	17	0.095
61	18	0.103
61	19	0.158
61	20	0.048
61	21	0
61	22	0.111
61	23	0.212
61	24	0.125
61	25	0.048
61	26	0.167
61	27	0.038
61	28	0.065
61	29	0
61	30	0
61	31	0
61	32	0.143
61	33	0
61	34	0
61	35	0
61	36	0
61	37	0
61	38	0
61	39	0
61	40	0.05
61	41	0.167
61	42	0
61	43	0
61	44	0.373
62	0	0.25
62	1	0.302
62	2	0.269
62	3	0.29
62	4	0.2
62	5	0.385
62	6	0.212
62	7	0.167
62	8	0.278
62	9	0.217
62	10	0.25
62	11	0.324
62	12	0.471
62	13	0.385
62	14	0.361
62	15	0.273
62	16	0.241
62	17	0.057
62	18	0.068
62	19	0
62	20	0.067
62	21	0
62	22	0.069
62	23	0.115
62	24	0.048
62	25	0.037
62	26	0
62	27	0.128
62	28	0.059
62	29	0
62	30	0
62	31	0.062
62	32	0.048
62	33	0.042
62	34	0
62	35	0
62	36	0
62	37	0
62	38	0
62	39	0
62	40	0.043
62	41	0.111
62	42	0.222
62	43	0.222
62	44	0.333
63	0	0
63	1	0.12
63	2	0.077
63	3	0.091
63	4	0.091
63	5	0
63	6	0
63	7	0.111
63	8	0
63	9	0
63	10	0
63	11	0.077
63	12	0.071
63	13	0.138
63	14	0
63	15	0.1
63	16	0
63	17	0
63	18	0.118
63	19	0
63	20	0
63	21	0
63	22	0
63	23	0
63	24	0
63	25	0
63	26	0
63	27	0
63	28	0
63	29	0
63	30	0
63	31	0
63	32	0.333
63	33	0
63	34	0
63	35	0
63	36	0
63	37	0
63	38	0
63	39	0
63	40	0
63	41	0.091
63	42	0.027
63	43	0
63	44	0.467
64	0	0.36
64	1	0.383
64	2	0.25
64	3	0.208
64	4	0.381
64	5	0.133
64	6	0.3
64	7	0.312
64	8	0.267
64	9	0.176
64	10	0.333
64	11	0.387
64	12	0.375
64	13	0.489
64	14	0.433
64	15	0.412
64	16	0.484
64	17	0.185
64	18	0.122
64	19	0.188
64	20	0.083
64	21	0.167
64	22	0.111
64	23	0.182
64	24	0.087
64	25	0.1
64	26	0.059
64	27	0.138
64	28	0.103
64	29	0
64	30	0
64	31	0
64	32	0.071
64	33	0.043
64	34	0
64	35	0
64	36	0
64	37	0
64	38	0
64	39	0
64	40	0.143
64	41	0.042
64	42	0
64	43	0.286
64	44	0.374
65	0	0.14
65	1	0.183
65	2	0.143
65	3	0.138
65	4	0.25
65	5	0.111
65	6	0.161
65	7	0.174
65	8	0.2
65	9	0.125
65	10	0.167
65	11	0.243
65	12	0.239
65	13	0.279
65	14	0.317
65	15	0.265
65	16	0.25
65	17	0.206
65	18	0.086
65	19	0.056
65	20	0.125
65	21	0.176
65	22	0.077
65	23	0.149
65	24	0.071
65	25	0.05
65	26	0.097
65	27	0.024
65	28	0
65	29	0
65	30	0
65	31	0
65	32	0
65	33	0
65	34	0
65	35	0
65	36	0
65	37	0
65	38	0
65	39	0
65	40	0.154
65	41	0.179
65	42	0.133
65	43	0.3
65	44	0.052
66	0	0.323
66	1	0.444
66	2	0.286
66	3	0.15
66	4	0.231
66	5	0.091
66	6	0.333
66	7	0.083
66	8	0.308
66	9	0.154
66	10	0.167
66	11	0.269
66	12	0.379
66	13	0.472
66	14	0.48
66	15	0.478
66	16	0.455
66	17	0.333
66	18	0.233
66	19	0.111
66	20	0.059
66	21	0.214
66	22	0.273
66	23	0.29
66	24	0.19
66	25	0.067
66	26	0.074
66	27	0.037
66	28	0.162
66	29	0
66	30	0
66	31	0.091
66	32	0.062
66	33	0
66	34	0
66	35	0
66	36	0
66	37	0
66	38	0
66	39	0
66	40	0
66	41	0.05
66	42	0
66	43	0
66	44	0
67	0	0.333
67	1	0.125
67	2	0.1
67	3	0.143
67	4	0.053
67	5	0
67	6	0.118
67	7	0.222
67	8	0.091
67	9	0.286
67	10	0
67	11	0.176
67	12	0.286
67	13	0.389
67	14	0.286
67	15	0.16
67	16	0.222
67	17	0.062
67	18	0
67	19	0.154
67	20	0.158
67	21	0.182
67	22	0.214
67	23	0.222
67	24	0.235
67	25	0
67	26	0.1
67	27	0
67	28	0.143
67	29	0
67	30	0
67	31	0
67	32	0
67	33	0
67	34	0
67	35	0
67	36	0
67	37	0
67	38	0
67	39	0
67	40	0
67	41	0.125
67	42	0
67	43	0
67	44	1
68	0	0.22
68	1	0.37
68	2	0.344
68	3	0.333
68	4	0.273
68	5	0.154
68	6	0.333
68	7	0.318
68	8	0.357
68	9	0.263
68	10	0.2
68	11	0.333
68	12	0.457
68	13	0.55
68	14	0.545
68	15	0.537
68	16	0.517
68	17	0.298
68	18	0.205
68	19	0.167
68	20	0.156
68	21	0.154
68	22	0.214
68	23	0.227
68	24	0.277
68	25	0.087
68	26	0.148
68	27	0.033
68	28	0
68	29	0
68	30	0
68	31	0
68	32	0.04
68	33	0
68	34	0
68	35	0
68	36	0
68	37	0
68	38	0
68	39	0
68	40	0.056
68	41	0.125
68	42	0
68	43	0.222
68	44	0.13
69	0	0.303
69	1	0.275
69	2	0.3
69	3	0.216
69	4	0.182
69	5	0.133
69	6	0.225
69	7	0.182
69	8	0.136
69	9	0.167
69	10	0.375
69	11	0.273
69	12	0.4
69	13	0.439
69	14	0.231
69	15	0.34
69	16	0.452
69	17	0.184
69	18	0.171
69	19	0.059
69	20	0
69	21	0.067
69	22	0.125
69	23	0.186
69	24	0.091
69	25	0.091
69	26	0.125
69	27	0.217
69	28	0.149
69	29	0.095
69	30	0
69	31	0
69	32	0
69	33	0
69	34	0
69	35	0
69	36	0
69	37	0.08
69	38	0
69	39	0.053
69	40	0.2
69	41	0.188
69	42	0.133
69	43	0.4
69	44	0.182
70	0	0.077
70	1	0.235
70	2	0.385
70	3	0.2
70	4	0.143
70	5	0
70	6	0.077
70	7	0.286
70	8	0
70	9	0.2
70	10	0
70	11	0.083
70	12	0.077
70	13	0.143
70	14	0.125
70	15	0
70	16	0.167
70	17	0.167
70	18	0.333
70	19	0.2
70	20	0.6
70	21	0.25
70	22	0.286
70	23	0.286
70	24	0
70	25	0
70	26	0.4
70	27	0
70	28	0
70	29	0
70	30	0
70	31	0
70	32	0
70	33	0
70	34	0
70	35	0
70	36	0
70	37	0
70	38	0
70	39	0
70	40	0
70	41	0
70	42	0.5
70	43	0
70	44	0.259
71	0	0.2
71	1	0.385
71	2	0.125
71	3	0.125
71	4	0
71	5	0.286
71	6	0.286
71	7	0.333
71	8	0.2
71	9	0.125
71	10	0
71	11	0.462
71	12	0.533
71	13	0.333
71	14	0.385
71	15	0.5
71	16	0.308
71	17	0.067
71	18	0.111
71	19	0.091
71	20	0
71	21	0.2
71	22	0.111
71	23	0.259
71	24	0
71	25	0.182
71	26	0.214
71	27	0.105
71	28	0.19
71	29	0.062
71	30	0
71	31	0.143
71	32	0.1
71	33	0.167
71	34	0
71	35	0
71	36	0
71	37	0.062
71	38	0.111
71	39	0
71	40	0.25
71	41	0
71	42	0.167
71	43	0.25
71	44	0.239
72	0	0.5
72	1	0.362
72	2	0.32
72	3	0.24
72	4	0.19
72	5	0.273
72	6	0.222
72	7	0.083
72	8	0.318
72	9	0.308
72	10	0.333
72	11	0.37
72	12	0.556
72	13	0.535
72	14	0.366
72	15	0.333
72	16	0.355
72	17	0.345
72	18	0.25
72	19	0.091
72	20	0.167
72	21	0.2
72	22	0.214
72	23	0.255
72	24	0.304
72	25	0.19
72	26	0.071
72	27	0.281
72	28	0.21
72	29	0.056
72	30	0.05
72	31	0.188
72	32	0.182
72	33	0.105
72	34	0.077
72	35	0
72	36	0.143
72	37	0.081
72	38	0.077
72	39	0
72	40	0.13
72	41	0.154
72	42	0.333
72	43	0.1
72	44	0.158
75	0	0.386
75	1	0.353
75	2	0.16
75	3	0.231
75	4	0.235
75	5	0.25
75	6	0.238
75	7	0.2
75	8	0.545
75	9	0.1
75	10	0.308
75	11	0.421
75	12	0.344
75	13	0.457
75	14	0.481
75	15	0.333
75	16	0.433
75	17	0.217
75	18	0.257
75	19	0.067
75	20	0.125
75	21	0.05
75	22	0.2
75	23	0.216
75	24	0.143
75	25	0.056
75	26	0.045
75	27	0.167
75	28	0.34
75	29	0.174
75	30	0
75	31	0
75	32	0.062
75	33	0
75	34	0
75	35	0
75	36	0
75	37	0
75	38	0
75	39	0
75	40	0.053
75	41	0.048
75	42	0
75	43	0.25
75	44	0.2
76	0	0.667
76	1	0.25
76	2	0.667
76	3	0.5
76	4	0.5
76	5	0
76	6	0.5
76	7	0
76	8	0
76	9	1
76	10	1
76	11	0.5
76	12	0.667
76	13	0.5
76	14	0.667
76	15	0.6
76	16	1
76	17	1
76	18	0.8
76	19	0
76	20	0
76	21	0.5
76	22	0
76	23	0.25
76	24	1
76	25	0.4
76	26	0
76	27	0
76	28	0
76	29	0
76	30	0
76	31	0
76	32	0
76	33	0
76	35	0
76	36	0
76	37	0
76	38	0
76	39	0
76	40	0
76	41	0
76	43	0
76	44	0
77	0	0.422
77	1	0.609
77	2	0.227
77	3	0.32
77	4	0.235
77	5	0.077
77	6	0.28
77	7	0.231
77	8	0.235
77	9	0.188
77	10	0.25
77	11	0.296
77	12	0.463
77	13	0.471
77	14	0.421
77	15	0.379
77	16	0.448
77	17	0.212
77	18	0.174
77	19	0.25
77	20	0.037
77	21	0.381
77	22	0.241
77	23	0.413
77	24	0.118
77	25	0.059
77	26	0.152
77	27	0.186
77	28	0.154
77	29	0
77	30	0
77	31	0
77	32	0.174
77	33	0
77	34	0
77	35	0
77	36	0
77	37	0
77	38	0
77	39	0
77	40	0.15
77	41	0.038
77	42	0
77	43	0
77	44	0.381
79	0	0.4
79	1	0.578
79	2	0.538
79	3	0.32
79	4	0.25
79	5	0.316
79	6	0.353
79	7	0.412
79	8	0.471
79	9	0.4
79	10	0.5
79	11	0.545
79	12	0.59
79	13	0.646
79	14	0.676
79	15	0.594
79	16	0.621
79	17	0.25
79	18	0.158
79	19	0.1
79	20	0.04
79	21	0.143
79	22	0.231
79	23	0.308
79	24	0.176
79	25	0.278
79	26	0.114
79	27	0.14
79	28	0.032
79	29	0
79	30	0
79	31	0
79	32	0.05
79	33	0
79	34	0
79	35	0
79	36	0
79	37	0
79	38	0
79	39	0
79	40	0.136
79	41	0.037
79	42	0
79	43	0.2
79	44	0.034
80	0	0.333
80	1	0.6
80	2	0
80	3	0
80	4	0
80	5	0
80	6	0.5
80	7	0
80	8	0
80	9	0
80	11	0.333
80	12	0.5
80	13	0.8
80	14	0.667
80	15	1
80	16	1
80	17	0.5
80	18	0.714
80	19	0.8
80	20	1
80	21	0.5
80	22	1
80	23	0.4
80	24	0.5
80	25	0.5
80	26	0
80	27	0
80	28	1
80	29	0
80	30	0
80	31	0
80	32	0
80	33	0
80	34	0
80	35	0
80	37	0
80	38	0
80	39	0
80	40	0
80	41	0
80	42	0
82	0	0.133
82	1	0.389
82	2	0.167
82	3	0
82	4	0
82	5	0
82	6	0.167
82	7	0.286
82	8	0.286
82	9	0.4
82	10	0.75
82	11	0.556
82	12	0.583
82	13	0.667
82	14	0.6
82	15	0.636
82	16	0.643
82	17	0.091
82	18	0.133
82	19	0.2
82	20	0
82	21	0.222
82	22	0
82	23	0.2
82	24	0
82	25	0
82	26	0
82	27	0.167
82	28	0.296
82	29	0
82	30	0
82	31	0
82	32	0
82	33	0
82	34	0
82	35	0
82	36	0
82	37	0
82	38	0
82	39	0
82	40	0
82	41	0.3
82	42	0
82	43	0
82	44	0.222
83	0	0.207
83	1	0.345
83	2	0.231
83	3	0.267
83	4	0.231
83	5	0
83	6	0.25
83	7	0.1
83	8	0.125
83	9	0.091
83	10	0.2
83	11	0.067
83	12	0.286
83	13	0.321
83	14	0.3
83	15	0.2
83	16	0.263
83	17	0
83	18	0.05
83	19	0.077
83	20	0.071
83	21	0.133
83	22	0.111
83	23	0.037
83	24	0.083
83	25	0
83	26	0
83	27	0.1
83	28	0.133
83	29	0
83	30	0
83	31	0
83	32	0.071
83	33	0.125
83	34	0
83	35	0
83	36	0
83	37	0
83	38	0
83	39	0
83	40	0.062
83	41	0.067
83	42	0
83	43	0
83	44	0
84	0	0.167
84	1	0.167
84	2	0.333
84	3	0.167
84	4	0.167
84	5	0
84	6	0.25
84	7	0.2
84	8	0.333
84	9	0.25
84	10	0
84	11	0.125
84	12	0.333
84	13	0.333
84	14	0.429
84	15	0.429
84	16	0.167
84	17	0.571
84	18	0.333
84	19	0
84	20	0.111
84	21	0
84	22	0.2
84	23	0.286
84	24	0.2
84	25	0
84	26	0
84	27	0
84	28	0.571
84	29	0.222
84	30	0.2
84	31	0.5
84	32	0.125
84	33	0.2
84	34	0.333
84	35	0
84	36	0
84	37	0
84	38	0
84	39	0
84	40	0.2
84	41	0.167
84	42	0
84	43	0
85	0	0.27
85	1	0.433
85	2	0.25
85	3	0.176
85	4	0.125
85	5	0.3
85	6	0.235
85	7	0.143
85	8	0.188
85	9	0.25
85	10	0.25
85	11	0.333
85	12	0.361
85	13	0.594
85	14	0.28
85	15	0.375
85	16	0.409
85	17	0.208
85	18	0.083
85	19	0.091
85	20	0.182
85	21	0.286
85	22	0.182
85	23	0.303
85	24	0.273
85	25	0.188
85	26	0.143
85	27	0.161
85	28	0.326
85	29	0.1
85	30	0
85	31	0.222
85	32	0.154
85	33	0.143
85	34	0
85	35	0.143
85	36	0
85	37	0
85	38	0
85	39	0
85	40	0.158
85	41	0.35
85	42	0.267
85	43	0.143
85	44	0.405
86	0	0.429
86	1	0.6
86	2	0.5
86	3	0.5
86	4	0.333
86	5	0.5
86	6	0
86	7	1
86	8	0.5
86	9	0.5
86	11	0.333
86	12	0.75
86	13	1
86	14	1
86	15	1
86	16	1
86	17	1
86	18	0.667
86	19	0.667
86	20	0.5
86	21	0.5
86	22	1
86	23	1
86	24	1
86	25	0.5
86	26	0.25
86	27	0.333
86	28	0.429
86	29	0
86	30	0
86	32	0
86	33	0
86	35	0
86	36	0
86	37	0
86	38	0
86	39	0
86	40	0
86	41	0
86	42	0.167
86	43	0
86	44	0.484
87	0	0.281
87	1	0.375
87	2	0.235
87	3	0.2
87	4	0.259
87	5	0.3
87	6	0.289
87	7	0.263
87	8	0.115
87	9	0.208
87	10	0.417
87	11	0.279
87	12	0.524
87	13	0.479
87	14	0.509
87	15	0.447
87	16	0.569
87	17	0.26
87	18	0.262
87	19	0.206
87	20	0.206
87	21	0.24
87	22	0.222
87	23	0.244
87	24	0.247
87	25	0.226
87	26	0.115
87	27	0.111
87	28	0.068
87	29	0
87	30	0
87	31	0.04
87	32	0.059
87	33	0.04
87	34	0
87	35	0
87	36	0
87	37	0.038
87	38	0.071
87	39	0.059
87	40	0.088
87	41	0.114
87	42	0.121
87	43	0
87	44	0.342
88	2	1
88	3	1
88	4	1
88	5	1
88	6	0
88	8	1
88	10	1
88	11	1
88	12	1
88	13	1
88	14	1
88	15	1
88	16	1
88	17	0
88	18	0
88	19	0
88	20	0
88	22	0
88	23	0
88	24	0
88	25	0
88	26	0
88	27	0
88	28	0
88	29	0
88	30	0
88	31	0
88	33	0
88	35	0
88	37	0
90	0	0.667
90	1	0.909
90	2	0.846
90	3	0.429
90	4	0.556
90	5	0.25
90	6	0.667
90	7	0.6
90	8	0.375
90	9	0.5
90	10	0.667
90	11	0.571
90	12	0.875
90	13	0.81
90	14	0.769
90	15	0.8
90	16	0.533
90	17	0.333
90	18	0.615
90	19	0.444
90	20	0.7
90	21	0.5
90	22	0.417
90	23	0.583
90	24	0.222
90	25	0.333
90	26	0.533
90	27	0.357
90	28	0.4
90	29	0.412
90	30	0.2
90	31	0
90	32	0
90	33	0
90	34	0
90	35	0
90	36	0.143
90	37	0.2
90	38	0.143
90	39	0.111
90	40	0.333
90	41	0.182
90	42	0
90	43	0.2
90	44	0.604
91	0	0.188
91	1	0.143
91	2	0.3
91	3	0.143
91	4	0.167
91	5	0
91	6	0
91	7	0
91	8	0
91	9	0
91	10	0
91	11	0.25
91	12	0.417
91	13	0.571
91	14	0.25
91	15	0.5
91	16	0.444
91	17	0.3
91	18	0.312
91	19	0.111
91	20	0
91	21	0
91	22	0.077
91	23	0.5
91	24	0.5
91	25	0.364
91	26	0.333
91	27	0.294
91	28	0.435
91	29	0.083
91	30	0
91	31	0
91	32	0.111
91	33	0
91	34	0
91	35	0
91	36	0
91	37	0.188
91	38	0.25
91	39	0.111
91	40	0
91	41	0
91	42	0
91	43	0
91	44	0
92	0	0.238
92	1	0.15
92	2	0.2
92	3	0.083
92	4	0.125
92	5	0
92	6	0.3
92	7	0
92	8	0.5
92	9	0.25
92	10	0.667
92	11	0.286
92	12	0.375
92	13	0.478
92	14	0.286
92	15	0.471
92	16	0.778
92	17	0.111
92	18	0.08
92	19	0
92	20	0
92	21	0.222
92	22	0.111
92	23	0.2
92	24	0.091
92	25	0
92	26	0.2
92	27	0.091
92	28	0.192
92	29	0
92	30	0.143
92	31	0
92	32	0.182
92	33	0.222
92	34	0
92	35	0
92	36	0
92	37	0.125
92	38	0.333
92	39	0.1
92	40	0.2
92	41	0.3
92	42	0
92	43	0.25
92	44	0.059
93	0	0.46
93	1	0.64
93	2	0.652
93	3	0.542
93	4	0.484
93	5	0.273
93	6	0.679
93	7	0.5
93	8	0.4
93	9	0.5
93	10	0.667
93	11	0.722
93	12	0.8
93	13	0.755
93	14	0.758
93	15	0.787
93	16	0.796
93	17	0.474
93	18	0.383
93	19	0.423
93	20	0.308
93	21	0.308
93	22	0.364
93	23	0.352
93	24	0.464
93	25	0.308
93	26	0.378
93	27	0.047
93	28	0.07
93	29	0.025
93	30	0
93	31	0.071
93	32	0.04
93	33	0.05
93	34	0.125
93	35	0
93	36	0.083
93	37	0.026
93	38	0.034
93	39	0.083
93	40	0.148
93	41	0.214
93	42	0.231
93	43	0.2
93	44	0.158
95	0	0.294
95	1	0.333
95	2	0.258
95	3	0.111
95	4	0.19
95	5	0.067
95	6	0.259
95	7	0.231
95	8	0.15
95	9	0.333
95	10	0.214
95	11	0.345
95	12	0.385
95	13	0.481
95	14	0.484
95	15	0.455
95	16	0.333
95	17	0.235
95	18	0.07
95	19	0.059
95	20	0.036
95	21	0
95	22	0.03
95	23	0.154
95	24	0.19
95	25	0.043
95	26	0.133
95	27	0.149
95	28	0.15
95	29	0
95	30	0
95	31	0
95	32	0.083
95	33	0
95	34	0
95	35	0
95	36	0
95	37	0
95	38	0
95	39	0
95	40	0.074
95	41	0.3
95	42	0.333
95	43	0.083
95	44	0.089
96	0	0.833
96	1	0.727
96	2	0.25
96	3	0.333
96	4	0
96	5	0.333
96	6	0
96	7	0.5
96	8	1
96	9	0.333
96	10	0.667
96	11	0.8
96	12	0.8
96	13	0.359
96	14	0.857
96	15	0.5
96	16	0.8
96	17	0.75
96	18	0.6
96	19	0.75
96	20	0.5
96	21	0.667
96	22	0.5
96	23	0.857
96	24	0.5
96	25	0.667
96	26	0.375
96	27	0.364
96	28	0.077
96	29	0
96	30	0
96	31	0
96	32	0
96	33	0
96	34	0
96	35	0
96	36	0
96	37	0
96	38	0
96	39	0
96	40	0.333
96	41	0.5
96	43	0.5
96	44	0.8
97	0	0.679
97	1	0.667
97	2	0.571
97	3	0.214
97	4	0.308
97	5	0.375
97	6	0.429
97	7	0.375
97	8	0.429
97	9	0.385
97	10	0.8
97	11	0.55
97	12	0.767
97	13	0.725
97	14	0.72
97	15	0.76
97	16	0.729
97	17	0.381
97	18	0.323
97	19	0.2
97	20	0.062
97	21	0.188
97	22	0.13
97	23	0.256
97	24	0.125
97	25	0.158
97	26	0.143
97	27	0.312
97	28	0.261
97	29	0
97	30	0
97	31	0
97	32	0
97	33	0
97	34	0
97	35	0
97	36	0
97	37	0.122
97	38	0.071
97	39	0
97	40	0.167
97	41	0.25
97	42	0.375
97	43	0.333
97	44	0.11
98	0	0.647
98	1	0.812
98	2	0.286
98	3	0.5
98	4	0.4
98	5	0.8
98	6	0.727
98	7	0.429
98	8	0.667
98	9	0.625
98	10	0.75
98	11	0.733
98	12	0.688
98	13	0.8
98	14	0.684
98	15	0.846
98	16	0.538
98	17	0.188
98	18	0.118
98	19	0
98	20	0
98	21	0
98	22	0
98	23	0.037
98	24	0.2
98	25	0
98	26	0.111
98	27	0.048
98	28	0.12
98	29	0
98	30	0
98	31	0
98	32	0.2
98	33	0
98	34	0
98	35	0
98	36	0
98	37	0
98	38	0
98	39	0
98	40	0
98	41	0.1
98	42	0.333
98	43	0
98	44	0.029
99	0	0.3
99	1	0.333
99	2	0.071
99	3	0.176
99	4	0.133
99	5	0.091
99	6	0.125
99	7	0.25
99	8	0.167
99	9	0.273
99	10	0.4
99	11	0.35
99	12	0.391
99	13	0.276
99	14	0.25
99	15	0.323
99	16	0.32
99	17	0.087
99	18	0.189
99	19	0.067
99	20	0.087
99	21	0.067
99	22	0.381
99	23	0.214
99	24	0.364
99	25	0.143
99	26	0.28
99	27	0.133
99	28	0.041
99	29	0
99	30	0
99	31	0.091
99	32	0.167
99	33	0
99	34	0
99	35	0
99	36	0
99	37	0.091
99	38	0
99	39	0
99	40	0
99	41	0.235
99	42	0.2
99	43	0
99	44	0.275
100	0	0.333
100	1	0.65
100	2	0.333
100	3	0.429
100	4	0.308
100	5	0.2
100	6	0.333
100	7	0.286
100	8	0.25
100	9	0.333
100	10	0.667
100	11	0.643
100	12	0.562
100	13	0.7
100	14	0.812
100	15	0.632
100	16	0.538
100	17	0.333
100	18	0.538
100	19	0.455
100	20	0
100	21	0.5
100	22	0.333
100	23	0.429
100	24	0.333
100	25	0.2
100	26	0.2
100	27	0.185
100	28	0.087
100	29	0
100	30	0
100	31	0
100	32	0
100	33	0
100	34	0
100	35	0
100	36	0
100	37	0
100	38	0
100	39	0
100	40	0
100	41	0
100	42	0
100	43	0
100	44	0.167
101	0	0.512
101	1	0.459
101	2	0.462
101	3	0.35
101	4	0.273
101	5	0.308
101	6	0.333
101	7	0.2
101	8	0.364
101	9	0.308
101	10	0.2
101	11	0.36
101	12	0.429
101	13	0.415
101	14	0.417
101	15	0.321
101	16	0.31
101	17	0.333
101	18	0.294
101	19	0.176
101	20	0.211
101	21	0.368
101	22	0.08
101	23	0.404
101	24	0.263
101	25	0.2
101	26	0.083
101	27	0.077
101	28	0.149
101	29	0
101	30	0
101	31	0.071
101	32	0.176
101	33	0.053
101	34	0
101	35	0
101	36	0.238
101	37	0.257
101	38	0.333
101	39	0.1
101	40	0.214
101	41	0.188
101	42	0.421
101	43	0.167
101	44	0.182
102	0	0.455
102	1	0.667
102	2	0.421
102	3	0.417
102	4	0.364
102	5	0.571
102	6	0.5
102	7	0.364
102	8	0.538
102	9	0.6
102	10	0.444
102	11	0.478
102	12	0.414
102	13	0.6
102	14	0.591
102	15	0.586
102	16	0.381
102	17	0.348
102	18	0.233
102	19	0.467
102	20	0.263
102	21	0.267
102	22	0.185
102	23	0.45
102	24	0.412
102	25	0.357
102	26	0.286
102	27	0.391
102	28	0.22
102	29	0.069
102	30	0
102	31	0
102	32	0.053
102	33	0
102	34	0
102	35	0.091
102	36	0.143
102	37	0.125
102	38	0.05
102	39	0.071
102	40	0.059
102	41	0.071
102	42	0.111
102	43	0
102	44	0.2
103	0	0.6
103	1	0.6
103	2	0.6
103	3	0.333
103	4	0.2
103	5	0.2
103	6	0.308
103	7	0.364
103	8	0.385
103	9	0.25
103	10	0.333
103	11	0.588
103	12	0.8
103	13	0.846
103	14	0.647
103	15	0.75
103	16	0.529
103	17	0.235
103	18	0.286
103	19	0
103	20	0
103	21	0.167
103	22	0.118
103	23	0.273
103	24	0.125
103	25	0.091
103	26	0.05
103	27	0.389
103	28	0.182
103	29	0
103	30	0
103	31	0
103	32	0
103	33	0
103	34	0
103	35	0.125
103	36	0.25
103	37	0.167
103	38	0
103	39	0.091
103	40	0.077
103	41	0
103	42	0
103	43	0
103	44	0.132
104	0	0.286
104	1	0.5
104	2	0.5
104	3	0.25
104	4	0.5
104	5	1
104	6	0.3
104	7	0.442
104	8	0.143
104	9	0.5
104	10	0.5
104	11	0.5
104	12	0.714
104	13	0.643
104	14	0.667
104	15	0.636
104	16	0.727
104	17	0.333
104	18	0.2
104	19	0
104	20	0.286
104	21	0.125
104	22	0.2
104	23	0.182
104	24	0
104	25	0.143
104	26	0.158
104	27	0.194
104	28	0.111
104	29	0.067
104	30	0
104	31	0
104	32	0
104	33	0
104	34	0
104	35	0
104	36	0
104	37	0
104	38	0
104	39	0
104	40	0
104	41	0.167
104	42	0
104	43	0
104	44	0.136
105	0	0.4
105	1	0.457
105	2	0.35
105	3	0.25
105	4	0.182
105	5	0.3
105	6	0.208
105	7	0.417
105	8	0.238
105	9	0.3
105	10	0.333
105	11	0.37
105	12	0.303
105	13	0.385
105	14	0.5
105	15	0.457
105	16	0.44
105	17	0.308
105	18	0.25
105	19	0.167
105	20	0.048
105	21	0.067
105	22	0.259
105	23	0.25
105	24	0.19
105	25	0.25
105	26	0.111
105	27	0.102
105	28	0.204
105	29	0.107
105	30	0.067
105	31	0
105	32	0.056
105	33	0.059
105	34	0
105	35	0.071
105	36	0.053
105	37	0.103
105	38	0.118
105	39	0.133
105	40	0
105	41	0.077
105	42	0
105	43	0
105	44	0.08
106	0	0.25
106	1	0.415
106	2	0.353
106	3	0.385
106	4	0.188
106	5	0.167
106	6	0.267
106	7	0.111
106	8	0.25
106	9	0.375
106	10	0.444
106	11	0.316
106	12	0.344
106	13	0.452
106	14	0.5
106	15	0.538
106	16	0.429
106	17	0.333
106	18	0.618
106	19	0.35
106	20	0.5
106	21	0.4
106	22	0.409
106	23	0.368
106	24	0.278
106	25	0.214
106	26	0.286
106	27	0.222
106	28	0.225
106	29	0.037
106	30	0.091
106	31	0.083
106	32	0.267
106	33	0
106	34	0.143
106	35	0.062
106	36	0.111
106	37	0.147
106	38	0.167
106	39	0.067
106	40	0.214
106	41	0.167
106	42	0.143
106	43	0
106	44	0.167
108	0	0.405
108	1	0.426
108	2	0.4
108	3	0.25
108	4	0.333
108	5	0.176
108	6	0.143
108	7	0.5
108	8	0.125
108	9	0.214
108	10	0.25
108	11	0.364
108	12	0.515
108	13	0.4
108	14	0.423
108	15	0.5
108	16	0.424
108	17	0.345
108	18	0.278
108	19	0.286
108	20	0.182
108	21	0.182
108	22	0.094
108	23	0.188
108	24	0.174
108	25	0.167
108	26	0.15
108	27	0.097
108	28	0.196
108	29	0
108	30	0
108	31	0
108	32	0.056
108	33	0
108	34	0
108	35	0
108	36	0.053
108	37	0.07
108	38	0
108	39	0
108	40	0.273
108	41	0.316
108	42	0.182
108	43	0.125
108	44	0.293
110	0	0.75
110	1	0.882
110	2	0.833
110	3	0.455
110	4	0.5
110	5	0.5
110	6	0.417
110	7	0.714
110	8	0.6
110	9	0.6
110	10	0.714
110	11	0.714
110	12	0.895
110	13	0.917
110	14	0.778
110	15	0.952
110	16	0.85
110	17	0.312
110	18	0.333
110	19	0.176
110	20	0.091
110	21	0.154
110	22	0.333
110	23	0.394
110	24	0
110	25	0.091
110	26	0
110	27	0.161
110	28	0.194
110	29	0
110	30	0
110	31	0
110	32	0.214
110	33	0
110	34	0
110	35	0
110	36	0
110	37	0
110	38	0
110	39	0
110	40	0.222
110	41	0.1
110	42	0
110	43	0.333
110	44	0.269
111	0	0.333
111	1	0.5
111	2	0.1
111	3	0
111	4	0.111
111	5	0
111	6	0.545
111	7	0.375
111	8	0.444
111	9	0.571
111	10	1
111	11	0.5
111	12	0.769
111	13	0.609
111	14	0.429
111	15	0.647
111	16	0.611
111	17	0.385
111	18	0.435
111	19	0.222
111	20	0.077
111	21	0.286
111	22	0.308
111	23	0.276
111	24	0.375
111	25	0.091
111	26	0.222
111	27	0.059
111	28	0.24
111	29	0.111
111	30	0.125
111	31	0.286
111	32	0
111	33	0.182
111	34	0.25
111	35	0
111	36	0.143
111	37	0.143
111	38	0.1
111	39	0
111	40	0.111
111	41	0.1
111	42	0
111	43	0
111	44	0.267
112	0	0.2
112	1	0.812
112	2	0.375
112	3	0
112	4	0.143
112	5	0
112	6	0.833
112	7	0.667
112	8	1
112	9	0.5
112	10	0.5
112	11	0.667
112	12	0.667
112	13	0.8
112	14	0.75
112	15	0.8
112	16	0.8
112	17	0.667
112	18	0
112	19	0
112	20	0
112	21	0
112	22	0
112	23	0
112	24	0
112	25	0
112	26	0
112	27	0.083
112	28	0
112	29	0
112	30	0
112	31	0
112	32	0
112	33	0
112	34	0
112	35	0
112	36	0.286
112	37	0.467
112	38	0.167
112	39	0
112	40	0
112	41	0
112	42	0.111
112	43	0
112	44	0
113	0	0.438
113	1	0.632
113	2	0.6
113	3	0.5
113	4	0.375
113	5	0.4
113	6	0.375
113	7	0.4
113	8	0.4
113	9	0.333
113	10	0
113	11	0.5
113	12	0.833
113	13	0.667
113	14	0.444
113	15	0.75
113	16	0.706
113	17	0.333
113	18	0.333
113	19	0.125
113	20	0
113	21	0.286
113	22	0.538
113	23	0.417
113	24	0.25
113	25	0
113	26	0
113	27	0.227
113	28	0.143
113	29	0.154
113	30	0.4
113	31	0
113	32	0.444
113	33	0
113	34	0.2
113	35	0
113	36	0
113	37	0.083
113	38	0.273
113	39	0.143
113	40	0.167
113	41	0.333
113	42	0.333
113	43	0
113	44	0.342
114	0	0.167
114	1	0.212
114	2	0.071
114	3	0.273
114	4	0.133
114	5	0
114	6	0.059
114	7	0
114	8	0.077
114	9	0.2
114	10	0.333
114	11	0.312
114	12	0.273
114	13	0.312
114	14	0.429
114	15	0.609
114	16	0.483
114	17	0.273
114	18	0.16
114	19	0
114	20	0.071
114	21	0.083
114	22	0.12
114	23	0.343
114	24	0.412
114	25	0.143
114	26	0.185
114	27	0.286
114	28	0.387
114	29	0.091
114	30	0.071
114	31	0.1
114	32	0.077
114	33	0
114	34	0.167
114	35	0
114	36	0.065
114	37	0.143
114	38	0.083
114	39	0.071
114	40	0.091
114	41	0.154
114	42	0
114	43	0
114	44	0.187
115	0	0.083
115	1	0.125
115	2	0.143
115	3	0.071
115	4	0.154
115	5	0
115	6	0.087
115	7	0.167
115	8	0.083
115	9	0.114
115	10	0
115	11	0.125
115	12	0.172
115	13	0.233
115	14	0.192
115	15	0.095
115	16	0.125
115	17	0.188
115	18	0.176
115	19	0.091
115	20	0.071
115	21	0.071
115	22	0.154
115	23	0.222
115	24	0.083
115	25	0.167
115	26	0.133
115	27	0
115	28	0.15
115	29	0
115	30	0
115	31	0
115	32	0
115	33	0
115	34	0
115	35	0
115	36	0
115	37	0
115	38	0
115	39	0
115	40	0
115	41	0
115	42	0
115	43	0
115	44	0.05
117	0	0.121
117	1	0.365
117	2	0.143
117	3	0.19
117	4	0.088
117	5	0.067
117	6	0.107
117	7	0.19
117	8	0.238
117	9	0.368
117	10	0.308
117	11	0.289
117	12	0.298
117	13	0.36
117	14	0.343
117	15	0.378
117	16	0.536
117	17	0.097
117	18	0
117	19	0.059
117	20	0
117	21	0
117	22	0
117	23	0.064
117	24	0.15
117	25	0.043
117	26	0.114
117	27	0.067
117	28	0.143
117	29	0
117	30	0
117	31	0
117	32	0.143
117	33	0
117	34	0
117	35	0
117	36	0
117	37	0
117	38	0
117	39	0
117	40	0.107
117	41	0.148
117	42	0
117	43	0
117	44	0.337
118	0	0.333
118	1	0.471
118	2	0.455
118	3	0.143
118	4	0.167
118	5	0.333
118	6	0.222
118	7	0.2
118	8	0.333
118	9	0.4
118	11	0.364
118	12	0.4
118	13	0.333
118	14	0.333
118	15	0.25
118	16	0.231
118	17	0.333
118	18	0.333
118	19	0.333
118	20	0.375
118	21	0.333
118	22	0.25
118	23	0.333
118	24	0.286
118	25	0.571
118	26	0.529
118	27	0.318
118	28	0.75
118	29	0.286
118	30	0.25
118	31	0.286
118	32	0
118	33	0.143
118	34	0.25
118	35	0
118	36	0.2
118	37	0.182
118	38	0.125
118	39	0.125
118	40	0.2
118	41	0.2
118	42	0.2
118	43	0
118	44	0
119	0	0.522
119	1	0.595
119	2	0.467
119	3	0.4
119	4	0.375
119	5	0.333
119	6	0.467
119	7	0.429
119	8	0.429
119	9	0.667
119	10	0.333
119	11	0.438
119	12	0.389
119	13	0.577
119	14	0.471
119	15	0.619
119	16	0.571
119	17	0.471
119	18	0.483
119	19	0.333
119	20	0
119	21	0.286
119	22	0.118
119	23	0.417
119	24	0.417
119	25	0.308
119	26	0.211
119	27	0.333
119	28	0.28
119	29	0
119	30	0
119	31	0
119	32	0.071
119	33	0
119	34	0
119	35	0
119	36	0
119	37	0
119	38	0
119	39	0
119	40	0
119	41	0
119	42	0
119	43	0
119	44	0.061
120	0	0.118
120	1	0.059
120	2	0.182
120	3	0.333
120	4	0.143
120	5	0.25
120	6	0
120	7	0.167
120	8	0.333
120	9	0
120	10	0.4
120	11	0.1
120	12	0.125
120	13	0.118
120	14	0.1
120	15	0
120	16	0
120	17	0
120	18	0.143
120	19	0
120	20	0.143
120	21	0.25
120	22	0
120	23	0.25
120	24	0.167
120	25	0.143
120	26	0.125
120	27	0.143
120	28	0
120	29	0
120	30	0
120	31	0
120	32	0
120	33	0
120	34	0
120	35	0
120	36	0
120	37	0
120	38	0
120	39	0
120	40	0
120	41	0
120	42	0.333
120	43	0.25
120	44	0.16
121	0	0.258
121	1	0.375
121	2	0.379
121	3	0
121	4	0.133
121	5	0.125
121	6	0.273
121	7	0.364
121	8	0.304
121	9	0.333
121	10	0.3
121	11	0.359
121	12	0.341
121	13	0.5
121	14	0.41
121	15	0.5
121	16	0.735
121	17	0.194
121	18	0.163
121	19	0.167
121	20	0.179
121	21	0.25
121	22	0.231
121	23	0.382
121	24	0.385
121	25	0.28
121	26	0.088
121	27	0.135
121	28	0.128
121	29	0
121	30	0
121	31	0
121	32	0
121	33	0
121	34	0
121	35	0.048
121	36	0.077
121	37	0
121	38	0
121	39	0
121	40	0.037
121	41	0.03
121	42	0
121	43	0.111
121	44	0.054
123	0	0.789
123	1	0.615
123	2	0.3
123	3	0.364
123	4	0.125
123	5	0.167
123	6	0.25
123	7	0.143
123	8	0.143
123	9	0.286
123	10	0.333
123	11	0.467
123	12	0.769
123	13	0.75
123	14	0.556
123	15	0.846
123	16	0.913
123	17	0.438
123	18	0.471
123	19	0.3
123	20	0.111
123	21	0.125
123	22	0.15
123	23	0.167
123	24	0.222
123	25	0.182
123	26	0.176
123	27	0.042
123	28	0.083
123	29	0
123	30	0
123	31	0
123	32	0.364
123	33	0.125
123	34	0
123	35	0
123	36	0
123	37	0
123	38	0
123	39	0
123	40	0
123	41	0.5
123	42	0
123	43	0
123	44	0.143
124	0	0.379
124	1	0.541
124	2	0.4
124	3	0.292
124	4	0.3
124	5	0.167
124	6	0.296
124	7	0.19
124	8	0.286
124	9	0.25
124	10	0.286
124	11	0.378
124	12	0.567
124	13	0.589
124	14	0.475
124	15	0.524
124	16	0.538
124	17	0.205
124	18	0.077
124	19	0.045
124	20	0
124	21	0
124	22	0.04
124	23	0.1
124	24	0.067
124	25	0.077
124	26	0.051
124	27	0.139
124	28	0.133
124	29	0
124	30	0
124	31	0
124	32	0.029
124	33	0
124	34	0
124	35	0
124	36	0
124	37	0
124	38	0
124	39	0
124	40	0.071
124	41	0
124	42	0
124	43	0.062
124	44	0.437
125	0	0.3
125	1	0.575
125	2	0.176
125	3	0.222
125	4	0.222
125	5	0
125	6	0.2
125	7	0.286
125	8	0.3
125	9	0.333
125	10	0.286
125	11	0.25
125	12	0.385
125	13	0.448
125	14	0.364
125	15	0.55
125	16	0.571
125	17	0.267
125	18	0.214
125	19	0
125	20	0.1
125	21	0.091
125	22	0.188
125	23	0.226
125	24	0.083
125	25	0
125	26	0.059
125	27	0.067
125	28	0.25
125	29	0
125	30	0
125	31	0
125	32	0.083
125	33	0
125	34	0
125	35	0
125	36	0
125	37	0
125	38	0.125
125	39	0
125	40	0
125	41	0.091
125	42	0
125	43	0
125	44	0
127	0	0.727
127	1	0.923
127	2	0.75
127	3	0.25
127	4	0.75
127	5	0.333
127	6	0.75
127	7	1
127	8	0.5
127	9	0.667
127	10	0.667
127	11	0.75
127	12	0.6
127	13	0.714
127	14	0.75
127	15	0.75
127	16	0.833
127	17	0.286
127	18	0
127	19	0
127	20	0
127	21	0
127	22	0
127	23	0.091
127	24	0.167
127	25	0
127	26	0
127	27	0
127	28	0
127	29	0
127	30	0
127	31	0
127	32	0
127	33	0
127	35	0
127	36	0
127	37	0
127	38	0
127	39	0
127	40	0
127	41	0
127	42	0
127	43	0
127	44	1
128	0	0.509
128	1	0.45
128	2	0.344
128	3	0.15
128	4	0.143
128	5	0.333
128	6	0.25
128	7	0.375
128	8	0.182
128	9	0.278
128	10	0.308
128	11	0.37
128	12	0.348
128	13	0.426
128	14	0.419
128	15	0.282
128	16	0.262
128	17	0.194
128	18	0.085
128	19	0.091
128	20	0.103
128	21	0
128	22	0.032
128	23	0.228
128	24	0.167
128	25	0
128	26	0.032
128	27	0.136
128	28	0.188
128	29	0.048
128	30	0.053
128	31	0.158
128	32	0.087
128	33	0.08
128	34	0
128	35	0.071
128	36	0.053
128	37	0.061
128	38	0.095
128	39	0.042
128	40	0.192
128	41	0.217
128	42	0.125
128	43	0
128	44	0.417
129	0	0.429
129	1	0.645
129	2	0.571
129	3	0.273
129	4	0.625
129	5	0
129	6	0.267
129	7	0.25
129	8	0.182
129	9	0.333
129	10	0.444
129	11	0.529
129	12	0.516
129	13	0.619
129	14	0.55
129	15	0.467
129	16	0.467
129	17	0.333
129	18	0.188
129	19	0.2
129	20	0.25
129	21	0.083
129	22	0.125
129	23	0.167
129	24	0.2
129	25	0.077
129	26	0.071
129	27	0.071
129	28	0.194
129	29	0
129	30	0
129	31	0.091
129	32	0.083
129	33	0
129	34	0
129	35	0
129	36	0
129	37	0
129	38	0
129	39	0
129	40	0
129	41	0
129	42	0
129	43	0.286
129	44	0.143
130	0	0.368
130	1	0.562
130	2	0.222
130	3	0.4
130	4	0.25
130	5	0.4
130	6	0.333
130	7	0.4
130	8	0.444
130	9	0
130	10	0.25
130	11	0.625
130	12	0.556
130	13	0.529
130	14	0.444
130	15	0.214
130	16	0.5
130	17	0.182
130	18	0.333
130	19	0.125
130	20	0.182
130	21	0
130	22	0
130	23	0.182
130	24	0
130	25	0
130	26	0
130	27	0.25
130	28	0.364
130	29	0
130	30	0
130	31	0
130	32	0
130	33	0
130	34	0
130	35	0
130	36	0
130	37	0
130	38	0
130	39	0
130	40	0
130	41	0
130	42	0
130	43	0
130	44	0.452
131	0	0.571
131	1	0.632
131	2	0.4
131	3	0.25
131	4	0.143
131	5	0.25
131	6	0.167
131	7	0
131	8	0.333
131	9	0.25
131	10	0
131	11	0.429
131	12	0.286
131	13	0.357
131	14	0.286
131	15	0.273
131	16	0.273
131	17	0.273
131	18	0.273
131	19	0.25
131	20	0.2
131	21	0
131	22	0.455
131	23	0.5
131	24	0.25
131	25	0.333
131	26	0.333
131	27	0.353
131	28	0.333
131	29	0.5
131	30	0.4
131	31	0.333
131	32	0.111
131	33	0.4
131	34	0
131	35	0.333
131	36	0
131	37	0.417
131	38	0.6
131	39	0.4
131	40	0.6
131	41	0.6
131	42	0.667
131	43	1
131	44	0.389
132	0	0.207
132	1	0.472
132	2	0.333
132	3	0.2
132	4	0.167
132	5	0.5
132	6	0.385
132	7	0.125
132	8	0.167
132	9	0
132	10	0.143
132	11	0.25
132	12	0.217
132	13	0.174
132	14	0.214
132	15	0.333
132	16	0.167
132	17	0
132	18	0.143
132	19	0.091
132	20	0
132	21	0
132	22	0.133
132	23	0.103
132	24	0.1
132	25	0.1
132	26	0.105
132	27	0.056
132	28	0.136
132	29	0
132	30	0
132	31	0
132	32	0
132	33	0
132	34	0
132	35	0
132	36	0
132	37	0.053
132	38	0.125
132	39	0.091
132	40	0.091
132	41	0.25
132	42	0.154
132	43	0
132	44	0.545
133	0	0.435
133	1	0.434
133	2	0.435
133	3	0.4
133	4	0.273
133	5	0.312
133	6	0.368
133	7	0.5
133	8	0.524
133	9	0.6
133	10	0.615
133	11	0.679
133	12	0.765
133	13	0.864
133	14	0.9
133	15	0.842
133	16	0.8
133	17	0.267
133	18	0.087
133	19	0
133	20	0.04
133	21	0
133	22	0.056
133	23	0.176
133	24	0.077
133	25	0.105
133	26	0.043
133	27	0.308
133	28	0.162
133	29	0
133	30	0
133	31	0
133	32	0
133	33	0
133	34	0
133	35	0
133	36	0
133	37	0
133	38	0
133	39	0
133	40	0
133	41	0.16
133	42	0
133	43	0.125
133	44	0.284
134	0	1
134	1	0.8
134	2	0.5
134	4	0.5
134	5	0
134	6	1
134	7	0.5
134	8	1
134	9	1
134	10	1
134	11	1
134	12	1
134	13	1
134	14	1
134	15	1
134	16	1
134	17	0.667
134	18	0.5
134	19	1
134	20	0
134	21	1
134	22	0.333
134	23	1
134	24	1
134	25	0.5
134	26	0.333
134	27	0
134	28	0
134	29	0
134	30	0
134	31	0
134	32	0
134	33	0
134	34	0
134	35	0
134	36	0
134	37	0
134	38	0
134	39	0
134	40	0
134	41	0
134	42	0
134	44	0.364
135	0	0.657
135	1	0.657
135	2	0.583
135	3	0.188
135	4	0.25
135	5	0.077
135	6	0.286
135	7	0.333
135	8	0.4
135	9	0.333
135	10	0.545
135	11	0.312
135	12	0.478
135	13	0.571
135	14	0.652
135	15	0.636
135	16	0.714
135	17	0.565
135	18	0.55
135	19	0.267
135	20	0.308
135	21	0.222
135	22	0.429
135	23	0.462
135	24	0.538
135	25	0.083
135	26	0.278
135	27	0.19
135	28	0.333
135	29	0.136
135	30	0.375
135	31	0
135	32	0.333
135	33	0
135	34	0.25
135	35	0
135	36	0
135	37	0.062
135	38	0.091
135	39	0.083
135	40	0.214
135	41	0.308
135	42	0.25
135	43	0
135	44	0.564
137	0	0.667
137	1	0.667
137	2	0.8
137	3	0.714
137	4	0.571
137	5	0.5
137	6	0.333
137	7	0.333
137	8	0
137	9	0.333
137	10	0.25
137	11	0.5
137	12	0.733
137	13	0.647
137	14	0.733
137	15	0.571
137	16	0.545
137	17	0.273
137	18	0.353
137	19	0.429
137	20	0.25
137	21	0.2
137	22	0.5
137	23	0.278
137	24	0.143
137	25	0.143
137	26	0.083
137	27	0.182
137	28	0
137	29	0
137	30	0
137	31	0
137	32	0
137	33	0
137	34	0
137	35	0
137	36	0
137	37	0
137	38	0
137	39	0
137	40	0
137	41	0
137	43	0
137	44	0.065
138	0	0.757
138	1	0.767
138	2	0.333
138	3	0.308
138	4	0
138	5	0.4
138	6	0.125
138	7	0.2
138	8	0.538
138	9	0.5
138	10	0.667
138	11	0.444
138	12	0.722
138	13	0.391
138	14	0.667
138	15	0.773
138	16	0.692
138	17	0.706
138	18	0.6
138	19	0.333
138	20	0.375
138	21	0.429
138	22	0.5
138	23	0.633
138	24	0.5
138	25	0.286
138	26	0.286
138	27	0.417
138	28	0.5
138	29	0.154
138	30	0.429
138	31	0.2
138	32	0.4
138	33	0
138	34	0
138	35	0
138	36	0
138	37	0.455
138	38	0.333
138	39	0.25
138	40	0.286
138	41	0.5
138	42	0.5
138	43	0.5
138	44	0.281
139	0	0.25
139	1	0.222
139	2	0.4
139	3	0
139	4	0
139	5	0
139	6	0
139	7	0
139	8	0
139	9	0
139	10	0
139	11	0
139	12	0
139	13	0.333
139	14	0.286
139	15	0.286
139	16	0.2
139	17	0.25
139	18	0.333
139	19	0.333
139	20	0.333
139	21	0
139	22	0.4
139	23	0.2
139	24	0
139	25	0.167
139	26	0
139	27	0.167
139	28	0.4
139	29	0
139	30	0
139	31	0
139	32	0
139	33	0
139	34	0
139	35	0
139	36	0
139	37	0
139	38	0
139	39	0
139	40	0
139	41	0.25
139	42	0
139	43	0
139	44	1
140	0	0.467
140	1	0.429
140	2	0.25
140	3	0
140	4	0
140	5	0
140	6	0.167
140	7	0.375
140	8	0.4
140	9	0.4
140	10	0.333
140	11	0.308
140	12	0.333
140	13	0.278
140	14	0.2
140	15	0.429
140	16	0.364
140	17	0.154
140	18	0.438
140	19	0.111
140	20	0.25
140	21	0.167
140	22	0.2
140	23	0.333
140	24	0.5
140	25	0.375
140	26	0.091
140	27	0.1
140	28	0
140	29	0
140	30	0
140	31	0
140	32	0
140	33	0
140	34	0
140	35	0
140	37	0
140	38	0
140	39	0
140	40	0
140	41	0.25
140	42	0
140	43	0
140	44	0.526
