"time"	"distance"	"value"
36	0	0
36	1	0
36	2	0
36	3	0
36	4	0
36	5	0
36	6	0
36	7	0
36	8	0
36	9	0
36	10	0
36	11	0
36	12	0
36	13	0
36	14	0
36	15	0
36	16	0
36	17	0
36	18	0
36	19	0
36	20	0
36	21	0
36	22	0
36	23	0
36	24	0
36	25	0
36	26	0
36	27	0
36	28	0
36	29	0
36	30	0
36	31	0
36	32	0
36	33	0.125
36	34	0.049
36	35	0.042
36	36	0
36	37	0
36	38	0.042
36	39	0.095
36	40	0.026
36	41	0
36	42	0
36	43	0
36	44	0.08
36	45	0.108
36	46	0.029
36	47	0.086
36	48	0.103
36	49	0.333
36	50	0.042
36	51	0.094
36	52	0.1
36	53	0.115
36	54	0.3
36	55	0.212
36	56	0.267
36	57	0.271
36	58	0.296
36	59	0.224
36	60	0.167
37	0	0
37	1	0
37	2	0
37	3	0
37	4	0
37	5	0
37	6	0
37	7	0
37	8	0
37	9	0
37	10	0
37	11	0
37	12	0
37	13	0
37	14	0
37	15	0
37	16	0
37	17	0
37	18	0
37	19	0
37	20	0
37	21	0
37	22	0
37	23	0
37	24	0
37	25	0
37	26	0.056
37	27	0
37	28	0.167
37	29	0
37	30	0.125
37	31	0.091
37	32	0.067
37	33	0.316
37	34	0.154
37	35	0.333
37	36	0.4
37	37	0.222
37	38	0.111
37	39	0.333
37	40	0.167
37	41	0
37	42	0
37	43	0.4
37	44	0.077
37	45	0.059
37	46	0.15
37	47	0
37	48	0.1
37	49	0.25
37	50	0.125
37	51	0
37	52	0.125
37	53	0.154
37	54	0.143
37	55	0.2
37	56	0.083
37	57	0.053
37	58	0.053
37	59	0.091
37	60	0.158
38	0	0
38	1	0
38	2	0
38	3	0
38	4	0
38	5	0
38	6	0
38	7	0
38	8	0
38	9	0
38	10	0
38	11	0
38	12	0
38	13	0
38	14	0
38	15	0
38	16	0
38	17	0
38	18	0
38	19	0
38	20	0
38	21	0
38	22	0
38	23	0
38	24	0
38	25	0
38	26	0
38	27	0
38	28	0
38	29	0
38	30	0
38	31	0
38	32	0
38	33	0
38	34	0
38	35	0
38	37	0
38	38	0
38	39	0
38	40	0
38	41	0
38	42	0.5
38	43	0.333
38	44	0.1
38	45	0.182
38	46	0.154
38	47	0
38	48	0.125
38	49	0.5
38	50	0.111
38	51	0.25
38	52	0.143
38	53	0.167
38	54	0
38	55	0.125
38	56	0.182
38	57	0.125
38	58	0.133
38	59	0.095
38	60	0.2
39	0	0
39	1	0
39	2	0
39	3	0.067
39	4	0
39	5	0
39	6	0
39	7	0
39	8	0
39	9	0.029
39	10	0
39	11	0
39	12	0
39	13	0
39	14	0
39	15	0
39	16	0
39	17	0
39	18	0
39	19	0
39	20	0
39	21	0
39	22	0
39	23	0
39	24	0
39	25	0
39	26	0
39	27	0
39	28	0
39	29	0.2
39	30	0
39	31	0.059
39	32	0
39	33	0.08
39	34	0.069
39	35	0
39	36	0
39	37	0
39	38	0.05
39	39	0
39	40	0
39	41	0
39	42	0
39	43	0
39	44	0.036
39	45	0.08
39	46	0
39	47	0
39	48	0
39	49	0.167
39	50	0
39	51	0.056
39	52	0
39	53	0
39	54	0
39	55	0
39	56	0.125
39	57	0.237
39	58	0.28
39	59	0.273
39	60	0.4
40	0	0
40	1	0
40	2	0
40	3	0
40	4	0
40	5	0
40	6	0
40	7	0
40	8	0
40	9	0
40	10	0
40	11	0
40	12	0
40	13	0
40	14	0
40	15	0
40	16	0
40	17	0
40	18	0
40	19	0
40	20	0
40	21	0
40	22	0
40	23	0
40	24	0
40	25	0
40	26	0
40	27	0
40	28	0
40	29	0
40	30	0
40	31	0
40	32	0
40	33	0.409
40	34	0.417
40	35	0.077
40	36	0.667
40	37	0.182
40	38	0.167
40	39	0.545
40	40	0.423
40	41	0.333
40	42	0.2
40	43	0.2
40	44	0.52
40	45	0.722
40	46	0.522
40	47	0.214
40	48	0.2
40	49	0.125
40	50	0.333
40	51	0.364
40	52	0.4
40	53	0.267
40	54	0.385
40	55	0.533
40	56	0.412
40	57	0.594
40	58	0.714
40	59	0.667
40	60	0.455
41	0	0.034
41	1	0
41	2	0
41	3	0
41	4	0
41	5	0
41	6	0
41	7	0
41	8	0
41	9	0
41	10	0
41	11	0
41	12	0
41	13	0
41	14	0
41	15	0
41	16	0
41	17	0
41	18	0.061
41	19	0
41	20	0
41	21	0
41	22	0
41	23	0
41	24	0
41	25	0
41	26	0
41	27	0
41	28	0
41	29	0
41	30	0
41	31	0
41	32	0
41	33	0.167
41	34	0.062
41	35	0.1
41	36	0
41	37	0.125
41	38	0.083
41	39	0
41	40	0.176
41	41	0
41	42	0
41	43	0
41	44	0.05
41	45	0.188
41	46	0.125
41	47	0.25
41	48	0.333
41	49	0
41	50	0.294
41	51	0.125
41	52	0.125
41	53	0.231
41	54	0.077
41	55	0.25
41	56	0.182
41	57	0.355
41	58	0.412
41	59	0.455
41	60	0.4
42	0	0
42	1	0
42	2	0
42	3	0
42	4	0
42	5	0
42	6	0
42	7	0
42	8	0
42	9	0.043
42	10	0
42	11	0
42	12	0
42	13	0
42	14	0
42	15	0
42	16	0
42	17	0
42	18	0
42	19	0
42	20	0
42	21	0
42	22	0
42	23	0
42	24	0
42	25	0
42	26	0.111
42	27	0
42	28	0
42	29	0
42	30	0
42	31	0
42	32	0.059
42	33	0.438
42	34	0.438
42	35	0.125
42	36	0.333
42	37	0.333
42	38	0.111
42	39	0.3
42	40	0.286
42	41	0.5
42	42	0.2
42	43	0.143
42	44	0.25
42	45	0.385
42	46	0.4
42	47	0.5
42	48	0.3
42	49	0
42	50	0.333
42	51	0.143
42	52	0.6
42	53	0.091
42	54	0.333
42	55	0.286
42	56	0.3
42	57	0.538
42	58	0.625
42	59	0.467
42	60	0.526
43	0	0.012
43	1	0
43	2	0
43	3	0
43	4	0
43	5	0
43	6	0
43	7	0
43	8	0
43	9	0
43	10	0
43	11	0
43	12	0
43	13	0
43	14	0
43	15	0
43	16	0
43	17	0
43	18	0.074
43	19	0
43	20	0
43	21	0
43	22	0
43	23	0
43	24	0
43	25	0
43	26	0
43	27	0
43	28	0
43	29	0
43	30	0
43	31	0
43	32	0
43	33	0.108
43	34	0.038
43	35	0.053
43	36	0.2
43	37	0.091
43	38	0
43	39	0.077
43	40	0.093
43	42	0
43	43	0
43	44	0.091
43	45	0.115
43	46	0.071
43	47	0.04
43	48	0.111
43	49	0
43	50	0.08
43	51	0
43	52	0.125
43	53	0.091
43	54	0.087
43	55	0.087
43	56	0.143
43	57	0.125
43	58	0.212
43	59	0.245
43	60	0.304
44	0	0
44	1	0
44	2	0
44	3	0
44	4	0
44	5	0
44	6	0
44	7	0
44	8	0
44	9	0
44	10	0
44	11	0
44	12	0
44	13	0
44	14	0
44	15	0
44	16	0
44	17	0
44	18	0
44	19	0
44	20	0
44	21	0
44	23	0
44	24	0
44	25	0
44	26	0
44	28	0
44	29	0
44	30	0
44	31	0
44	32	0
44	33	0
44	34	0
44	35	0
44	37	0
44	39	0
44	40	0
44	41	0
44	42	0
44	43	0
44	44	0
44	45	0
44	46	0
44	47	0
44	48	0
44	50	0
44	52	0
44	53	0
44	54	0
44	55	0
44	56	0
44	57	0
44	58	0
44	59	0
44	60	0
45	0	0
45	1	0
45	2	0
45	3	0
45	4	0
45	5	0
45	6	0
45	7	0
45	8	0
45	9	0
45	10	0
45	11	0
45	12	0
45	13	0
45	14	0
45	15	0
45	16	0
45	17	0
45	18	0
45	19	0
45	20	0
45	21	0
45	22	0
45	23	0
45	24	0
45	25	0
45	26	0
45	27	0
45	28	0
45	29	0
45	30	0
45	31	0
45	32	0
45	33	0.027
45	34	0.029
45	35	0
45	36	0
45	37	0
45	38	0.056
45	39	0.038
45	40	0.056
45	41	0
45	42	0.143
45	43	0
45	44	0
45	45	0.107
45	46	0.054
45	47	0.077
45	48	0.065
45	49	0.25
45	50	0.071
45	51	0.08
45	52	0.048
45	53	0.091
45	54	0.298
45	55	0.2
45	56	0.206
45	57	0.185
45	58	0.179
45	59	0.172
45	60	0.061
46	0	0.011
46	1	0
46	2	0
46	3	0
46	4	0
46	5	0
46	6	0
46	7	0
46	8	0
46	9	0.025
46	10	0
46	11	0
46	12	0
46	13	0
46	14	0
46	15	0
46	16	0
46	17	0
46	18	0.067
46	19	0
46	20	0
46	21	0
46	22	0
46	23	0
46	24	0
46	25	0
46	26	0
46	27	0
46	28	0
46	29	0
46	30	0
46	31	0
46	32	0
46	33	0.353
46	34	0.357
46	35	0.095
46	36	0
46	37	0.167
46	38	0.1
46	39	0.278
46	40	0.242
46	41	1
46	42	0.4
46	43	0.333
46	44	0.235
46	45	0.229
46	46	0.269
46	47	0.258
46	48	0.059
46	49	0.5
46	50	0.152
46	51	0.2
46	52	0.211
46	53	0.2
46	54	0.192
46	55	0.1
46	56	0.28
46	57	0.429
46	58	0.426
46	59	0.321
46	60	0.242
48	0	0
48	1	0
48	2	0
48	3	0
48	4	0
48	5	0
48	6	0
48	7	0
48	8	0
48	9	0
48	10	0
48	11	0
48	12	0
48	13	0
48	14	0
48	15	0
48	16	0
48	17	0
48	18	0
48	19	0
48	20	0
48	21	0
48	22	0
48	23	0
48	24	0
48	25	0
48	26	0
48	27	0
48	28	0
48	29	0
48	30	0
48	31	0
48	32	0
48	33	0.339
48	34	0.217
48	35	0.143
48	36	0
48	37	0.067
48	38	0
48	39	0.176
48	40	0.125
48	41	0.5
48	42	0.429
48	43	0.286
48	44	0.107
48	45	0.211
48	46	0.061
48	47	0.04
48	48	0.2
48	49	0.25
48	50	0
48	51	0
48	52	0.077
48	53	0.074
48	54	0.188
48	55	0.087
48	56	0.105
48	57	0.362
48	58	0.367
48	59	0.346
48	60	0.478
49	0	0
49	1	0
49	2	0
49	3	0
49	4	0
49	5	0
49	6	0
49	7	0
49	8	0
49	9	0
49	10	0
49	11	0
49	12	0.111
49	13	0
49	14	0
49	15	0
49	16	0
49	17	0
49	18	0
49	19	0
49	20	0
49	21	0
49	22	0
49	23	0
49	24	0
49	25	0
49	26	0
49	27	0
49	28	0
49	29	0
49	30	0
49	31	0
49	32	0.059
49	33	0.211
49	34	0.174
49	35	0.067
49	37	0.1
49	38	0
49	39	0.25
49	40	0.158
49	42	0.2
49	43	0.2
49	44	0.077
49	45	0.143
49	46	0.056
49	47	0.154
49	48	0.111
49	49	0
49	50	0.091
49	51	0.091
49	52	0
49	53	0.091
49	54	0
49	55	0.286
49	56	0.273
49	57	0.125
49	58	0.24
49	59	0.353
49	60	0.273
50	0	0
50	1	0
50	2	0
50	3	0
50	4	0
50	5	0
50	6	0
50	7	0
50	8	0
50	9	0
50	10	0
50	11	0
50	12	0.2
50	13	0
50	14	0
50	15	0
50	16	0
50	17	0
50	18	0
50	19	0
50	20	0
50	21	0
50	22	0
50	23	0
50	24	0
50	25	0
50	26	0.053
50	27	0
50	28	0
50	29	0
50	30	0
50	31	0
50	32	0
50	33	0.333
50	34	0.211
50	35	0.167
50	36	0
50	37	0.182
50	38	0.25
50	39	0.083
50	40	0.25
50	42	0.333
50	43	0.2
50	44	0.19
50	45	0.222
50	46	0.154
50	47	0.1
50	48	0.143
50	49	0
50	50	0.333
50	51	0.167
50	52	0.2
50	53	0.308
50	54	0.333
50	55	0.286
50	56	0.312
50	57	0.333
50	58	0.346
50	59	0.304
50	60	0.412
51	0	0
51	1	0
51	2	0
51	3	0
51	4	0
51	5	0
51	6	0
51	7	0
51	8	0
51	9	0
51	10	0
51	11	0
51	12	0
51	13	0
51	14	0
51	15	0
51	16	0
51	17	0
51	18	0
51	19	0
51	20	0
51	21	0
51	22	0
51	23	0
51	24	0
51	25	0
51	26	0
51	27	0
51	28	0
51	29	0
51	30	0
51	31	0
51	32	0
51	33	0.292
51	34	0.278
51	35	0.25
51	36	0.333
51	37	0.273
51	38	0.167
51	39	0.545
51	40	0.32
51	41	0.333
51	42	0.5
51	43	0
51	44	0.25
51	45	0.5
51	46	0.412
51	47	0.333
51	48	0.214
51	49	0
51	50	0.231
51	51	0.333
51	52	0.333
51	53	0.273
51	54	0.4
51	55	0.375
51	56	0.529
51	57	0.571
51	58	0.808
51	59	0.714
51	60	0.5
52	0	0
52	1	0
52	2	0
52	3	0
52	4	0
52	5	0
52	6	0
52	7	0
52	8	0
52	9	0
52	10	0
52	11	0
52	12	0
52	13	0
52	14	0
52	15	0
52	16	0
52	17	0
52	18	0
52	19	0
52	20	0
52	21	0
52	22	0
52	23	0
52	24	0
52	25	0
52	26	0.027
52	27	0
52	28	0.067
52	29	0
52	30	0.048
52	31	0.067
52	32	0.02
52	33	0.159
52	34	0.167
52	35	0.091
52	36	0.167
52	37	0.091
52	38	0.118
52	39	0.071
52	40	0.182
52	41	0.167
52	42	0.25
52	43	0.1
52	44	0.125
52	45	0.152
52	46	0.188
52	47	0.226
52	48	0.053
52	49	0
52	50	0.1
52	51	0.105
52	52	0.056
52	53	0.167
52	54	0
52	55	0.25
52	56	0.185
52	57	0.366
52	58	0.286
52	59	0.382
52	60	0.137
53	0	0
53	1	0
53	2	0
53	4	0
53	6	0
53	7	0
53	9	0
53	10	0
53	12	0
53	14	0
53	15	0
53	16	0
53	17	0
53	18	0
53	19	0
53	20	0
53	29	0
53	30	0
53	32	0
53	34	0
53	36	0
53	39	0
54	0	0.024
54	1	0
54	2	0
54	3	0
54	4	0
54	5	0
54	6	0
54	7	0
54	8	0
54	9	0.093
54	10	0
54	11	0
54	12	0
54	13	0
54	14	0
54	15	0
54	16	0
54	17	0
54	18	0
54	19	0
54	20	0
54	21	0
54	22	0
54	23	0
54	24	0
54	25	0
54	26	0
54	27	0
54	28	0
54	29	0
54	30	0
54	31	0
54	32	0
54	33	0.255
54	34	0.143
54	35	0.095
54	36	0.167
54	37	0.136
54	38	0.278
54	39	0.136
54	40	0.32
54	41	0.75
54	42	0.222
54	43	0.083
54	44	0.222
54	45	0.314
54	46	0.22
54	47	0.25
54	48	0.318
54	49	0.8
54	50	0.233
54	51	0.429
54	52	0.333
54	53	0.381
54	54	0.207
54	55	0.444
54	56	0.515
54	57	0.66
54	58	0.569
54	59	0.5
54	60	0.306
57	0	0.07
57	1	0
57	2	0
57	3	0
57	4	0
57	5	0
57	6	0
57	7	0
57	8	0
57	9	0.036
57	10	0
57	11	0
57	12	0
57	13	0
57	14	0
57	15	0
57	16	0
57	17	0
57	18	0
57	19	0
57	20	0
57	21	0
57	22	0
57	23	0
57	24	0
57	25	0
57	26	0
57	27	0
57	28	0
57	29	0
57	30	0
57	31	0
57	32	0
57	33	0.366
57	34	0.292
57	35	0.231
57	36	0
57	37	0.133
57	38	0.133
57	39	0.1
57	40	0.357
57	41	0.25
57	42	0
57	43	0.182
57	44	0.161
57	45	0.32
57	46	0.226
57	47	0.185
57	48	0.071
57	49	0
57	50	0.192
57	51	0.235
57	52	0.364
57	53	0.333
57	54	0.273
57	55	0.111
57	56	0.28
57	57	0.446
57	58	0.451
57	59	0.429
57	60	0.412
59	0	0.039
59	1	0
59	2	0
59	3	0
59	4	0
59	5	0
59	6	0
59	7	0
59	8	0
59	9	0
59	10	0
59	11	0
59	12	0
59	13	0
59	14	0
59	15	0
59	16	0
59	17	0
59	18	0
59	19	0
59	20	0
59	21	0
59	22	0
59	23	0
59	24	0
59	25	0
59	26	0
59	27	0
59	28	0
59	29	0
59	30	0
59	31	0
59	32	0
59	33	0.417
59	34	0.158
59	35	0.111
59	36	0
59	37	0
59	38	0.083
59	39	0.091
59	40	0.05
59	41	0
59	42	0.333
59	43	0.25
59	44	0.238
59	45	0.188
59	46	0.105
59	47	0.059
59	48	0.182
59	49	0
59	50	0.143
59	51	0
59	52	0
59	53	0
59	54	0.077
59	55	0.067
59	56	0.222
59	57	0.321
59	58	0.343
59	59	0.241
59	60	0.292
60	0	0.047
60	1	0.111
60	2	0
60	3	0
60	4	0
60	5	0
60	6	0
60	7	0
60	8	0
60	9	0.1
60	10	0
60	11	0
60	12	0
60	13	0
60	14	0
60	15	0
60	16	0
60	17	0
60	18	0
60	19	0
60	20	0
60	21	0
60	22	0
60	23	0
60	24	0
60	25	0
60	26	0.059
60	27	0
60	28	0.25
60	29	0
60	30	0.143
60	31	0.083
60	32	0.062
60	33	0.31
60	34	0.154
60	35	0.3
60	36	0
60	37	0.4
60	38	0.3
60	39	0.3
60	40	0.278
60	43	0.5
60	44	0.357
60	45	0.389
60	46	0.333
60	47	0.357
60	48	0.3
60	49	0
60	50	0.294
60	51	0.25
60	52	0.167
60	53	0.357
60	54	0.45
60	55	0.364
60	56	0.231
60	57	0.565
60	58	0.8
60	59	1
60	60	1
62	0	0
62	1	0
62	2	0
62	3	0
62	4	0
62	5	0
62	6	0
62	7	0
62	8	0
62	9	0
62	10	0
62	11	0
62	12	0
62	13	0
62	14	0
62	15	0.083
62	16	0
62	17	0.167
62	18	0
62	19	0
62	20	0.091
62	21	0
62	22	0
62	23	0.045
62	24	0
62	25	0
62	26	0.125
62	27	0
62	28	0
62	29	0
62	30	0
62	31	0
62	32	0.059
62	33	0.417
62	34	0.353
62	35	0.125
62	36	0
62	37	0.222
62	38	0.111
62	39	0.286
62	40	0.222
62	41	0
62	42	0.286
62	43	0.333
62	44	0.353
62	45	0.2
62	46	0.2
62	47	0.222
62	48	0.111
62	49	0.2
62	50	0.286
62	51	0.222
62	52	0.333
62	53	0.273
62	54	0.1
62	55	0.364
62	56	0.083
62	57	0.308
62	58	0.444
62	59	0.476
62	60	0.5
63	0	0
63	1	0
63	2	0
63	3	0
63	4	0
63	5	0
63	6	0
63	7	0
63	8	0
63	9	0
63	10	0
63	11	0
63	12	0
63	13	0
63	14	0
63	15	0
63	16	0
63	17	0
63	18	0
63	19	0
63	20	0
63	21	0
63	22	0
63	23	0
63	24	0
63	25	0
63	26	0.083
63	27	0
63	28	0
63	29	0
63	30	0.091
63	31	0.1
63	32	0.062
63	33	0.391
63	34	0.214
63	35	0
63	36	0
63	37	0
63	38	0.1
63	39	0.222
63	40	0.105
63	41	0
63	42	0
63	43	0.286
63	44	0.158
63	45	0.125
63	46	0.235
63	47	0.077
63	48	0.083
63	49	0
63	50	0.125
63	51	0.091
63	52	0.286
63	53	0.143
63	54	0.267
63	55	0.214
63	56	0.2
63	57	0.194
63	58	0.136
63	59	0.25
63	60	0.261
64	0	0
64	1	0
64	2	0
64	3	0
64	4	0
64	5	0
64	6	0
64	7	0
64	8	0
64	9	0
64	10	0
64	11	0
64	12	0
64	13	0
64	14	0
64	15	0
64	16	0
64	17	0
64	18	0
64	19	0
64	20	0
64	21	0
64	23	0
64	24	0
64	25	0
64	26	0
64	27	0
64	28	0
64	29	0
64	30	0
64	31	0
64	32	0
64	33	0
64	34	0.286
64	35	0.2
64	36	0
64	37	0.25
64	38	0.333
64	39	0
64	40	0.286
64	41	0
64	42	0
64	43	0
64	44	0.091
64	45	0.25
64	46	0
64	47	0.25
64	48	0
64	49	0.5
64	50	0
64	51	0
64	52	0
64	53	0
64	54	0.167
64	55	0
64	56	0
64	57	0.143
64	58	0.312
64	59	0.4
64	60	0.333
65	0	0
65	1	0
65	2	0
65	3	0
65	4	0
65	5	0
65	6	0
65	7	0
65	8	0
65	9	0
65	10	0
65	11	0
65	12	0
65	13	0
65	14	0
65	15	0.25
65	16	0
65	17	0
65	18	0.125
65	19	0
65	20	0
65	21	0.125
65	22	0
65	23	0.1
65	24	0
65	25	0
65	26	0
65	27	0.25
65	28	0
65	29	0
65	30	0
65	31	0
65	32	0
65	33	0.1
65	34	0
65	35	0
65	37	0
65	38	0.6
65	39	0
65	40	0.167
65	41	0
65	43	0.5
65	44	0.571
65	45	0.875
65	46	0.429
65	47	0.75
65	48	0.6
65	49	0.333
65	50	0.8
65	51	0.25
65	52	0.75
65	53	0.4
65	54	0.375
65	55	0.5
65	56	0.333
65	57	0.545
65	58	0.857
65	59	0.692
65	60	0.643
66	0	0
66	1	0
66	2	0
66	3	0
66	4	0
66	5	0
66	6	0
66	7	0
66	8	0
66	9	0
66	10	0
66	11	0
66	12	0
66	13	0
66	14	0
66	15	0
66	16	0
66	17	0
66	18	0
66	19	0
66	20	0
66	21	0
66	22	0
66	23	0
66	24	0
66	25	0
66	26	0
66	27	0
66	28	0
66	29	0
66	30	0
66	31	0
66	32	0
66	33	0.36
66	34	0.688
66	35	0.25
66	36	1
66	37	0.556
66	38	0.727
66	39	0.455
66	40	0.5
66	41	0
66	42	0
66	43	0
66	44	0.5
66	45	0.556
66	46	0.368
66	47	0.4
66	48	0.455
66	49	0.25
66	50	0.467
66	51	0.556
66	52	0.333
66	53	0.727
66	54	0.562
66	55	0.545
66	56	0.385
66	57	0.531
66	58	0.652
66	59	0.545
66	60	0.5
67	0	0
67	1	0
67	2	0
67	3	0
67	4	0
67	5	0
67	6	0
67	7	0
67	8	0
67	9	0
67	10	0
67	11	0
67	12	0
67	13	0
67	14	0
67	15	0
67	16	0
67	17	0
67	18	0
67	19	0
67	20	0
67	21	0
67	22	0
67	23	0
67	24	0
67	25	0
67	26	0
67	28	0
67	30	0
67	31	0
67	32	0
67	33	0.286
67	34	0.222
67	35	0
67	36	0
67	37	0
67	38	0
67	39	0.333
67	40	0
67	41	0
67	42	0
67	43	0
67	44	0.286
67	45	0.6
67	46	0.333
67	47	0.444
67	48	0
67	49	0
67	50	0.5
67	51	0.25
67	52	1
67	53	0.4
67	54	0.167
67	55	0.2
67	56	0.2
67	57	0.417
67	58	0.636
67	59	0.4
67	60	0.3
68	0	0
68	1	0
68	2	0
68	3	0
68	4	0
68	5	0
68	6	0
68	7	0
68	8	0
68	9	0
68	10	0
68	11	0
68	12	0
68	13	0
68	14	0
68	15	0
68	16	0
68	17	0
68	18	0
68	19	0
68	20	0
68	21	0
68	22	0
68	23	0
68	24	0
68	25	0
68	26	0
68	27	0
68	28	0
68	29	0
68	30	0
68	31	0
68	32	0
68	33	0.222
68	34	0.3
68	35	0.286
68	36	0
68	37	0
68	38	0.222
68	39	0.4
68	40	0.3
68	41	0
68	42	0
68	43	0
68	44	0.25
68	45	0.429
68	46	0.417
68	47	0.375
68	48	0.4
68	49	0.5
68	50	0.5
68	51	0.4
68	52	0.4
68	53	0.5
68	54	0.222
68	55	0.6
68	56	0.333
68	57	0.5
68	58	0.833
68	59	0.579
68	60	0.688
69	0	0
69	1	0
69	2	0
69	3	0
69	4	0
69	5	0
69	6	0
69	7	0
69	8	0
69	9	0
69	10	0
69	11	0
69	12	0
69	13	0
69	14	0
69	15	0
69	16	0
69	17	0
69	18	0
69	19	0
69	20	0
69	21	0
69	22	0
69	23	0
69	24	0
69	25	0
69	26	0
69	27	0
69	28	0
69	29	0
69	30	0
69	31	0.059
69	32	0.071
69	33	0.341
69	34	0.391
69	35	0.077
69	36	0.222
69	37	0.077
69	38	0.636
69	39	0.167
69	40	0.2
69	41	0
69	42	0
69	43	0.125
69	44	0.371
69	45	0.423
69	46	0.588
69	47	0.394
69	48	0.133
69	49	0.2
69	50	0.2
69	51	0.294
69	52	0.25
69	53	0.278
69	54	0.4
69	55	0.348
69	56	0.591
69	57	0.733
69	58	0.66
69	59	0.659
69	60	0.5
71	0	0
71	1	0
71	2	0
71	3	0
71	4	0
71	5	0
71	6	0
71	7	0
71	8	0
71	9	0
71	10	0
71	11	0
71	12	0
71	13	0
71	14	0
71	15	0
71	16	0
71	17	0
71	18	0
71	19	0
71	20	0
71	21	0
71	22	0
71	23	0
71	24	0
71	25	0
71	26	0
71	27	0
71	28	0
71	30	0
71	31	0
71	32	0
71	33	0.342
71	34	0.545
71	35	0.176
71	36	0.5
71	37	0.2
71	38	0.231
71	39	0.5
71	40	0.407
71	41	1
71	42	1
71	43	0.625
71	44	0.273
71	45	0.556
71	46	0.457
71	47	0.5
71	48	0.238
71	49	0
71	50	0.333
71	51	0.545
71	52	0.316
71	53	0.312
71	54	0.542
71	55	0.529
71	56	0.667
71	57	0.675
71	58	0.533
71	59	0.522
71	60	0.576
73	0	0
73	1	0
73	2	0
73	3	0
73	4	0
73	5	0
73	6	0
73	7	0
73	8	0
73	9	0
73	10	0
73	11	0
73	12	0.125
73	13	0.143
73	14	0
73	15	0
73	16	0
73	17	0
73	18	0
73	19	0
73	20	0
73	21	0
73	22	0
73	23	0
73	24	0
73	25	0
73	26	0.25
73	27	0
73	28	0
73	29	0
73	30	0
73	31	0
73	32	0.333
73	33	0.6
73	34	0.5
73	35	0.4
73	37	0.25
73	38	0.5
73	39	0.333
73	40	0.4
73	43	0
73	44	0.1
73	45	0.714
73	46	0.5
73	47	0.333
73	48	0.333
73	49	0.667
73	50	0.6
73	51	0.25
73	52	0.5
73	53	0.6
73	54	0.4
73	55	0.25
73	56	0.333
73	57	0.3
73	58	0.455
73	59	0.533
73	60	0.5
74	0	0
74	1	0
74	2	0
74	3	0
74	4	0
74	5	0
74	6	0
74	7	0
74	8	0
74	9	0.182
74	10	0
74	11	0
74	12	0.167
74	13	0.077
74	14	0
74	15	0
74	16	0
74	17	0
74	18	0.067
74	19	0.045
74	20	0.04
74	21	0.042
74	22	0.059
74	23	0.029
74	24	0
74	25	0.05
74	26	0.105
74	27	0
74	28	0
74	29	0
74	30	0
74	31	0.1
74	32	0.061
74	33	0.529
74	34	0.682
74	35	0.333
74	36	1
74	37	0.391
74	38	0.462
74	39	0.438
74	40	0.429
74	41	0.75
74	42	0.222
74	43	0.083
74	44	0.303
74	45	0.459
74	46	0.39
74	47	0.425
74	48	0.409
74	49	0.3
74	50	0.667
74	51	0.214
74	52	0.4
74	53	0.409
74	54	0.615
74	55	0.533
74	56	0.5
74	57	0.673
74	58	0.655
74	59	0.63
74	60	0.571
76	0	0.041
76	1	0
76	2	0
76	3	0
76	4	0
76	5	0
76	6	0
76	7	0
76	8	0
76	9	0.043
76	10	0
76	11	0
76	12	0
76	13	0
76	14	0
76	15	0
76	16	0
76	17	0
76	18	0
76	19	0
76	20	0
76	21	0
76	22	0
76	23	0
76	24	0
76	25	0
76	26	0.125
76	27	0.091
76	28	0
76	29	0
76	30	0.154
76	31	0.167
76	32	0.211
76	33	0.423
76	34	0.5
76	35	0.308
76	36	1
76	37	0.2
76	38	0.3
76	39	0.385
76	40	0.542
76	41	0.5
76	42	0.857
76	43	0.286
76	44	0.412
76	45	0.545
76	46	0.586
76	47	0.5
76	48	0.5
76	49	0.25
76	50	0.25
76	51	0.3
76	52	0.375
76	53	0.273
76	54	0.214
76	55	0.375
76	56	0.375
76	57	0.639
76	58	0.529
76	59	0.395
76	60	0.455
77	10	0
77	11	0
77	13	1
77	15	0
77	17	0
77	18	0.5
77	19	1
77	20	1
77	21	1
77	23	1
77	24	1
77	26	1
77	30	0
77	31	0
77	32	1
77	34	1
77	35	1
77	37	0
77	39	0.5
77	40	1
77	41	0
77	42	1
77	43	1
77	44	1
77	45	1
77	46	1
77	47	0
77	48	0
77	50	1
77	51	1
77	53	1
77	54	1
77	55	1
77	57	1
77	58	1
77	59	1
77	60	1
78	0	0.022
78	1	0
78	2	0
78	3	0
78	4	0
78	5	0
78	6	0
78	7	0
78	8	0
78	9	0
78	10	0
78	11	0
78	12	0
78	13	0.25
78	14	0
78	15	0
78	16	0
78	17	0
78	18	0
78	19	0
78	20	0
78	21	0
78	22	0
78	23	0
78	24	0
78	25	0
78	26	0.154
78	27	0.25
78	28	0
78	29	0
78	30	0
78	31	0.333
78	32	0.375
78	33	0.571
78	34	0.5
78	35	0.25
78	37	0
78	38	0.167
78	39	0.667
78	40	0.222
78	41	0
78	42	0
78	43	0.2
78	44	0.2
78	45	0.364
78	46	0.5
78	47	0.625
78	48	0.5
78	49	0.333
78	50	0.778
78	51	0.333
78	52	0.5
78	53	0.75
78	54	0.6
78	55	0.143
78	56	0.2
78	57	0.615
78	58	0.733
78	59	0.6
78	60	0.706
79	0	0
79	1	0
79	2	0
79	3	0
79	4	0
79	5	0
79	6	0
79	7	0
79	8	0
79	9	0
79	10	0
79	11	0
79	12	0
79	13	0
79	14	0
79	15	0
79	16	0
79	17	0
79	18	0
79	19	0
79	20	0
79	21	0
79	22	0
79	23	0
79	24	0
79	25	0
79	26	0
79	27	0
79	28	0
79	29	0
79	30	0
79	31	0
79	32	0.067
79	33	0.571
79	34	0.5
79	35	0.286
79	37	0.333
79	38	0.5
79	39	0.167
79	40	0.333
79	41	0
79	42	0.5
79	43	0.5
79	44	0.556
79	45	0.545
79	46	0.5
79	47	0.5
79	48	0.25
79	49	0
79	50	0.556
79	51	0.667
79	52	0.6
79	53	0.4
79	54	0.5
79	55	0.875
79	56	0.7
79	57	0.692
79	58	0.8
79	59	0.647
79	60	0.562
80	0	0.033
80	1	0
80	2	0
80	3	0
80	4	0
80	5	0
80	6	0
80	7	0
80	8	0.043
80	9	0.103
80	10	0
80	11	0
80	12	0
80	13	0
80	14	0
80	15	0
80	16	0
80	17	0
80	18	0
80	19	0
80	20	0
80	21	0
80	22	0
80	23	0
80	24	0
80	25	0.053
80	26	0.135
80	27	0.111
80	28	0
80	29	0
80	30	0
80	31	0.056
80	32	0.031
80	33	0.559
80	34	0.391
80	35	0.278
80	37	0.263
80	38	0.273
80	39	0.278
80	40	0.368
80	41	0
80	42	0
80	43	0
80	44	0.387
80	45	0.406
80	46	0.5
80	47	0.472
80	48	0.348
80	49	0.333
80	50	0.385
80	51	0.235
80	52	0.417
80	53	0.176
80	54	0.407
80	55	0.409
80	56	0.348
80	57	0.5
80	58	0.622
80	59	0.592
80	60	0.425
82	0	0.115
82	1	0
82	2	0.143
82	3	0.25
82	4	0.333
82	5	0
82	6	0
82	7	0
82	8	0.2
82	9	0.333
82	10	0
82	11	0
82	12	0
82	13	0
82	14	0
82	15	0
82	16	0
82	17	0
82	18	0
82	19	0
82	20	0
82	21	0
82	22	0
82	23	0
82	24	0
82	25	0
82	26	0.2
82	27	0
82	28	0
82	29	0
82	30	0
82	31	0
82	32	0.25
82	33	0.625
82	34	0.571
82	35	0.5
82	36	0
82	37	0
82	38	0
82	39	0.5
82	40	0.2
82	41	1
82	43	0.75
82	44	0.667
82	45	0.571
82	46	0.6
82	47	0.667
82	48	0.667
82	50	0.625
82	51	1
82	52	0.333
82	53	0.6
82	54	0.571
82	55	1
82	56	0.6
82	57	0.75
82	58	0.714
82	59	0.5
82	60	0.8
83	0	0.051
83	1	0
83	2	0
83	3	0.059
83	4	0.105
83	5	0
83	6	0
83	7	0
83	8	0
83	9	0.083
83	10	0
83	11	0
83	12	0
83	13	0
83	14	0
83	15	0
83	16	0
83	17	0
83	18	0
83	19	0
83	20	0
83	21	0
83	22	0
83	23	0
83	24	0
83	25	0
83	26	0.132
83	27	0
83	28	0
83	29	0
83	30	0
83	31	0
83	32	0.048
83	33	0.571
83	34	0.35
83	35	0.25
83	36	0
83	37	0.4
83	38	0.167
83	39	0.364
83	40	0.414
83	41	0.333
83	42	0.714
83	43	0.286
83	44	0.556
83	45	0.778
83	46	0.667
83	47	0.615
83	48	0.294
83	49	0.333
83	50	0.595
83	51	0.2
83	52	0.571
83	53	0.455
83	54	0.375
83	55	0.333
83	56	0.706
83	57	0.743
83	58	0.579
83	59	0.636
83	60	0.444
85	0	0.043
85	1	0
85	2	0
85	3	0
85	4	0
85	5	0
85	6	0
85	7	0
85	8	0
85	9	0
85	10	0
85	11	0
85	12	0
85	13	0
85	14	0
85	15	0
85	16	0
85	17	0
85	18	0
85	19	0
85	20	0
85	21	0
85	22	0
85	23	0
85	24	0
85	25	0
85	26	0.054
85	27	0
85	28	0
85	29	0
85	30	0
85	31	0
85	32	0
85	33	0.409
85	34	0.417
85	35	0.176
85	36	0
85	37	0.25
85	38	0.143
85	39	0.412
85	40	0.217
85	41	1
85	42	0.5
85	43	0
85	44	0.3
85	45	0.364
85	46	0.296
85	47	0.4
85	48	0.438
85	49	0.4
85	50	0.469
85	51	0.417
85	52	0.385
85	53	0.421
85	54	0.278
85	55	0.417
85	56	0.636
85	57	0.64
85	58	0.652
85	59	0.6
85	60	0.56
87	0	0.167
87	1	0
87	2	0
87	3	0
87	4	0
87	5	0
87	6	0
87	7	0
87	8	0
87	9	0
87	10	0
87	11	0
87	12	0
87	13	0
87	14	0
87	15	0
87	16	0
87	17	0
87	18	0
87	19	0
87	20	0
87	21	0
87	22	0
87	23	0
87	25	0
87	26	0
87	27	0
87	28	0
87	29	0
87	30	0
87	31	0
87	32	0
87	33	0.6
87	34	0.667
87	35	0
87	37	0
87	38	0
87	39	0
87	40	0.143
87	41	0
87	42	1
87	43	1
87	44	0.667
87	45	1
87	46	0.857
87	47	0.5
87	48	1
87	49	0
87	50	1
87	51	0.667
87	52	0.5
87	53	1
87	54	0.667
87	55	0.5
87	56	0.6
87	57	0.714
87	58	0.833
87	59	0.818
87	60	0.5
88	0	0.016
88	1	0
88	2	0
88	3	0
88	4	0
88	5	0
88	6	0
88	7	0
88	8	0
88	9	0.15
88	10	0
88	11	0
88	12	0
88	13	0
88	14	0
88	15	0
88	16	0
88	17	0
88	18	0
88	19	0
88	20	0
88	21	0
88	22	0
88	23	0
88	24	0
88	25	0
88	26	0
88	27	0
88	28	0
88	29	0
88	30	0
88	31	0.077
88	32	0.077
88	33	0.474
88	34	0.5
88	35	0.308
88	36	0.5
88	37	0.364
88	38	0.222
88	39	0.364
88	40	0.333
88	41	0.25
88	42	0
88	43	0.3
88	44	0.45
88	45	0.524
88	46	0.462
88	47	0.409
88	48	0.286
88	49	0.286
88	50	0.321
88	51	0.333
88	52	0.3
88	53	0.214
88	54	0.2
88	55	0.333
88	56	0.5
88	57	0.614
88	58	0.692
88	59	0.733
88	60	0.75
89	0	0
89	1	0
89	2	0
89	3	0
89	4	0
89	5	0
89	6	0
89	7	0
89	8	0
89	9	0.111
89	10	0
89	11	0
89	12	0
89	13	0
89	14	0
89	15	0
89	16	0
89	17	0
89	18	0
89	19	0
89	20	0
89	21	0
89	22	0
89	23	0
89	24	0
89	25	0
89	26	0
89	27	0
89	28	0
89	29	0
89	30	0
89	31	0
89	32	0
89	33	0.1
89	34	0.25
89	35	0.333
89	36	0
89	37	0.167
89	38	0.333
89	39	0
89	40	0.143
89	41	0
89	42	0
89	43	0
89	44	0.125
89	45	0.333
89	46	0.375
89	47	0.333
89	48	0.2
89	49	0.625
89	50	0.286
89	51	0.2
89	52	0.333
89	53	0
89	54	0.333
89	55	0.5
89	56	0.333
89	57	0.643
89	58	0.667
89	59	0.714
89	60	0.417
90	0	0
90	1	0
90	2	0
90	3	0
90	4	0
90	5	0
90	6	0
90	7	0
90	8	0
90	9	0.385
90	10	0
90	11	0
90	12	0
90	13	0
90	14	0
90	15	0
90	16	0
90	17	0
90	18	0
90	19	0
90	20	0
90	21	0
90	22	0
90	23	0
90	24	0
90	25	0
90	26	0
90	27	0
90	28	0
90	29	0
90	30	0
90	31	0
90	32	0
90	33	0.125
90	34	0.222
90	35	0.167
90	36	0
90	37	0.2
90	38	0.25
90	39	0.143
90	40	0.3
90	41	0
90	42	0.5
90	43	0.5
90	44	0.385
90	45	0.444
90	46	0.333
90	47	0.273
90	48	0.111
90	49	0
90	50	0.385
90	51	0.6
90	52	0
90	53	0.167
90	54	0.25
90	55	0.333
90	56	0.364
90	57	0.4
90	58	0.444
90	59	0.529
90	60	0.25
91	0	0.093
91	1	0
91	2	0
91	3	0
91	4	0
91	5	0
91	6	0
91	7	0
91	8	0
91	9	0.267
91	10	0
91	11	0
91	12	0
91	13	0
91	14	0
91	15	0
91	16	0
91	17	0
91	18	0
91	19	0
91	20	0
91	21	0
91	22	0
91	23	0
91	24	0
91	25	0
91	26	0
91	27	0
91	28	0
91	30	0
91	31	0
91	32	0
91	33	0.538
91	34	0.778
91	35	0.385
91	37	0.286
91	38	0.333
91	39	0.333
91	40	0.471
91	41	1
91	42	1
91	43	0.25
91	44	0.294
91	45	0.182
91	46	0.143
91	47	0.111
91	48	0.25
91	49	0.167
91	50	0.353
91	51	0.4
91	52	0.4
91	53	0.182
91	54	0.571
91	55	0.357
91	56	0.333
91	57	0.68
91	58	0.565
91	59	0.639
91	60	0.35
92	0	0.082
92	1	0
92	2	0
92	3	0
92	4	0
92	5	0
92	6	0
92	7	0
92	8	0
92	9	0.182
92	10	0
92	11	0
92	12	0
92	13	0
92	14	0
92	15	0
92	16	0
92	17	0
92	18	0
92	19	0
92	20	0
92	21	0
92	22	0
92	23	0
92	24	0
92	25	0
92	26	0.095
92	27	0
92	28	0
92	29	0
92	30	0.111
92	31	0.154
92	32	0.136
92	33	0.5
92	34	0.643
92	35	0.364
92	36	0.5
92	37	0.111
92	38	0.273
92	39	0.273
92	40	0.316
92	41	1
92	42	0.25
92	43	0.167
92	44	0.522
92	45	0.625
92	46	0.56
92	47	0.647
92	48	0.25
92	49	0.538
92	50	0.316
92	51	0.455
92	52	0.222
92	53	0.364
92	54	0.364
92	55	0.333
92	56	0.619
92	57	0.514
92	58	0.552
92	59	0.375
92	60	0.483
93	0	0.148
93	1	0
93	2	0
93	3	0
93	4	0
93	5	0
93	6	0
93	7	0
93	8	0
93	9	0.118
93	10	0
93	11	0
93	12	0
93	13	0
93	14	0
93	15	0
93	16	0
93	17	0
93	18	0
93	19	0
93	20	0
93	21	0
93	22	0
93	23	0
93	24	0
93	25	0
93	26	0.056
93	27	0
93	28	0
93	29	0
93	30	0.091
93	31	0.1
93	32	0
93	33	0.583
93	34	0.308
93	35	0.333
93	36	0.333
93	37	0.176
93	38	0.455
93	39	0.5
93	40	0.393
93	41	1
93	42	1
93	43	0.4
93	44	0.222
93	45	0.583
93	46	0.735
93	47	0.562
93	48	0.368
93	49	0.75
93	50	0.698
93	51	0.312
93	52	0.455
93	53	0.375
93	54	0.316
93	55	0.5
93	56	0.692
93	57	0.906
93	58	0.865
93	59	0.703
93	60	0.712
95	0	0.016
95	1	0
95	2	0
95	3	0
95	4	0
95	5	0
95	6	0
95	7	0
95	8	0.03
95	9	0.087
95	10	0
95	11	0
95	12	0
95	13	0
95	14	0
95	15	0
95	16	0
95	17	0
95	18	0
95	19	0
95	20	0
95	21	0
95	22	0
95	23	0
95	24	0
95	25	0
95	26	0
95	27	0.1
95	28	0
95	29	0
95	30	0
95	31	0.03
95	32	0.075
95	33	0.542
95	34	0.562
95	35	0.467
95	36	0.222
95	37	0.407
95	38	0.571
95	39	0.36
95	40	0.405
95	41	0.2
95	42	0.364
95	43	0.36
95	44	0.426
95	45	0.413
95	46	0.615
95	47	0.349
95	48	0.444
95	49	0.364
95	50	0.487
95	51	0.417
95	52	0.414
95	53	0.333
95	54	0.438
95	55	0.394
95	56	0.5
95	57	0.529
95	58	0.634
95	59	0.621
95	60	0.731
96	0	0.028
96	1	0
96	2	0
96	3	0
96	4	0
96	5	0
96	6	0
96	7	0
96	8	0
96	9	0.2
96	10	0
96	11	0
96	12	0
96	13	0
96	14	0
96	15	0
96	16	0
96	17	0
96	18	0
96	19	0
96	20	0
96	21	0
96	22	0
96	23	0
96	24	0
96	25	0
96	26	0
96	27	0
96	28	0
96	29	0
96	30	0
96	31	0
96	32	0
96	33	0.244
96	34	0.122
96	35	0.158
96	36	0
96	37	0.081
96	38	0.038
96	39	0.15
96	40	0.256
96	41	0.5
96	42	0.4
96	43	0.148
96	44	0.117
96	45	0.205
96	46	0.205
96	47	0.164
96	48	0.162
96	49	0.333
96	50	0.349
96	51	0.188
96	52	0.238
96	53	0.073
96	54	0.128
96	55	0.243
96	56	0.258
96	57	0.373
96	58	0.452
96	59	0.31
96	60	0.365
97	0	0
97	1	0
97	2	0
97	3	0
97	4	0
97	5	0
97	6	0
97	7	0
97	8	0
97	9	0.071
97	10	0
97	11	0
97	12	0
97	13	0
97	14	0
97	15	0
97	16	0
97	17	0
97	18	0
97	19	0
97	20	0
97	21	0
97	22	0
97	23	0
97	24	0
97	25	0
97	26	0
97	27	0
97	28	0
97	29	0
97	30	0
97	31	0
97	32	0.071
97	33	0.583
97	34	0.7
97	35	0.25
97	37	0.143
97	38	0.25
97	39	0.25
97	40	0.455
97	41	1
97	42	1
97	43	0.5
97	44	0.522
97	45	0.6
97	46	0.519
97	47	0.556
97	48	0.5
97	49	0.579
97	50	0.625
97	51	0.5
97	52	0.5
97	53	0.364
97	54	0.5
97	55	0.647
97	56	0.81
97	57	0.82
97	58	0.656
97	59	0.657
97	60	0.552
98	0	0.094
98	1	0
98	2	0
98	3	0
98	4	0
98	5	0
98	6	0
98	7	0
98	8	0.067
98	9	0.375
98	10	0
98	11	0
98	12	0
98	13	0
98	14	0
98	15	0
98	16	0
98	17	0
98	18	0
98	19	0
98	20	0
98	21	0
98	22	0
98	23	0
98	24	0
98	25	0
98	26	0
98	27	0
98	28	0
98	29	0
98	30	0
98	31	0
98	32	0.1
98	33	0.391
98	34	0.188
98	35	0.133
98	36	0
98	37	0.167
98	38	0.333
98	39	0.267
98	40	0.348
98	41	0.5
98	42	0.727
98	43	0.769
98	44	0.517
98	45	0.643
98	46	0.541
98	47	0.458
98	48	0.357
98	49	0.583
98	50	0.478
98	51	0.375
98	52	0.308
98	53	0.368
98	54	0.455
98	55	0.44
98	56	0.524
98	57	0.569
98	58	0.667
98	59	0.419
98	60	0.439
99	0	0.014
99	1	0
99	2	0
99	3	0
99	4	0
99	5	0
99	6	0
99	7	0
99	8	0
99	9	0.087
99	10	0
99	11	0
99	12	0
99	13	0
99	14	0
99	15	0
99	16	0
99	17	0
99	18	0
99	19	0
99	20	0
99	21	0
99	22	0
99	23	0
99	24	0
99	25	0.059
99	26	0.043
99	27	0
99	28	0
99	29	0
99	30	0
99	31	0
99	32	0.08
99	33	0.133
99	34	0.227
99	35	0.059
99	36	0
99	37	0.133
99	38	0.067
99	39	0.368
99	40	0.286
99	41	0
99	42	0.5
99	43	0.417
99	44	0.188
99	45	0.37
99	46	0.333
99	47	0.261
99	48	0.111
99	49	0
99	50	0.111
99	51	0.182
99	52	0.286
99	53	0.167
99	54	0.111
99	55	0.235
99	56	0.269
99	57	0.426
99	58	0.703
99	59	0.703
99	60	0.657
100	0	0.099
100	1	0
100	2	0
100	3	0
100	4	0
100	5	0
100	6	0
100	7	0
100	8	0.032
100	9	0.071
100	10	0
100	11	0
100	12	0
100	13	0
100	14	0
100	15	0
100	16	0
100	17	0
100	18	0
100	19	0
100	20	0
100	21	0
100	22	0
100	23	0
100	24	0
100	25	0.042
100	26	0.043
100	27	0
100	28	0.062
100	29	0
100	30	0
100	31	0
100	32	0.053
100	33	0.457
100	34	0.344
100	35	0.148
100	36	0
100	37	0.15
100	38	0.233
100	39	0.421
100	40	0.421
100	41	0
100	42	0.538
100	43	0.263
100	44	0.386
100	45	0.51
100	46	0.554
100	47	0.419
100	48	0.5
100	49	0.641
100	50	0.606
100	51	0.364
100	52	0.414
100	53	0.485
100	54	0.381
100	55	0.366
100	56	0.479
100	57	0.684
100	58	0.593
100	59	0.548
100	60	0.631
101	0	0
101	1	0
101	2	0
101	3	0
101	4	0
101	5	0
101	6	0
101	7	0
101	8	0
101	9	0.167
101	10	0
101	11	0
101	12	0
101	13	0
101	14	0
101	15	0
101	16	0
101	17	0
101	18	0
101	19	0
101	20	0
101	21	0
101	22	0
101	23	0
101	24	0
101	25	0
101	26	0
101	27	0
101	28	0
101	29	0
101	30	0
101	31	0
101	32	0
101	33	0.143
101	34	0.273
101	35	0
101	36	0
101	37	0.05
101	38	0
101	39	0
101	40	0.036
101	41	0
101	42	0.333
101	43	0.1
101	44	0.2
101	45	0.154
101	46	0.214
101	47	0.095
101	48	0.15
101	49	0.286
101	50	0.048
101	51	0.214
101	52	0.188
101	53	0.105
101	54	0.056
101	55	0.136
101	56	0.176
101	57	0.556
101	58	0.449
101	59	0.333
101	60	0.514
102	0	0.099
102	1	0
102	2	0
102	3	0
102	4	0
102	5	0
102	6	0
102	7	0
102	8	0
102	9	0.138
102	10	0
102	11	0
102	12	0
102	13	0
102	14	0
102	15	0
102	16	0
102	17	0
102	18	0
102	19	0
102	20	0
102	21	0
102	22	0
102	23	0
102	24	0
102	25	0
102	26	0
102	27	0
102	28	0
102	29	0
102	30	0
102	31	0
102	32	0
102	33	0.226
102	34	0.217
102	35	0.111
102	36	0
102	37	0.133
102	38	0.091
102	39	0.2
102	40	0.4
102	41	0
102	42	0
102	43	0.143
102	44	0.171
102	45	0.423
102	46	0.269
102	47	0.24
102	48	0.294
102	49	0.333
102	50	0.308
102	51	0.375
102	52	0.286
102	53	0.312
102	54	0.281
102	55	0.286
102	56	0.267
102	57	0.419
102	58	0.294
102	59	0.311
102	60	0.353
103	0	0.053
103	1	0
103	2	0
103	3	0
103	4	0
103	5	0
103	6	0
103	7	0
103	8	0
103	9	0.089
103	10	0
103	11	0
103	12	0
103	13	0
103	14	0
103	15	0
103	16	0
103	17	0
103	18	0
103	19	0
103	20	0
103	21	0
103	22	0
103	23	0
103	24	0
103	25	0
103	26	0
103	27	0
103	28	0
103	29	0
103	30	0
103	31	0
103	32	0
103	33	0.25
103	34	0.345
103	35	0.094
103	36	0.143
103	37	0.12
103	38	0.211
103	39	0.5
103	40	0.286
103	41	0.5
103	42	0.2
103	43	0.143
103	44	0.241
103	45	0.306
103	46	0.423
103	47	0.311
103	48	0.276
103	49	0.526
103	50	0.385
103	51	0.333
103	52	0.3
103	53	0.286
103	54	0.195
103	55	0.4
103	56	0.319
103	57	0.536
103	58	0.453
103	59	0.481
103	60	0.407
104	0	0
104	1	0
104	2	0
104	3	0
104	4	0
104	5	0
104	6	0
104	7	0
104	8	0
104	9	0
104	10	0
104	11	0
104	12	0
104	13	0
104	14	0
104	15	0
104	16	0
104	17	0
104	18	0
104	19	0
104	20	0
104	21	0
104	22	0
104	23	0
104	24	0
104	25	0
104	26	0
104	27	0
104	28	0
104	29	0
104	30	0
104	31	0
104	32	0
104	33	0.061
104	34	0.042
104	35	0
104	36	0
104	37	0.154
104	38	0
104	39	0
104	40	0
104	41	0
104	42	0
104	43	0
104	44	0
104	45	0.04
104	46	0.085
104	47	0.043
104	48	0.053
104	49	0
104	50	0.036
104	51	0.053
104	52	0.1
104	53	0.048
104	54	0.115
104	55	0.143
104	56	0.238
104	57	0.245
104	58	0.4
104	59	0.213
104	60	0.205
105	0	0.063
105	1	0
105	2	0
105	3	0
105	4	0
105	5	0
105	6	0
105	7	0
105	8	0
105	9	0
105	10	0
105	11	0
105	12	0
105	13	0
105	14	0
105	15	0
105	16	0
105	17	0
105	18	0
105	19	0
105	20	0
105	21	0
105	22	0
105	23	0
105	24	0
105	25	0
105	26	0
105	27	0
105	28	0
105	29	0
105	30	0
105	31	0
105	32	0
105	33	0.389
105	34	0.312
105	35	0.091
105	36	0
105	37	0.2
105	38	0
105	39	0.2
105	40	0.062
105	41	0.4
105	42	0.5
105	43	0.556
105	44	0.421
105	45	0.5
105	46	0.292
105	47	0.429
105	48	0.154
105	49	0.25
105	50	0.385
105	51	0.364
105	52	0.438
105	53	0.412
105	54	0.5
105	55	0.294
105	56	0.7
105	57	0.625
105	58	0.585
105	59	0.679
105	60	0.593
106	0	0
106	1	0
106	2	0
106	3	0
106	4	0
106	5	0
106	6	0
106	7	0
106	8	0
106	9	0
106	10	0
106	11	0
106	12	0
106	13	0
106	14	0
106	15	0
106	16	0
106	17	0
106	18	0
106	19	0
106	20	0
106	21	0
106	22	0
106	23	0
106	24	0
106	25	0
106	26	0
106	27	0
106	28	0
106	29	0
106	30	0
106	31	0
106	32	0
106	33	0.234
106	34	0.086
106	35	0.158
106	36	0
106	37	0.143
106	38	0.185
106	39	0.368
106	40	0.234
106	41	0
106	42	0.188
106	43	0.182
106	44	0.179
106	45	0.2
106	46	0.167
106	47	0.25
106	48	0.152
106	49	0.5
106	50	0.25
106	51	0.2
106	52	0.308
106	53	0.4
106	54	0.333
106	55	0.24
106	56	0.471
106	57	0.472
106	58	0.583
106	59	0.355
106	60	0.519
107	0	0
107	1	0
107	2	0
107	3	0
107	4	0
107	5	0
107	6	0
107	7	0
107	8	0
107	9	0.146
107	10	0
107	11	0
107	12	0
107	13	0
107	14	0
107	15	0
107	16	0
107	17	0
107	18	0
107	19	0
107	20	0
107	21	0
107	22	0
107	23	0
107	24	0
107	25	0
107	26	0
107	27	0
107	28	0
107	29	0
107	30	0
107	31	0.062
107	32	0.049
107	33	0.567
107	34	0.4
107	35	0.174
107	36	0.2
107	37	0.176
107	38	0.2
107	39	0.211
107	40	0.447
107	41	0.333
107	42	1
107	43	0.429
107	44	0.344
107	45	0.419
107	46	0.387
107	47	0.259
107	48	0.227
107	49	0.4
107	50	0.29
107	51	0.353
107	52	0.389
107	53	0.308
107	54	0.565
107	55	0.565
107	56	0.357
107	57	0.491
107	58	0.489
107	59	0.489
107	60	0.486
108	0	0
108	1	0
108	2	0
108	3	0
108	4	0
108	5	0
108	6	0
108	7	0
108	8	0
108	9	0
108	10	0
108	11	0
108	12	0
108	13	0
108	14	0
108	15	0
108	16	0
108	17	0
108	18	0
108	19	0
108	20	0
108	21	0
108	22	0
108	23	0
108	24	0
108	25	0
108	26	0
108	27	0
108	28	0
108	29	0
108	30	0
108	31	0
108	32	0
108	33	0.154
108	34	0.143
108	35	0.167
108	37	0.125
108	38	0
108	39	0
108	40	0
108	41	1
108	42	0.25
108	43	0.4
108	44	0.273
108	45	0.333
108	46	0.1
108	47	0.167
108	48	0.4
108	49	0
108	50	0.286
108	51	0.4
108	52	0.2
108	53	0.167
108	54	0.2
108	55	0.429
108	56	0.308
108	57	0.19
108	58	0.062
108	59	0.105
108	60	0.154
109	0	0.047
109	1	0
109	2	0
109	3	0
109	4	0
109	5	0
109	6	0
109	7	0
109	8	0
109	9	0.08
109	10	0
109	11	0
109	12	0
109	13	0
109	14	0
109	15	0
109	16	0
109	17	0
109	18	0.019
109	19	0.024
109	20	0
109	21	0
109	22	0
109	23	0
109	24	0
109	25	0.087
109	26	0.167
109	27	0.071
109	28	0
109	29	0.111
109	30	0.026
109	31	0.032
109	32	0.091
109	33	0.277
109	34	0.36
109	35	0.229
109	36	0.111
109	37	0.208
109	38	0.258
109	39	0.292
109	40	0.286
109	41	0.5
109	42	0.2
109	43	0.125
109	44	0.312
109	45	0.44
109	46	0.302
109	47	0.214
109	48	0.194
109	49	0.2
109	50	0.354
109	51	0.4
109	52	0.296
109	53	0.452
109	54	0.459
109	55	0.425
109	56	0.357
109	57	0.449
109	58	0.449
109	59	0.384
109	60	0.383
110	0	0.083
110	1	0
110	2	0
110	3	0
110	4	0
110	5	0
110	6	0
110	7	0
110	8	0
110	9	0
110	10	0
110	11	0
110	12	0
110	13	0
110	14	0
110	15	0
110	16	0
110	17	0
110	18	0
110	19	0
110	20	0
110	21	0
110	22	0
110	23	0
110	24	0
110	25	0
110	26	0
110	27	0
110	28	0
110	29	0
110	30	0
110	31	0
110	32	0
110	33	0
110	34	0.077
110	35	0
110	36	0
110	37	0
110	38	0
110	39	0.083
110	40	0
110	41	0.25
110	42	0.143
110	43	0.333
110	44	0.053
110	45	0.25
110	46	0.1
110	47	0
110	48	0.071
110	50	0.154
110	51	0.286
110	52	0.111
110	53	0.125
110	54	0.077
110	55	0
110	56	0.25
110	57	0.259
110	58	0.25
110	59	0.345
110	60	0.304
111	0	0
111	1	0
111	2	0
111	3	0
111	4	0
111	5	0
111	6	0
111	7	0
111	8	0
111	9	0
111	10	0
111	11	0
111	12	0
111	13	0
111	14	0
111	15	0
111	16	0
111	17	0
111	18	0
111	19	0
111	20	0
111	21	0
111	22	0
111	23	0
111	24	0
111	25	0.2
111	26	0.6
111	27	0.333
111	28	0
111	29	0.5
111	30	0.25
111	31	0.5
111	32	0.429
111	33	0.6
111	34	0.6
111	35	0.5
111	37	0.333
111	38	0.333
111	39	0.4
111	40	0.6
111	44	0.556
111	45	0.375
111	46	0.8
111	47	0.333
111	48	0.5
111	50	0.333
111	51	0.667
111	52	0.667
111	53	0.667
111	54	0.8
111	55	0.667
111	56	0.5
111	57	0.6
111	58	0.545
111	59	0.444
111	60	0.5
112	0	0
112	1	0
112	2	0
112	3	0
112	4	0
112	5	0
112	6	0
112	7	0
112	8	0
112	9	0.195
112	10	0
112	11	0
112	12	0
112	13	0
112	14	0
112	15	0
112	16	0
112	17	0
112	18	0
112	19	0
112	20	0
112	21	0
112	22	0
112	23	0
112	24	0
112	25	0
112	26	0
112	27	0
112	28	0
112	29	0
112	30	0
112	31	0
112	32	0
112	33	0.262
112	34	0.268
112	35	0.25
112	36	0.125
112	37	0.182
112	38	0.158
112	39	0.16
112	40	0.25
112	41	0.4
112	42	0.222
112	43	0.2
112	44	0.317
112	45	0.528
112	46	0.238
112	47	0.226
112	48	0.172
112	49	0.286
112	50	0.222
112	51	0.333
112	52	0.207
112	53	0.292
112	54	0.167
112	55	0.188
112	56	0.394
112	57	0.493
112	58	0.522
112	59	0.468
112	60	0.395
113	0	0
113	1	0
113	2	0
113	3	0
113	4	0
113	5	0
113	6	0
113	7	0
113	8	0
113	9	0
113	10	0
113	11	0
113	12	0
113	14	0
113	15	0
113	16	0
113	17	0
113	18	0
113	19	0
113	20	0
113	21	0
113	22	0
113	23	0
113	24	0
113	25	0
113	26	0
113	27	0
113	28	0
113	29	0
113	30	0
113	31	0
113	32	0
113	33	0.182
113	34	0.125
113	35	0
113	37	0
113	38	0.2
113	39	0
113	40	0
113	43	0.5
113	44	0.364
113	45	0.6
113	46	0.3
113	47	0.167
113	48	0.4
113	49	0.25
113	50	0.2
113	51	0.4
113	52	0
113	53	0.167
113	54	0.4
113	55	0.25
113	56	0.75
113	57	0.714
113	58	0.778
113	59	0.688
113	60	0.353
114	0	0
114	1	0
114	2	0
114	3	0
114	4	0
114	5	0
114	6	0
114	7	0
114	8	0
114	9	0
114	10	0
114	11	0
114	12	0
114	13	0
114	14	0
114	15	0
114	16	0
114	17	0
114	18	0
114	19	0
114	20	0
114	21	0
114	23	0
114	24	0
114	25	0
114	26	0
114	27	0
114	28	0
114	29	0
114	30	0
114	31	0
114	32	0
114	33	0.133
114	34	0.125
114	35	0
114	36	0
114	37	0
114	38	0.167
114	39	0
114	40	0
114	43	0
114	44	0.364
114	45	0.25
114	46	0.222
114	47	0.333
114	48	0
114	49	0.25
114	50	0.333
114	51	0.25
114	52	0.25
114	53	0.25
114	54	0.286
114	55	0.143
114	56	0.375
114	57	0.312
114	58	0.562
114	59	0.375
114	60	0.308
115	0	0.013
115	1	0
115	2	0
115	3	0
115	4	0
115	5	0
115	6	0
115	7	0
115	8	0.034
115	9	0.14
115	10	0
115	11	0
115	12	0
115	13	0
115	14	0
115	15	0
115	16	0
115	17	0
115	18	0
115	19	0
115	20	0
115	21	0
115	22	0
115	23	0
115	24	0
115	25	0
115	26	0
115	27	0.083
115	28	0
115	29	0
115	30	0.045
115	31	0
115	32	0.042
115	33	0.087
115	34	0.179
115	35	0.115
115	36	0.25
115	37	0
115	38	0.217
115	39	0.1
115	40	0.261
115	41	0.333
115	42	0.5
115	43	0.111
115	44	0.2
115	45	0.333
115	46	0.222
115	47	0.143
115	48	0.16
115	49	0.375
115	50	0.333
115	51	0.261
115	52	0.167
115	53	0.167
115	54	0.2
115	55	0.211
115	56	0.138
115	57	0.397
115	58	0.442
115	59	0.5
115	60	0.333
116	0	0.188
116	1	0
116	2	0
116	3	0
116	4	0
116	5	0
116	6	0
116	7	0
116	8	0
116	9	0.333
116	10	0
116	11	0
116	12	0
116	13	0
116	14	0
116	15	0
116	16	0
116	18	0
116	20	0
116	21	0
116	22	0
116	23	0
116	24	0
116	25	0
116	26	0.375
116	27	0
116	28	1
116	29	0
116	30	1
116	31	0.25
116	32	0.25
116	33	1
116	34	1
116	35	0.667
116	36	0
116	37	0.5
116	38	1
116	39	1
116	40	0.5
116	43	1
116	44	0.8
116	45	1
116	46	1
116	47	0.25
116	48	0
116	49	0
116	50	0.5
116	51	0.667
116	52	0
116	53	0
116	54	0.5
116	55	0.5
116	56	0.333
116	57	0.857
116	58	0.571
116	59	0.6
116	60	0.8
117	0	0.083
117	1	0
117	2	0
117	3	0
117	4	0
117	5	0
117	6	0
117	7	0
117	8	0.033
117	9	0.19
117	10	0
117	11	0
117	12	0
117	13	0
117	14	0
117	15	0
117	16	0
117	17	0
117	18	0
117	19	0
117	20	0
117	21	0
117	22	0
117	23	0
117	24	0
117	25	0
117	26	0.088
117	27	0.056
117	28	0
117	29	0
117	30	0.04
117	31	0.091
117	32	0.044
117	33	0.333
117	34	0.312
117	35	0.217
117	36	0
117	37	0.111
117	38	0.174
117	39	0.25
117	40	0.342
117	41	0.333
117	42	0.5
117	43	0.333
117	44	0.333
117	45	0.444
117	46	0.286
117	47	0.367
117	48	0.24
117	49	0.444
117	50	0.474
117	51	0.304
117	52	0.429
117	53	0.391
117	54	0.452
117	55	0.385
117	56	0.529
117	57	0.6
117	58	0.531
117	59	0.509
117	60	0.473
119	0	0
119	1	0
119	2	0
119	3	0
119	4	0
119	5	0
119	6	0
119	7	0
119	8	0
119	9	0.222
119	10	0
119	11	0
119	12	0
119	13	0
119	14	0
119	15	0
119	16	0
119	17	0
119	18	0
119	19	0
119	20	0
119	21	0
119	22	0
119	23	0
119	24	0
119	25	0
119	26	0
119	27	0
119	28	0
119	29	0
119	30	0
119	31	0
119	32	0
119	33	0.3
119	34	0.375
119	35	0.167
119	36	0
119	37	0.25
119	38	0.25
119	39	0
119	40	0.286
119	42	1
119	43	0.333
119	44	0.222
119	45	0.571
119	46	0
119	47	0
119	48	0
119	49	0
119	50	0.333
119	51	0.2
119	52	0
119	53	0.143
119	54	0
119	55	0.25
119	56	0.25
119	57	0.438
119	58	0.308
119	59	0.308
119	60	0.25
120	0	0
120	1	0
120	2	0
120	3	0
120	4	0
120	5	0
120	6	0
120	7	0
120	8	0.062
120	9	0
120	10	0
120	11	0
120	12	0
120	13	0
120	14	0
120	15	0
120	16	0
120	17	0
120	18	0
120	19	0
120	20	0
120	21	0
120	22	0
120	23	0
120	24	0
120	25	0
120	26	0.056
120	27	0
120	28	0
120	29	0
120	30	0
120	31	0.071
120	32	0
120	33	0.25
120	34	0.25
120	35	0.133
120	36	0
120	37	0
120	38	0.357
120	39	0.125
120	40	0.3
120	41	0
120	42	0
120	43	0.111
120	44	0.133
120	45	0.238
120	46	0.269
120	47	0.333
120	48	0.308
120	49	0.167
120	50	0.2
120	51	0.091
120	52	0.154
120	53	0.143
120	54	0.2
120	55	0.071
120	56	0.188
120	57	0.2
120	58	0.226
120	59	0.15
120	60	0.179
121	0	0.099
121	1	0
121	2	0
121	3	0
121	4	0
121	5	0
121	6	0
121	7	0
121	8	0
121	9	0.312
121	10	0
121	11	0
121	12	0
121	13	0
121	14	0
121	15	0
121	16	0
121	17	0
121	18	0
121	19	0
121	20	0
121	21	0
121	22	0
121	23	0
121	24	0
121	25	0
121	26	0.2
121	27	0
121	28	0.091
121	29	0
121	30	0.3
121	31	0.2
121	32	0.167
121	33	0.741
121	34	0.68
121	35	0.462
121	36	0.222
121	37	0.286
121	38	0.647
121	39	0.611
121	40	0.528
121	41	1
121	42	1
121	43	0.6
121	44	0.208
121	45	0.429
121	46	0.31
121	47	0.333
121	48	0.133
121	49	0
121	50	0.2
121	51	0.286
121	52	0.375
121	53	0.412
121	54	0.263
121	55	0.333
121	56	0.375
121	57	0.674
121	58	0.61
121	59	0.543
121	60	0.391
122	0	0
122	1	0
122	2	0
122	3	0
122	4	0
122	5	0
122	6	0
122	7	0
122	8	0
122	9	0
122	10	0
122	11	0
122	12	0
122	13	0
122	14	0
122	15	0
122	16	0
122	17	0
122	18	0
122	19	0
122	20	0
122	21	0
122	22	0
122	23	0
122	24	0
122	25	0
122	26	0
122	27	0
122	28	0
122	29	0
122	30	0
122	31	0
122	32	0
122	33	0
122	34	0
122	35	0
122	36	0
122	37	0
122	38	0
122	39	0
122	40	0
122	41	0.2
122	42	0
122	43	0
122	44	0.273
122	45	0.278
122	46	0.091
122	47	0.1
122	48	0.111
122	49	0
122	50	0.091
122	51	0.286
122	52	0
122	53	0.333
122	54	0.5
122	55	0.2
122	56	0.333
122	57	0.2
122	58	0.353
122	59	0.222
122	60	0.214
124	0	0.007
124	1	0
124	2	0
124	3	0
124	4	0
124	5	0
124	6	0
124	7	0
124	8	0
124	9	0.062
124	10	0
124	11	0
124	12	0
124	13	0
124	14	0
124	15	0
124	16	0
124	17	0
124	18	0
124	19	0
124	20	0
124	21	0
124	22	0
124	23	0
124	24	0
124	25	0
124	26	0.125
124	27	0.091
124	28	0
124	29	0
124	30	0
124	31	0
124	32	0.107
124	33	0.061
124	34	0.154
124	35	0.053
124	36	0.25
124	37	0
124	38	0.067
124	39	0.048
124	40	0.154
124	41	0.333
124	42	0.3
124	43	0.2
124	44	0.121
124	45	0.222
124	46	0.167
124	47	0.105
124	48	0.136
124	49	0
124	50	0.136
124	51	0.105
124	52	0.389
124	53	0.176
124	54	0.167
124	55	0.263
124	56	0.208
124	57	0.227
124	58	0.289
124	59	0.204
124	60	0.29
125	0	0.092
125	1	0
125	2	0
125	3	0
125	4	0
125	5	0
125	6	0
125	7	0
125	8	0.059
125	9	0.2
125	10	0
125	11	0
125	12	0
125	13	0
125	14	0
125	15	0
125	16	0
125	17	0
125	18	0
125	19	0
125	20	0
125	21	0
125	22	0
125	23	0
125	24	0
125	25	0
125	26	0.056
125	27	0
125	28	0.111
125	29	0
125	30	0.071
125	31	0.111
125	32	0.087
125	33	0.429
125	34	0.545
125	35	0.429
125	36	0.5
125	37	0.417
125	38	0.333
125	39	0.357
125	40	0.357
125	41	0.5
125	42	0.333
125	43	0.2
125	44	0.417
125	45	0.444
125	46	0.6
125	47	0.235
125	48	0.167
125	49	0
125	50	0.467
125	51	0.273
125	52	0.667
125	53	0.5
125	54	0.333
125	55	0.286
125	56	0.412
125	57	0.657
125	58	0.788
125	59	0.606
125	60	0.52
127	0	0
127	1	0
127	2	0
127	3	0
127	4	0
127	6	0
127	7	0
127	8	0
127	9	0
127	10	0
127	11	0
127	12	0
127	13	0
127	14	0
127	15	0
127	16	0
127	17	0
127	18	0
127	19	0
127	20	0
127	21	0
127	23	0
127	24	0
127	25	0
127	26	0
127	28	0
127	29	0
127	31	0
127	33	0
127	34	0
127	35	0
127	37	0
127	38	0
127	39	0
127	41	1
127	42	1
127	43	1
127	44	0.333
127	45	0
127	46	0.333
127	47	0
127	48	0
127	50	0
127	51	0
127	53	0
127	54	0
127	55	0
127	56	0
127	57	0
127	58	0
127	59	0
127	60	0
128	0	0
128	1	0
128	2	0
128	3	0
128	4	0
128	5	0
128	6	0
128	7	0
128	8	0
128	9	0
128	10	0
128	11	0
128	12	0
128	13	0
128	14	0
128	15	0
128	16	0
128	17	0
128	18	0
128	19	0
128	20	0
128	21	0
128	22	0
128	23	0
128	24	0
128	25	0
128	26	0
128	27	0
128	28	0
128	29	0
128	30	0
128	31	0
128	32	0
128	33	0.308
128	34	0.312
128	35	0.222
128	36	0
128	37	0.125
128	38	0
128	39	0.286
128	40	0.231
128	43	0
128	44	0.105
128	45	0.2
128	46	0.062
128	47	0
128	48	0.091
128	49	0
128	50	0.182
128	51	0.111
128	52	0.222
128	53	0.111
128	54	0.286
128	55	0.1
128	56	0.091
128	57	0.3
128	58	0.591
128	59	0.385
128	60	0.222
129	0	0
129	1	0
129	2	0
129	3	0
129	4	0
129	5	0
129	6	0
129	7	0
129	8	0
129	9	0
129	10	0
129	11	0
129	12	0
129	13	0
129	14	0
129	15	0
129	16	0
129	17	0
129	18	0
129	19	0
129	20	0
129	21	0
129	22	0
129	23	0
129	24	0
129	25	0
129	26	0
129	27	0
129	28	0
129	29	0
129	30	0
129	31	0
129	32	0
129	33	0
129	34	0
129	35	0
129	36	0
129	37	0
129	38	0
129	39	0
129	40	0
129	42	0
129	43	0
129	44	0
129	45	0
129	46	0
129	47	0
129	48	0
129	49	0
129	50	0
129	51	0
129	52	0
129	53	0
129	54	0.333
129	55	0.375
129	56	0.438
129	57	0.087
129	58	0.263
129	59	0.091
129	60	0.154
130	0	0
130	1	0
130	2	0
130	3	0
130	4	0
130	5	0
130	6	0
130	7	0
130	8	0
130	9	0
130	10	0
130	11	0
130	12	0
130	13	0
130	14	0
130	15	0
130	16	0
130	17	0
130	18	0
130	19	0
130	20	0
130	21	0
130	22	0
130	23	0
130	24	0
130	25	0
130	26	0
130	27	0
130	28	0
130	29	0
130	30	0
130	31	0
130	32	0
130	33	0.067
130	34	0.1
130	35	0.143
130	36	0
130	37	0.111
130	38	0
130	39	0.143
130	40	0.118
130	41	0.5
130	42	0.5
130	43	0
130	44	0.067
130	45	0
130	46	0
130	47	0
130	48	0
130	49	0
130	50	0
130	51	0
130	52	0
130	53	0
130	54	0
130	55	0
130	56	0
130	57	0
130	58	0
130	59	0
130	60	0
131	0	0.085
131	1	0
131	2	0
131	3	0
131	4	0
131	5	0
131	6	0
131	7	0
131	8	0
131	9	0
131	10	0
131	11	0
131	12	0
131	13	0
131	14	0
131	15	0
131	16	0
131	17	0
131	18	0
131	19	0
131	20	0
131	21	0
131	22	0
131	23	0
131	24	0
131	25	0
131	26	0
131	27	0
131	28	0
131	29	0
131	30	0
131	31	0.111
131	32	0.038
131	33	0.348
131	34	0.278
131	35	0.364
131	36	0.5
131	37	0.154
131	38	0.357
131	39	0.4
131	40	0.481
131	41	0.25
131	42	0.222
131	43	0.286
131	44	0.318
131	45	0.294
131	46	0.32
131	47	0.286
131	48	0.25
131	49	0.333
131	50	0.438
131	51	0.273
131	52	0.417
131	53	0.333
131	54	0.583
131	55	0.333
131	56	0.471
131	57	0.529
131	58	0.724
131	59	0.742
131	60	0.583
132	0	0
132	1	0
132	2	0
132	3	0
132	4	0
132	5	0
132	6	0
132	7	0
132	8	0
132	9	0
132	10	0
132	11	0
132	12	0
132	13	0
132	14	0
132	15	0
132	16	0
132	17	0
132	18	0
132	19	0
132	20	0
132	21	0
132	22	0
132	23	0
132	24	0
132	25	0
132	26	0
132	27	0
132	28	0
132	29	0
132	30	0
132	31	0
132	32	0
132	33	0.077
132	34	0
132	35	0
132	36	0
132	37	0
132	38	0
132	39	0
132	40	0.048
132	41	0
132	42	0
132	43	0
132	44	0
132	45	0
132	46	0.062
132	47	0
132	48	0.1
132	49	0
132	50	0
132	51	0.111
132	52	0.125
132	53	0
132	54	0.267
132	55	0.25
132	56	0.2
132	57	0.115
132	58	0.167
132	59	0.115
132	60	0.111
134	0	0
134	1	0
134	2	0
134	3	0
134	4	0
134	5	0
134	6	0
134	7	0
134	8	0
134	9	0
134	10	0
134	11	0
134	12	0
134	13	0
134	14	0
134	15	0
134	16	0
134	17	0
134	18	0
134	19	0
134	20	0
134	21	0
134	22	0
134	23	0
134	24	0
134	25	0
134	26	0
134	27	0
134	28	0
134	29	0
134	30	0
134	31	0
134	32	0
134	33	0.182
134	34	0.083
134	35	0
134	36	0
134	37	0
134	38	0.062
134	39	0.091
134	40	0.087
134	41	0.333
134	42	0.167
134	43	0.286
134	44	0.12
134	45	0.25
134	46	0.179
134	47	0.143
134	48	0.2
134	49	0
134	50	0.133
134	51	0.067
134	52	0.067
134	53	0.267
134	54	0.45
134	55	0.292
134	56	0.167
134	57	0.395
134	58	0.472
134	59	0.381
134	60	0.343
135	0	0
135	1	0
135	2	0
135	3	0
135	4	0
135	5	0
135	6	0
135	7	0
135	8	0
135	9	0
135	10	0
135	11	0
135	12	0
135	13	0
135	14	0
135	15	0
135	16	0
135	17	0
135	18	0
135	19	0
135	20	0
135	21	0
135	22	0
135	23	0
135	24	0
135	25	0
135	26	0
135	27	0
135	28	0
135	29	0
135	30	0
135	31	0
135	32	0
135	33	0.438
135	34	0.423
135	35	0.333
135	36	0.286
135	37	0.182
135	38	0.2
135	39	0.562
135	40	0.342
135	42	0.25
135	43	0.5
135	44	0.265
135	45	0.261
135	46	0.281
135	47	0.2
135	48	0.105
135	49	0
135	50	0.4
135	51	0.294
135	52	0.188
135	53	0.25
135	54	0.28
135	55	0.158
135	56	0.391
135	57	0.623
135	58	0.535
135	59	0.456
135	60	0.222
137	0	0
137	1	0
137	2	0
137	3	0
137	4	0
137	5	0
137	6	0
137	7	0
137	8	0
137	9	0
137	10	0
137	11	0
137	12	0
137	13	0
137	15	0
137	16	0
137	17	0
137	18	0
137	19	0
137	20	0
137	21	0
137	22	0
137	23	0
137	24	0
137	25	0
137	26	0
137	27	0
137	28	0
137	29	0
137	30	0
137	31	0
137	32	0
137	33	0
137	34	0.4
137	35	0
137	37	0.25
137	38	0.5
137	39	0
137	40	0.167
137	43	0
137	44	0.25
137	45	0.5
137	46	0
137	47	0
137	48	0
137	49	0
137	50	0
137	51	0
137	52	0
137	53	0.333
137	54	0.389
137	55	0.25
137	56	0.5
137	57	0.143
137	58	0.2
137	59	0.5
137	60	0.333
138	0	0
138	1	0
138	2	0
138	3	0
138	4	0
138	5	0
138	6	0
138	7	0
138	8	0
138	9	0
138	10	0
138	11	0
138	12	0
138	13	0
138	14	0
138	15	0
138	16	0
138	17	0
138	18	0
138	19	0
138	20	0
138	21	0
138	22	0
138	23	0
138	24	0
138	25	0
138	26	0
138	27	0
138	28	0
138	29	0
138	30	0
138	31	0
138	32	0
138	33	0
138	34	0
138	35	0
138	36	0
138	37	0
138	38	0
138	39	0
138	40	0
138	41	0
138	42	0
138	43	0
138	44	0
138	45	0
138	46	0
138	47	0
138	48	0
138	49	0
138	50	0
138	51	0
138	52	0
138	53	0
138	54	0
138	55	0
138	56	0
138	57	0
138	58	0
138	59	0
138	60	0
140	0	0
140	1	0
140	2	0
140	3	0
140	4	0
140	5	0
140	6	0
140	7	0
140	8	0
140	9	0
140	10	0
140	11	0
140	12	0
140	13	0
140	14	0
140	15	0
140	16	0
140	17	0
140	18	0
140	19	0
140	20	0
140	21	0
140	22	0
140	23	0
140	24	0
140	25	0
140	26	0
140	27	0
140	28	0
140	29	0
140	30	0
140	31	0
140	32	0
140	33	0
140	34	0
140	35	0
140	36	0
140	37	0
140	38	0
140	39	0
140	40	0
140	41	0.25
140	42	0.25
140	43	0.286
140	44	0.143
140	45	0.222
140	46	0.2
140	47	0.143
140	48	0.091
140	49	0
140	50	0
140	51	0
140	52	0
140	53	0
140	54	0
140	55	0
140	56	0
140	57	0.158
140	58	0.133
140	59	0.211
140	60	0.182
141	0	0
141	1	0
141	2	0
141	3	0
141	4	0
141	5	0
141	6	0
141	7	0
141	8	0
141	9	0
141	10	0
141	11	0
141	12	0
141	13	0
141	14	0
141	15	0
141	16	0
141	17	0
141	18	0
141	19	0
141	20	0
141	21	0
141	22	0
141	23	0
141	24	0
141	25	0
141	26	0
141	27	0
141	28	0
141	29	0
141	30	0
141	31	0
141	32	0
141	33	0
141	34	0.4
141	35	0.333
141	36	0
141	37	0.333
141	38	0.5
141	39	0
141	40	0.5
141	41	0
141	42	0
141	43	0
141	44	0.429
141	45	0.333
141	46	0.333
141	47	0.5
141	48	0
141	50	0.2
141	51	0.333
141	52	0
141	53	0.25
141	54	0.667
141	55	0
141	56	0.4
141	57	0.25
141	58	0.5
141	59	0.333
141	60	0.286
