"time"	"distance"	"value"
36	0	0.208
36	1	0.233
36	2	0.071
36	3	0.1
36	4	0.083
36	5	0.125
36	6	0.071
36	7	0
36	8	0
36	9	0
36	10	0.111
36	11	0.105
36	12	0.333
36	13	0.241
36	14	0.167
36	15	0.111
36	16	0
36	17	0
36	18	0
36	19	0
36	20	0
36	21	0
36	22	0
36	23	0
36	42	0.494
37	0	0.421
37	1	0.474
37	2	0.4
37	3	0.286
37	4	0.143
37	5	0.5
37	6	0.333
37	7	0.333
37	8	0.125
37	9	0.25
37	10	0
37	11	0.273
37	12	0.467
37	13	0.4
37	14	0.333
37	15	0.455
37	16	0.385
37	17	0.375
37	18	0.429
37	23	0
37	24	0
37	25	0
37	26	0.125
37	27	0.091
37	28	0
37	29	0
37	30	0
37	31	0
37	32	0
37	33	0
37	34	0
37	35	0
37	36	0
37	37	0
37	38	0
37	39	0.167
37	40	0.25
37	41	0.167
37	42	0.184
38	0	0.3
38	1	0.312
38	2	0.2
38	3	0.25
38	4	0.333
38	5	0.2
38	6	0.231
38	7	0.2
38	8	0.25
38	9	0.2
38	10	0.2
38	11	0.214
38	12	0.312
38	13	0.286
38	14	0.4
38	15	0.357
38	16	0.176
38	17	0
38	18	0
38	19	0.091
38	20	0
38	21	0.154
38	22	0.067
38	23	0.111
38	24	0.034
38	25	0
38	26	0
38	27	0.125
38	28	0
38	29	0
38	30	0
38	31	0
38	32	0
38	33	0.083
38	34	0
38	35	0
38	36	0
38	37	0.091
38	38	0.333
38	39	0.286
38	40	0.2
38	41	0
38	42	0.091
39	0	0.227
39	1	0.2
39	2	0.1
39	3	0.083
39	4	0.143
39	5	0.143
39	6	0
39	7	0.143
39	8	0.333
39	9	0.111
39	10	0.333
39	11	0.083
39	12	0.294
39	13	0.531
39	14	0.333
39	15	0.333
39	16	0
39	17	0
39	18	0
39	19	0
39	20	0
39	21	0
39	22	0
39	23	0
39	24	0
39	25	0
39	26	0
39	27	0
39	28	0
39	29	0
39	30	0
39	31	0
39	32	0
39	35	0
39	36	0
39	37	0
39	38	0.115
39	39	0.667
39	40	0
39	41	0.4
39	42	0.118
40	0	0.378
40	1	0.455
40	2	0.421
40	3	0.278
40	4	0.308
40	5	0.3
40	6	0.238
40	7	0.417
40	8	0.357
40	9	0.444
40	10	0.5
40	11	0.524
40	12	0.559
40	13	0.727
40	14	0.593
40	15	0.577
40	16	0.35
40	17	0.333
40	18	0.211
40	19	0.2
40	20	0.188
40	21	0.182
40	22	0.091
40	23	0.167
40	24	0
40	25	0
40	26	0
40	27	0.1
40	28	0
40	29	0
40	30	0
40	31	0
40	32	0
40	33	0.167
40	34	0
40	35	0
40	36	0
40	37	0.083
40	38	0.208
40	39	0.1
40	40	0
40	41	0
40	42	1
41	0	0.4
41	1	0.394
41	2	0.308
41	3	0.4
41	4	0.111
41	5	0.143
41	6	0.231
41	7	0.111
41	8	0.2
41	9	0.2
41	10	0.333
41	11	0.27
41	12	0.588
41	13	0.417
41	14	0.471
41	15	0.5
41	16	0.25
41	17	0.167
41	18	0.091
41	19	0
41	20	0.167
41	21	0
41	22	0.111
41	23	0.167
41	24	0
41	25	0
41	26	0
41	27	0
41	28	0
41	29	0
41	30	0
41	31	0
41	32	0
41	33	0
41	34	0
41	35	0
41	36	0
41	37	0
41	38	0.073
41	39	0.083
41	40	0
41	41	0
41	42	0.188
42	0	0.35
42	1	0.65
42	2	0.417
42	3	0.235
42	4	0.3
42	5	0.308
42	6	0.292
42	7	0.455
42	8	0.125
42	9	0.286
42	10	0.417
42	11	0.4
42	12	0.486
42	13	0.72
42	14	0.667
42	15	0.438
42	16	0.571
42	17	0.222
42	18	0.1
42	19	0
42	20	0.444
42	21	0.167
42	22	0.4
42	23	0.3
42	24	0
42	25	0
42	26	0.111
42	27	0
42	28	0
42	29	0
42	30	0
42	31	0
42	32	0
42	33	0
42	34	0
42	35	0
42	36	0
42	37	0
42	38	0.107
42	39	0.167
42	40	0.059
42	41	0
43	0	0.308
43	1	0.29
43	2	0.176
43	3	0.188
43	4	0
43	5	0.125
43	6	0.2
43	7	0.182
43	8	0.071
43	9	0.167
43	10	0.2
43	11	0.125
43	12	0.394
43	13	0.347
43	14	0.333
43	15	0.368
43	16	0.318
43	17	0.167
43	18	0.133
43	19	0
43	20	0
43	21	0
43	22	0
43	23	0
43	24	0
43	26	0.1
43	27	0.167
43	28	0
43	29	0
43	30	0
43	31	0
43	32	0
43	33	0
43	34	0
43	35	0
43	36	0
43	37	0
43	38	0.043
43	39	0.222
43	40	0.163
43	41	0.167
43	42	0.667
44	0	0.292
44	1	0.364
44	2	0.222
44	3	0.3
44	4	0.167
44	5	0.143
44	6	0.4
44	7	0.4
44	8	0.4
44	9	0.5
44	10	0.2
44	11	0.417
44	12	0.471
44	13	0.522
44	14	0.5
44	15	0.5
44	16	0.31
44	17	0.083
44	18	0.04
44	19	0.1
44	20	0.091
44	21	0
44	22	0.182
44	23	0.083
44	24	0.03
44	25	0
44	26	0.167
44	27	0.091
44	28	0
44	29	0
44	30	0
44	31	0
44	32	0
44	33	0
44	34	0
44	35	0
44	36	0
44	37	0.04
44	38	0.167
44	39	0.273
44	40	0.25
44	41	0.5
44	42	0.658
45	0	0.425
45	1	0.614
45	2	0.7
45	3	0.529
45	4	0.375
45	5	0.333
45	6	0.52
45	7	0.3
45	8	0.786
45	9	0.571
45	10	0.545
45	11	0.68
45	12	0.556
45	13	0.625
45	14	0.594
45	15	0.474
45	16	0.545
45	17	0.417
45	18	0.438
45	19	0.2
45	20	0.444
45	21	0
45	22	0.2
45	23	0.1
45	24	0.182
45	26	0.1
45	27	0.294
45	28	0.182
45	29	0.083
45	30	0.125
45	31	0.1
45	32	0.091
45	33	0.3
45	34	0.167
45	35	0.143
45	36	0.125
45	37	0.154
45	38	0.243
45	39	0.067
45	40	0.083
45	41	0
45	42	0.368
46	0	0.439
46	1	0.5
46	2	0.556
46	3	0.333
46	4	0.455
46	5	0.444
46	6	0.389
46	7	0.222
46	8	0.5
46	9	0.417
46	10	0.625
46	11	0.412
46	12	0.64
46	13	0.5
46	14	0.556
46	15	0.44
46	16	0.542
46	17	0.176
46	18	0
46	19	0
46	20	0.056
46	21	0
46	22	0.143
46	23	0.071
46	24	0.036
46	25	0
46	26	0.154
46	27	0.05
46	28	0
46	29	0
46	30	0
46	31	0
46	32	0
46	33	0
46	34	0
46	35	0
46	36	0
46	37	0
46	38	0
46	39	0.083
46	40	0
46	41	0
46	42	0
47	0	0.5
47	1	0.552
47	2	0.355
47	3	0.4
47	4	0.353
47	5	0.231
47	6	0.273
47	7	0.267
47	8	0.471
47	9	0.316
47	10	0.444
47	11	0.423
47	12	0.575
47	13	0.645
47	14	0.467
47	15	0.652
47	16	0.565
47	17	0.167
47	18	0.059
47	19	0.333
47	20	0.188
47	21	0
47	22	0.167
47	23	0.071
47	24	0
47	25	0
47	26	0
47	27	0.067
47	28	0
47	29	0
47	30	0
47	31	0
47	32	0
47	33	0
47	34	0
47	35	0
47	36	0
47	37	0
47	38	0.083
47	39	0.091
47	40	0.077
47	41	0.111
47	42	0.333
48	0	0.347
48	1	0.432
48	2	0.273
48	3	0.235
48	4	0.273
48	5	0
48	6	0.143
48	7	0.25
48	8	0.222
48	9	0.222
48	10	0
48	11	0.353
48	12	0.542
48	13	0.37
48	14	0.344
48	15	0.25
48	16	0.286
48	17	0.091
48	18	0.05
48	19	0
48	20	0
48	21	0.1
48	22	0.059
48	23	0
48	24	0.032
48	25	0
48	26	0
48	27	0.083
48	28	0
48	29	0
48	30	0
48	31	0
48	32	0
48	33	0
48	34	0
48	35	0
48	36	0
48	37	0
48	38	0
48	39	0.25
48	40	0.2
48	41	0
48	42	0
49	0	0.324
49	1	0.348
49	2	0.214
49	3	0.364
49	4	0.214
49	5	0.222
49	6	0.45
49	7	0.364
49	8	0.143
49	9	0.214
49	10	0.222
49	11	0.36
49	12	0.516
49	13	0.436
49	14	0.345
49	15	0.304
49	16	0.464
49	17	0.071
49	18	0.278
49	19	0.5
49	20	0.15
49	21	0.143
49	22	0.333
49	23	0.1
49	24	0.138
49	25	0
49	26	0
49	27	0.105
49	28	0
49	29	0
49	30	0
49	31	0
49	32	0
49	33	0
49	34	0
49	35	0
49	36	0
49	37	0
49	38	0
49	39	0.077
49	40	0.14
49	41	0
49	42	0
50	0	0.293
50	1	0.34
50	2	0.276
50	3	0.227
50	4	0.333
50	5	0.167
50	6	0.259
50	7	0.308
50	8	0.25
50	9	0.143
50	10	0.167
50	11	0.226
50	12	0.415
50	13	0.472
50	14	0.294
50	15	0.324
50	16	0.4
50	17	0.167
50	18	0.292
50	19	0
50	20	0.16
50	21	0.062
50	22	0.357
50	23	0.4
50	24	0.071
50	25	0
50	26	0
50	27	0
50	28	0
50	29	0
50	30	0
50	31	0
50	32	0
50	33	0
50	34	0
50	35	0
50	36	0
50	37	0.083
50	38	0.316
50	39	0.571
50	40	0.6
50	41	0
50	42	1
51	0	0.154
51	1	0.091
51	2	0.143
51	3	0.222
51	4	0.125
51	5	0.2
51	6	0.125
51	7	0.333
51	8	0.143
51	9	0
51	10	0
51	11	0.333
51	12	0.5
51	13	0.417
51	14	0.556
51	15	0.556
51	16	0.25
51	17	0.333
51	18	0
51	19	0.333
51	20	0.143
51	21	0.333
51	22	0.091
51	23	0.133
51	24	0
51	25	0
51	26	0
51	27	0.235
51	28	0
51	29	0
51	30	0
51	31	0
51	32	0
51	33	0
51	34	0
51	35	0
51	36	0
51	37	0.091
51	38	0.286
51	39	0.158
51	40	0
51	41	0
51	42	0.058
52	0	0.462
52	1	0.545
52	2	0.2
52	3	0.278
52	4	0.333
52	5	0.091
52	6	0.318
52	7	0.25
52	8	0.125
52	9	0.231
52	10	0.375
52	11	0.5
52	12	0.531
52	13	0.468
52	14	0.412
52	15	0.517
52	16	0.348
52	17	0.154
52	18	0.077
52	19	0.167
52	20	0.364
52	21	0.111
52	22	0.231
52	23	0.286
52	24	0.067
52	25	0
52	26	0.125
52	27	0.091
52	28	0
52	29	0
52	30	0
52	31	0
52	32	0
52	33	0
52	34	0
52	35	0
52	36	0
52	37	0
52	38	0.105
52	39	0
52	40	0
52	41	0
52	42	0.345
53	0	0.294
53	1	0.375
53	2	0.217
53	3	0.333
53	4	0.364
53	5	0.167
53	6	0.333
53	7	0.5
53	8	0.222
53	9	0.333
53	10	0.167
53	11	0.353
53	12	0.529
53	13	0.375
53	14	0.25
53	15	0.5
53	16	0.308
53	17	0.188
53	18	0.111
53	19	0.25
53	20	0.158
53	21	0.267
53	22	0.115
53	23	0.154
53	24	0
53	26	0
53	27	0.059
53	28	0
53	29	0
53	30	0
53	31	0
53	32	0
53	33	0
53	34	0
53	35	0
53	36	0
53	37	0
53	38	0.06
53	39	0.071
53	40	0
53	41	0.286
53	42	0.136
54	0	0.667
54	1	0.5
54	2	0.75
54	3	0.462
54	4	0.35
54	5	0.091
54	6	0.438
54	7	0.25
54	8	0.385
54	9	0.455
54	10	0.5
54	11	0.364
54	12	0.452
54	13	0.425
54	14	0.36
54	15	0.576
54	16	0.538
54	17	0.222
54	18	0.062
54	19	0
54	20	0.056
54	21	0.167
54	22	0.08
54	23	0.067
54	24	0.083
54	25	0
54	26	0.042
54	27	0.105
54	28	0
54	29	0
54	30	0
54	31	0
54	32	0.071
54	33	0
54	34	0
54	35	0.067
54	36	0
54	37	0.111
54	38	0.111
54	39	0
54	40	0
54	41	0
54	42	0.667
55	0	0.389
55	1	0.378
55	2	0.211
55	3	0.267
55	4	0.059
55	5	0.091
55	6	0.25
55	7	0.333
55	8	0.417
55	9	0.214
55	10	0.25
55	11	0.444
55	12	0.52
55	13	0.4
55	14	0.429
55	15	0.722
55	16	0.667
55	17	0
55	18	0
55	19	0
55	20	0
55	21	0
55	22	0
55	23	0
55	24	0.091
55	25	0
55	26	0
55	27	0
55	28	0
55	29	0
55	30	0
55	31	0.125
55	32	0
55	33	0
55	34	0.125
55	35	0
55	36	0.2
55	37	0.118
55	38	0.111
55	39	0.125
55	40	0
55	41	0
55	42	0.057
56	0	0.2
56	1	0.304
56	2	0.273
56	3	0.222
56	4	0.5
56	5	0
56	6	0.091
56	7	0.222
56	8	0.167
56	9	0
56	10	0
56	11	0.2
56	12	0.286
56	13	0.4
56	14	0.269
56	15	0.321
56	16	0.415
56	17	0.389
56	18	0.12
56	19	0.2
56	20	0.105
56	21	0.154
56	22	0.2
56	23	0.154
56	24	0.077
56	25	0
56	26	0.045
56	27	0
56	28	0
56	29	0
56	30	0
56	31	0
56	32	0
56	33	0
56	34	0
56	35	0
56	36	0
56	37	0
56	38	0.1
56	39	0.429
56	40	0
56	41	0
56	42	0.389
57	0	0.667
57	1	0.63
57	2	0.5
57	3	0.231
57	4	0.077
57	5	0.222
57	6	0.286
57	7	0.5
57	8	0.5
57	9	0.625
57	10	0
57	11	0.636
57	12	0.632
57	13	0.615
57	14	0.52
57	15	0.6
57	16	0.579
57	17	0.308
57	18	0.125
57	19	0
57	20	0.091
57	21	0
57	22	0.133
57	23	0.286
57	24	0.091
57	25	0
57	26	0
57	27	0
57	28	0
57	29	0
57	30	0
57	31	0
57	32	0
57	33	0
57	34	0
57	35	0
57	36	0
57	37	0
57	38	0
57	39	0.182
57	40	0.5
57	41	0
57	42	0.121
58	0	0.588
58	1	0.737
58	2	0.667
58	3	0.375
58	4	0.333
58	5	0.4
58	6	0.375
58	7	0.429
58	8	0.333
58	9	0.625
58	10	0.5
58	11	0.455
58	12	0.562
58	13	0.75
58	14	0.733
58	15	0.75
58	16	0.688
58	17	0.4
58	18	0.5
58	19	0.25
58	20	0.556
58	21	0.4
58	22	0.364
58	23	0.222
58	24	0.095
58	25	0
58	26	0
58	27	0
58	28	0
58	29	0
58	30	0
58	31	0
58	32	0
58	33	0
58	34	0
58	35	0
58	36	0
58	37	0
58	38	0.121
58	39	0.25
58	40	0.5
58	41	0.143
58	42	0.039
59	0	0.395
59	1	0.606
59	2	0.474
59	3	0.214
59	4	0.188
59	5	0.4
59	6	0.389
59	7	0.222
59	8	0.368
59	9	0.333
59	10	0.4
59	11	0.571
59	12	0.586
59	13	0.605
59	14	0.619
59	15	0.531
59	16	0.615
59	17	0.438
59	18	0
59	19	0
59	20	0
59	21	0
59	22	0
59	23	0
59	24	0
59	25	0
59	26	0
59	27	0.1
59	28	0
59	29	0
59	30	0
59	31	0
59	32	0
59	33	0
59	34	0
59	35	0
59	36	0
59	37	0
59	38	0.125
59	39	0
59	41	0
59	42	0.471
60	0	0.36
60	1	0.455
60	2	0.273
60	3	0.3
60	4	0.417
60	5	0
60	6	0.4
60	7	0.286
60	8	0.3
60	9	0.5
60	10	0.333
60	11	0.429
60	12	0.412
60	13	0.417
60	14	0.353
60	15	0.5
60	16	0.421
60	17	0.444
60	18	0.31
60	19	0
60	20	0.267
60	21	0.143
60	22	0.182
60	23	0
60	24	0.111
60	25	0
60	26	0.143
60	27	0
60	28	0
60	29	0
60	30	0
60	31	0
60	32	0
60	33	0
60	34	0
60	35	0
60	36	0
60	37	0
60	38	0.154
60	39	0.444
60	40	0.167
60	41	0.2
60	42	0.214
61	0	0.52
61	1	0.444
61	2	0.182
61	3	0.091
61	4	0.091
61	5	0
61	6	0.077
61	7	0.25
61	8	0.222
61	9	0.286
61	10	0.375
61	11	0.357
61	12	0.444
61	13	0.619
61	14	0.467
61	15	0.55
61	16	0.583
61	17	0.462
61	18	0.15
61	19	0
61	20	0.267
61	21	0.091
61	22	0.3
61	23	0.111
61	24	0.105
61	25	0.25
61	26	0
61	27	0.2
61	28	0
61	29	0
61	30	0.125
61	31	0.111
61	32	0
61	33	0.091
61	34	0.1
61	35	0.111
61	36	0.125
61	37	0.083
61	38	0.292
61	39	0.5
61	40	0.25
61	41	0.167
61	42	0.24
62	0	0.1
62	1	0.107
62	2	0.222
62	3	0.182
62	4	0.238
62	5	0.222
62	6	0.231
62	7	0.222
62	8	0.5
62	9	0.25
62	10	0.5
62	11	0.75
62	12	0.444
62	13	0.444
62	14	0.4
62	15	0.5
62	16	0.667
62	17	0.429
62	18	0.25
62	20	0.143
62	21	0.1
62	22	0.062
62	23	0
62	24	0.097
62	25	0
62	26	0.077
62	27	0
62	28	0
62	29	0.077
62	30	0
62	31	0.083
62	32	0
62	33	0.071
62	34	0.133
62	35	0
62	36	0.111
62	37	0.188
62	38	0.172
62	39	0.091
62	40	0.286
62	41	0.2
62	42	0.567
63	0	0.556
63	1	0.585
63	2	0.571
63	3	0.333
63	4	0.136
63	5	0
63	6	0.286
63	7	0.625
63	9	1
63	10	0.4
63	11	0.4
63	12	0.188
63	13	0.364
63	14	0.429
63	15	0.25
63	16	0.2
63	17	0.538
63	18	0.333
63	19	0.5
63	20	0
63	21	0.444
63	22	0.333
63	23	0.286
63	24	0.167
63	25	0
63	26	0.111
63	27	0.125
63	28	0.1
63	29	0
63	30	0.167
63	31	0.091
63	32	0.143
63	33	0.167
63	34	0.111
63	35	0.091
63	36	0
63	37	0.182
63	38	0.273
63	39	0.444
63	40	0.571
63	41	0
63	42	0
64	7	0.4
64	8	0.462
64	9	0.429
64	10	0.286
64	11	0.577
64	12	0.667
64	13	0.5
64	14	0.538
64	15	0.63
64	16	0.611
64	17	0.28
64	18	0.211
64	19	0
64	20	0.125
64	21	0.4
64	22	0.133
64	23	0.133
64	24	0.259
64	25	0
64	26	0.083
64	27	0.118
64	28	0
64	29	0
64	30	0.083
64	31	0.059
64	32	0.077
64	33	0.176
64	34	0.083
64	35	0.077
64	36	0.1
64	37	0
65	0	0.211
65	1	0.25
65	2	0
65	3	0.154
65	4	0
65	5	0
65	6	0.091
65	7	0
65	8	0.1
65	9	0.2
65	10	0.2
65	11	0.267
65	12	0.385
65	13	0.368
65	14	0.4
65	15	0.467
65	16	0.308
65	17	0.111
65	18	0.267
65	19	0.5
65	20	0.167
65	21	0.2
65	22	0.333
65	23	0.143
65	24	0
65	25	0
65	26	0
65	27	0.167
65	28	0
65	29	0
65	30	0
65	31	0
65	32	0
65	33	0
65	34	0
65	35	0
65	36	0
65	37	0.227
65	38	0.204
65	39	0.105
65	40	0
65	41	0.125
65	42	0.347
66	0	0.553
66	1	0.536
66	2	0.333
66	3	0.417
66	4	0.571
66	5	0.375
66	6	0.667
66	7	0.2
66	8	0.5
66	9	0.6
66	10	0.5
66	11	0.625
66	12	0.556
66	13	0.7
66	14	0.5
66	15	0.778
66	16	0.667
66	17	0.818
66	18	0.362
66	19	0.333
66	20	0.615
66	21	0.5
66	22	0.286
66	23	0.5
66	24	0.143
66	25	0
66	26	0.077
66	27	0.154
66	28	0.143
66	29	0
66	30	0
66	31	0
66	32	0
66	33	0.154
66	34	0
66	35	0
66	36	0
66	37	0.133
66	38	0.12
66	39	0.143
66	40	0.286
66	41	0
67	0	0.586
67	1	0.458
67	2	0.417
67	3	0.188
67	4	0.32
67	5	0.231
67	6	0.321
67	7	0.583
67	8	0.444
67	9	0.429
67	10	0.615
67	11	0.667
67	12	0.7
67	13	0.74
67	14	0.724
67	15	0.756
67	16	0.774
67	17	0.567
67	18	0.553
67	19	0.375
67	20	0.611
68	0	0.25
68	1	0.3
68	2	0.714
68	3	0.2
68	4	0.429
68	5	0.5
68	6	0.4
68	7	0.4
68	8	0.5
68	9	0.667
68	10	0.75
68	11	0.571
68	12	0.7
68	13	0.909
68	14	0.714
68	15	0.867
68	16	0.643
68	17	0.75
68	18	0.3
68	19	0
68	20	0.222
68	21	0.389
68	22	0.522
68	23	0.263
68	24	0.233
68	25	0.111
68	26	0.211
68	27	0.25
68	28	0.118
68	29	0.062
68	30	0
68	31	0
68	32	0.053
68	33	0.125
68	34	0.083
68	35	0
68	36	0
68	37	0
68	38	0.214
68	39	0.188
68	40	0.143
68	41	0
68	42	0
69	0	0.167
69	1	0.265
69	2	0
69	3	0
69	4	0
69	5	0.125
69	6	0.167
69	7	0.286
69	8	0
69	9	0
69	10	0
69	11	0.091
69	12	0.091
69	13	0.111
69	14	0.222
69	15	0.214
69	16	0.077
69	17	0
69	18	0
69	19	0
69	20	0.077
69	21	0.2
69	22	0
69	23	0.083
69	24	0.208
69	25	0
69	26	0.143
69	27	0.214
69	28	0.167
69	29	0
69	30	0
69	31	0
69	32	0
69	33	0
69	34	0
69	35	0
69	36	0
69	37	0
69	38	0.04
69	39	0.125
69	40	0
69	41	0
69	42	0.104
70	0	0.321
70	1	0.524
70	2	0.643
70	3	0.308
70	4	0.182
70	5	0.333
70	6	0.333
70	7	0.182
70	8	0.308
70	9	0.25
70	10	0.286
70	11	0.333
70	12	0.5
70	13	0.303
70	14	0.214
70	15	0.188
70	16	0.235
70	17	0.167
70	18	0
70	19	0
70	20	0.077
70	21	0.143
70	22	0.083
70	23	0.167
70	24	0
70	26	0
70	27	0
70	28	0
70	29	0
70	30	0
70	31	0
70	32	0
70	33	0
70	34	0
70	35	0
70	36	0
70	37	0
70	38	0
70	39	0.111
70	40	0
70	41	0
70	42	0
71	0	0.467
71	1	0.686
71	2	0.5
71	3	0.133
71	4	0.176
71	5	0.111
71	6	0.158
71	7	0.182
71	8	0.235
71	9	0.222
71	10	0.4
71	11	0.348
71	12	0.214
71	13	0.833
71	14	0.8
71	15	0.706
71	16	0.588
71	17	0.533
71	18	0.533
71	19	0
71	20	0.1
71	21	0
71	22	0.182
71	23	0.444
71	24	0.188
71	26	0.222
71	27	0.111
71	28	0
71	29	0.167
71	30	0
71	31	0
71	32	0.111
71	33	0.167
71	34	0
71	35	0
71	36	0
71	37	0.083
71	38	0.2
71	39	0.4
71	40	0
71	41	0
71	42	0.174
72	12	0.5
72	13	0.459
72	14	0.381
72	15	0.486
72	16	0.485
72	17	0.118
72	18	0.214
72	19	0
72	20	0
72	21	0
72	22	0.062
72	23	0.143
72	24	0.036
72	25	0
72	26	0
72	27	0.048
72	28	0.083
72	29	0
72	30	0
72	31	0.083
72	32	0
72	33	0.062
72	34	0
72	35	0
72	36	0.1
72	37	0.125
72	38	0.324
72	39	0.143
72	40	0
72	41	0
72	42	1
73	0	0.4
73	1	0.654
73	2	0.6
73	3	0.45
73	4	0.278
73	5	0.286
73	6	0.315
73	7	0.364
73	8	0.48
73	9	0.636
73	10	0.5
73	11	0.643
73	12	0.675
73	13	0.639
73	14	0.533
73	15	0.69
73	16	0.462
73	42	1
74	0	0.312
74	1	0.385
74	2	0.667
74	16	0.947
74	17	0.459
74	18	0.533
74	19	0.25
74	20	0.188
74	21	0.357
74	22	0.167
74	23	0.188
74	24	0.148
74	25	0
74	26	0.053
74	27	0.05
74	28	0.077
74	29	0.067
74	30	0.077
74	31	0.067
74	32	0.071
74	33	0.056
74	34	0.182
74	35	0.071
74	36	0.3
74	37	0.143
74	38	0.31
74	39	0.357
74	40	0.143
74	41	0
74	42	0.75
75	0	0.192
75	1	0.385
75	2	0.25
75	3	0.2
75	4	0.15
75	5	0.167
75	6	0.318
75	7	0.4
75	8	0.318
75	9	0.333
75	10	0.25
75	11	0.393
75	12	0.423
75	13	0.553
75	14	0.5
75	15	0.867
75	16	0.467
75	17	0.625
75	18	0.3
75	19	0.4
75	20	0.167
75	21	0.25
75	22	0.286
75	23	0.25
75	24	0.214
75	26	0.167
75	27	0.286
75	28	0
75	29	0.4
75	30	0
75	31	0.2
75	32	0.167
75	33	0.25
75	34	0.5
75	35	0.4
75	36	0.25
75	37	0.286
75	38	0.4
75	39	0.25
75	40	0.5
75	41	0
75	42	0.222
76	0	0.625
76	1	0.591
76	2	0.222
76	3	0.286
76	4	0.222
76	5	0.25
76	6	0.6
76	7	0.25
76	8	0.2
76	9	0.4
76	10	0.333
76	11	0.727
76	12	0.8
76	13	0.824
76	14	0.6
76	15	0.639
76	16	0.556
76	17	0.194
76	18	0.071
76	19	0.167
76	20	0.091
76	21	0
76	22	0
76	23	0
76	24	0
76	25	0
76	26	0
76	27	0
76	28	0
76	29	0
76	30	0
76	31	0
76	32	0
76	33	0
76	34	0
76	35	0
76	36	0
76	37	0
76	38	0
76	39	0
76	40	0
76	41	0
77	0	0.29
77	1	0.522
77	2	0.6
77	3	0.125
77	4	0.2
77	5	0.2
77	6	0
77	7	0.667
77	8	0.333
77	9	0.75
77	10	0.8
77	11	0.714
77	12	0.667
77	13	0.684
77	14	0.667
77	15	0.75
77	16	0.643
77	17	0.167
77	18	0.161
77	19	0.125
77	20	0.083
77	21	0.214
77	22	0.154
77	23	0.214
77	24	0.045
77	25	0
77	26	0.231
77	27	0.133
77	28	0
77	29	0
77	30	0
77	31	0
77	32	0
77	33	0
77	34	0
77	35	0
77	36	0
77	37	0
77	38	0
77	39	0.111
77	40	0.2
77	41	0
77	42	0.12
78	0	0.357
78	1	0.565
78	2	0.462
78	3	0.214
78	4	0.3
78	5	0.333
78	6	0.4
78	7	0.5
78	8	0.357
78	9	0.385
78	10	0.4
78	11	0.368
78	12	0.273
78	13	0.385
78	14	0.4
78	15	0.444
78	16	0.294
78	17	0
78	18	0
78	19	0
78	20	0
78	21	0
78	22	0
78	23	0
78	24	0
78	25	0
78	26	0
78	27	0.1
78	28	0
78	29	0
78	30	0
78	31	0
78	32	0
78	33	0
78	34	0
78	35	0
78	36	0
78	37	0
78	38	0
78	39	0
78	40	0
78	41	0
78	42	0.353
79	0	0.474
79	1	0.577
79	2	0.455
79	3	0.429
79	4	0.333
79	5	0
79	6	0.231
79	7	0.429
79	8	0.25
79	9	0.286
79	10	0.4
79	11	0.4
79	12	0.471
79	13	0.55
79	14	0.5
79	15	0.6
79	16	0.545
79	17	0.438
79	18	0.235
79	19	0
79	20	0.333
79	21	0.143
79	22	0.286
79	23	0.333
79	24	0.053
79	26	0.1
79	27	0.222
79	28	0
79	29	0
79	30	0
79	31	0
79	32	0
79	33	0
79	34	0
79	35	0
79	36	0
79	37	0
79	38	0.231
79	39	0.2
79	40	0.2
79	41	0
79	42	0.108
80	0	0.308
80	1	0.733
80	2	0.5
80	3	0.25
80	4	0.25
80	5	0
80	11	0.455
80	12	0.45
80	13	0.478
80	14	0.385
80	15	0.75
80	16	0.609
80	17	0.773
80	18	0.533
80	19	0.111
80	20	0.333
80	21	0.2
80	22	0.222
80	23	0.3
80	24	0.158
80	25	0
80	26	0.1
80	27	0
80	28	0
80	29	0
80	30	0
80	31	0
80	32	0
80	33	0
80	34	0
80	35	0
80	36	0
80	37	0
80	38	0
80	39	0
80	40	0
80	41	0
80	42	0.333
81	5	0.167
81	6	0.2
81	7	0
81	8	0.545
81	9	0.571
81	10	0.333
81	11	0.611
81	12	0.684
81	13	0.667
81	14	0.733
81	15	0.821
81	16	0.654
81	17	0.429
81	18	0.4
81	19	0
81	20	0.091
81	21	0.4
81	22	0.455
81	23	0.444
81	24	0.222
81	26	0
81	27	0
81	28	0
81	29	0
81	30	0
81	31	0
81	32	0
81	33	0
81	34	0
81	35	0
81	36	0
81	37	0
81	38	0
81	39	0
81	40	0
81	41	0
81	42	0
82	0	0.36
82	1	0.541
82	2	0.294
82	3	0.3
82	4	0.417
82	5	0.375
82	6	0.231
82	7	0.5
82	8	0.154
82	9	0.333
82	10	0.333
82	11	0.357
82	12	0.4
82	13	0.318
82	14	0.429
82	15	0.583
82	16	0.5
82	17	0.053
82	18	0.25
82	19	0
82	20	0
82	21	0
82	22	0
82	23	0
82	24	0.091
82	25	0
82	26	0.143
82	27	0.167
82	28	0
82	29	0
82	30	0
82	31	0
82	32	0
82	33	0
82	34	0
82	35	0
82	36	0
82	37	0
82	38	0.091
82	39	0.5
82	40	0
82	41	0
82	42	0.273
83	0	0.353
83	1	0.5
83	2	0.286
83	3	0.143
83	4	0
83	5	0
83	6	0
83	7	0.4
83	8	0.125
83	9	0.5
83	10	0.333
83	11	0.222
83	12	0.333
83	13	0.222
83	14	0.167
83	15	0.062
83	16	0.263
83	17	0.333
83	18	0.267
83	19	0
83	20	0
83	21	0
83	22	0
83	23	0.083
83	24	0
83	25	0
83	26	0.067
83	27	0.2
83	28	0
83	29	0
83	30	0
83	31	0
83	32	0
83	33	0
83	34	0
83	35	0
83	36	0
83	37	0
83	38	0.12
83	39	0
83	40	0
83	41	0.286
83	42	0
84	0	0.574
84	1	0.551
84	2	0.458
84	3	0.208
84	4	0.222
84	5	0.214
84	6	0.227
84	7	0
84	8	0.2
84	9	0
84	10	0
84	11	0.167
84	12	0.3
84	13	0.455
84	14	0.375
84	15	0.5
84	16	0.429
84	17	0
84	18	0
84	19	0
84	20	0
84	21	0
84	22	0
84	23	0
84	24	0
84	25	0
84	26	0
84	27	0.333
84	28	0
84	29	0
84	30	0
84	31	0
84	32	0
84	33	0
84	34	0
84	35	0
84	36	0
84	37	0
84	38	0.111
84	39	0.375
84	41	0
84	42	0.527
85	6	0.2
85	7	0.143
85	8	0.273
85	9	0.273
85	10	0.333
85	11	0.476
85	12	0.5
85	13	0.5
85	14	0.609
85	15	0.659
85	16	0.571
85	17	0.351
85	18	0.121
85	19	0.111
85	20	0.062
85	21	0.267
85	22	0.182
85	23	0.25
85	24	0.071
85	25	0
85	26	0.118
85	27	0
85	28	0
85	29	0
85	30	0
85	31	0
85	32	0
86	0	0.724
86	1	0.862
86	2	0.667
86	3	0.4
86	4	0.167
86	5	0.6
86	6	0.526
86	7	0.333
86	8	0.7
86	9	1
86	10	0.429
86	11	0.692
86	12	0.6
86	13	0.667
86	14	0.5
86	15	0.857
86	16	0.714
86	17	0
86	18	0.071
86	19	0
86	20	0
86	21	0
86	22	0
86	23	0
86	24	0
86	25	0
86	26	0
86	27	0
86	28	0
86	29	0
86	30	0
86	31	0
86	32	0
86	33	0
86	34	0
86	35	0.056
86	36	0.25
86	37	0.036
86	38	0.139
86	39	0.105
86	40	0.243
86	41	0
86	42	0.714
87	0	0.303
87	1	0.483
87	2	0.294
87	3	0.1
87	4	0
87	5	0
87	6	0.062
87	7	0
87	8	0.1
87	9	0
87	10	0.4
87	11	0.312
87	12	0.263
87	13	0.37
87	14	0.391
87	15	0.423
87	16	0.6
87	17	0.484
87	18	0.138
87	19	0
87	20	0.125
87	21	0.231
87	22	0.067
87	23	0.118
87	24	0.118
87	25	0
87	26	0.091
87	27	0.188
87	28	0
87	29	0
87	30	0
87	31	0
87	32	0
87	33	0
87	34	0
87	35	0
87	36	0
87	37	0
87	38	0.2
87	39	0.2
87	40	0.333
87	41	0
87	42	0.545
88	0	0.559
88	1	0.579
88	2	0.364
88	3	0.4
88	4	0.4
88	5	0.167
88	6	0.333
88	7	0.5
88	8	0.571
88	9	0.333
88	10	0.5
88	11	0.583
88	12	0.5
88	13	0.526
88	14	0.571
88	15	0.625
88	16	0.636
88	17	0.353
88	18	0.308
88	19	0.25
88	20	0.273
88	21	0.286
88	22	0.444
88	23	0.429
88	24	0.167
88	25	0
88	26	0.125
88	27	0
88	28	0
88	29	0
88	30	0
88	31	0
88	32	0
88	33	0
88	34	0
88	35	0
88	36	0
88	37	0
88	38	0.135
88	39	0.125
88	40	0.143
88	41	0
88	42	0.284
89	0	0.605
89	1	0.689
89	2	0.727
89	3	0.5
89	4	0.333
89	5	0.125
89	6	0.353
89	7	0.231
89	8	0.333
89	9	0.333
89	10	0.556
89	11	0.348
89	12	0.615
89	13	0.568
89	14	0.526
89	15	0.344
89	16	0.364
89	17	0.143
89	18	0.148
89	19	0.182
89	20	0.053
89	21	0.231
89	22	0.143
89	23	0.3
89	24	0
89	25	0
89	26	0
89	27	0.125
89	28	0
89	29	0
89	30	0
89	31	0
89	32	0
89	33	0
89	34	0
89	35	0
89	36	0
89	37	0
89	38	0
89	39	0
89	40	0
89	41	0
89	42	0
90	0	0.588
90	1	0.545
90	2	0.273
90	3	0.105
90	4	0.077
90	5	0.3
90	6	0.188
90	7	0.111
90	8	0.375
90	9	0.273
90	10	0.143
90	11	0.3
90	12	0.429
90	13	0.436
90	14	0.412
90	15	0.545
90	16	0.312
90	17	0.2
90	18	0
90	19	0
90	20	0
90	21	0
90	22	0.167
90	23	0.125
90	24	0.125
90	25	0
90	26	0
90	27	0.2
90	28	0
90	29	0
90	30	0
90	31	0
90	32	0
90	33	0
90	34	0
90	35	0
90	36	0
90	37	0
90	38	0
90	39	0.1
90	40	0
90	41	0.286
90	42	0.42
91	0	0.516
91	1	0.414
91	2	0.462
91	3	0.312
91	4	0.25
91	5	0.5
91	6	0.235
91	7	0.167
91	8	0.455
91	9	0.375
91	10	0.5
91	11	0.5
91	12	0.583
91	13	0.7
91	14	0.565
91	15	0.5
91	16	0.385
91	17	0.214
91	18	0.138
91	19	0
91	20	0.15
91	21	0.154
91	22	0.25
91	23	0.083
91	24	0.211
91	25	0
91	26	0.333
91	27	0.083
91	28	0.143
91	29	0
91	30	0
91	31	0
91	32	0
91	33	0
91	34	0
91	35	0
91	36	0
91	37	0.188
91	38	0.37
91	39	0.273
91	40	0.167
91	41	0.333
91	42	0.1
92	0	0.556
92	1	0.531
92	2	0.529
92	3	0.357
92	4	0.5
92	5	0.286
92	6	0.412
92	7	0.143
92	8	0.3
92	9	0.4
92	10	0.286
92	11	0.412
92	12	0.667
92	13	0.586
92	14	0.55
92	15	0.531
92	16	0.529
92	17	0.263
92	18	0.382
92	19	0.125
92	20	0.286
92	21	0.312
92	22	0.357
92	23	0.211
92	24	0.103
92	25	0
92	26	0.095
92	27	0.053
92	28	0.143
92	29	0
92	30	0
92	31	0
92	32	0
92	33	0
92	34	0
92	35	0
92	36	0
92	37	0
92	38	0.037
92	39	0
92	40	0
92	41	0
92	42	0
93	0	0.192
93	1	0.143
93	2	0.182
93	3	0.062
93	4	0.125
93	5	0.091
93	6	0.091
93	7	0.091
93	8	0.091
93	9	0
93	10	0.25
93	11	0.053
93	12	0.238
93	13	0.371
93	14	0.217
93	15	0.294
93	16	0.227
93	17	0.188
93	18	0.133
93	19	0.1
93	20	0.267
93	21	0.167
93	22	0.25
93	23	0.077
93	24	0.05
93	25	0
93	26	0.091
93	27	0.071
93	28	0
93	29	0
93	30	0
93	31	0
93	32	0
93	33	0
93	34	0
93	35	0
93	36	0
93	37	0
93	38	0.034
93	39	0
93	40	0
93	41	0
93	42	0.348
94	0	0.233
94	1	0.345
94	2	0.143
94	3	0.188
94	4	0.2
94	5	0.25
94	6	0.211
94	7	0.222
94	8	0.357
94	9	0.143
94	10	0.3
94	11	0.282
94	12	0.368
94	13	0.292
94	14	0.149
94	15	0.24
94	16	0.297
94	17	0.12
94	18	0.312
94	19	0
94	20	0.073
94	21	0.133
94	22	0.214
94	23	0.2
94	24	0.19
94	25	0
94	26	0.111
94	27	0
94	28	0
94	29	0
94	30	0
94	31	0
94	32	0
94	33	0
94	34	0
94	35	0
94	36	0
94	37	0
94	38	0.143
94	39	0.182
94	40	0.333
94	41	0.286
94	42	0.22
95	0	0.233
95	1	0.207
95	2	0.303
95	3	0.318
95	4	0.35
95	5	0.178
95	6	0.087
95	7	0.125
95	8	0.133
95	9	0.2
95	10	0.2
95	11	0.25
95	12	0.372
95	13	0.444
95	14	0.464
95	15	0.342
95	16	0.409
95	17	0
95	18	0.091
95	19	0.2
95	20	0.083
95	21	0.143
95	22	0.125
95	23	0.042
95	24	0.023
95	25	0
95	26	0
95	27	0
95	28	0
95	29	0
95	30	0
95	31	0
95	32	0
95	33	0
95	34	0
95	35	0
95	36	0
95	37	0
95	38	0.021
95	39	0
95	40	0
95	41	0
95	42	0.147
96	0	0.694
96	1	0.328
96	2	0.189
96	3	0.3
96	4	0.2
96	5	0.133
96	6	0.359
96	7	0.4
96	8	0.208
96	9	0.4
96	10	0.353
96	11	0.388
96	12	0.568
96	13	0.649
96	14	0.585
96	15	0.529
96	16	0.568
96	17	0.261
96	18	0.277
96	19	0.111
96	20	0.333
96	21	0.261
96	22	0.258
96	23	0.208
96	24	0.105
96	25	0
96	26	0.067
96	27	0.071
96	28	0
96	29	0
96	30	0
96	31	0
96	32	0
96	33	0
96	34	0
96	35	0
96	36	0
96	37	0
96	38	0.059
96	39	0.091
96	40	0
96	41	0
96	42	0.322
97	0	0.231
97	1	0.365
97	2	0.311
97	3	0.137
97	4	0.071
97	5	0.2
97	6	0.125
97	7	0.16
97	8	0.077
97	9	0.16
97	10	0.176
97	11	0.189
97	12	0.19
97	13	0.32
97	14	0.265
97	15	0.242
97	16	0.156
97	17	0.214
97	18	0.13
97	19	0.231
97	20	0.13
97	21	0.095
97	22	0.111
97	23	0.05
97	24	0
97	25	0
97	26	0.077
97	27	0.115
97	28	0
97	29	0
97	30	0
97	31	0
97	32	0
97	33	0
97	34	0
97	35	0
97	36	0
97	37	0
97	38	0.041
97	39	0.029
97	40	0.042
97	41	0.105
97	42	0.247
98	0	0.333
98	1	0.552
98	2	0.52
98	3	0.333
98	4	0.5
98	5	0.133
98	6	0.27
98	7	0.2
98	8	0.35
98	9	0.192
98	10	0.176
98	11	0.27
98	12	0.308
98	13	0.418
98	14	0.406
98	15	0.383
98	16	0.236
98	17	0.13
98	18	0.103
98	19	0
98	20	0.114
98	21	0.071
98	22	0.143
98	23	0.192
98	24	0.021
98	25	0
98	26	0
98	27	0
98	28	0
98	29	0
98	30	0
98	31	0
98	32	0
98	33	0
98	34	0
98	35	0
98	36	0
98	37	0
98	38	0.109
98	39	0.069
98	40	0.111
98	41	0.118
98	42	0.238
99	0	0.424
99	1	0.565
99	2	0.333
99	3	0.267
99	4	0.222
99	5	0.385
99	6	0.35
99	7	0.364
99	8	0.267
99	9	0.417
99	10	0.571
99	11	0.44
99	12	0.545
99	13	0.618
99	14	0.389
99	15	0.375
99	16	0.333
99	17	0.211
99	18	0.027
99	19	0
99	20	0.036
99	21	0
99	22	0.034
99	23	0.04
99	24	0
99	25	0
99	26	0
99	27	0.04
99	28	0
99	29	0
99	30	0
99	31	0
99	32	0
99	33	0
99	34	0
99	35	0
99	36	0
99	37	0
99	38	0.059
99	39	0.045
99	40	0.045
99	41	0
99	42	0.314
100	0	0.26
100	1	0.232
100	2	0.241
100	3	0.102
100	4	0.167
100	5	0.171
100	6	0.182
100	7	0.097
100	8	0.29
100	9	0.194
100	10	0.179
100	11	0.288
100	12	0.463
100	13	0.558
100	14	0.5
100	15	0.59
100	16	0.421
100	17	0.185
100	18	0.182
100	19	0.125
100	20	0.304
100	21	0.176
100	22	0.148
100	23	0.133
100	24	0.062
100	25	0
100	26	0
100	27	0.095
100	28	0
100	29	0
100	30	0
100	31	0
100	32	0
100	33	0
100	34	0
100	35	0
100	36	0
100	37	0.033
100	38	0.118
100	39	0.263
100	40	0.111
100	41	0
100	42	0.205
101	0	0.218
101	1	0.268
101	2	0.25
101	3	0.107
101	4	0.25
101	5	0.312
101	6	0.207
101	7	0.158
101	8	0.275
101	9	0.3
101	10	0.25
101	11	0.405
101	12	0.306
101	13	0.356
101	14	0.353
101	15	0.379
101	16	0.373
101	17	0.179
101	18	0.098
101	19	0.211
101	20	0.15
101	21	0.167
101	22	0.237
101	23	0.214
101	24	0.092
101	25	0
101	26	0.036
101	27	0.083
101	28	0
101	29	0
101	30	0
101	31	0
101	32	0
101	33	0
101	34	0
101	35	0
101	36	0
101	37	0.062
101	38	0.089
101	39	0.13
101	40	0
101	41	0.043
101	42	0.253
102	0	0.246
102	1	0.396
102	2	0.314
102	3	0.172
102	4	0.24
102	5	0.14
102	6	0.267
102	7	0.19
102	8	0.045
102	9	0.176
102	10	0.312
102	11	0.188
102	12	0.5
102	13	0.5
102	14	0.472
102	15	0.444
102	16	0.303
102	17	0.1
102	18	0.034
102	19	0
102	20	0
102	21	0.053
102	22	0
102	23	0.056
102	24	0
102	25	0
102	26	0
102	27	0
102	28	0
102	29	0
102	30	0
102	31	0
102	32	0
102	33	0
102	34	0
102	35	0
102	36	0
102	37	0
102	38	0.014
102	39	0.138
102	40	0
102	41	0
102	42	0.223
103	0	0.408
103	1	0.534
103	2	0.41
103	3	0.237
103	4	0.31
103	5	0.25
103	6	0.3
103	7	0.3
103	8	0.333
103	9	0.381
103	10	0.462
103	11	0.436
103	12	0.562
103	13	0.538
103	14	0.523
103	15	0.432
103	16	0.443
103	17	0.238
103	18	0.051
103	19	0.1
103	20	0.04
103	21	0.045
103	22	0.077
103	23	0
103	24	0.029
103	25	0
103	26	0.05
103	27	0.036
103	28	0
103	29	0
103	30	0
103	31	0
103	32	0
103	33	0
103	34	0
103	35	0
103	36	0
103	37	0.024
103	38	0.046
103	39	0.237
103	40	0.048
103	41	0
103	42	0.299
104	0	0.191
104	1	0.364
104	2	0.45
104	3	0.38
104	4	0.281
104	5	0.261
104	6	0.2
104	7	0.2
104	8	0.242
104	9	0.219
104	10	0.19
104	11	0.281
104	12	0.298
104	13	0.31
104	14	0.172
104	15	0.263
104	16	0.222
104	17	0.115
104	18	0.115
104	19	0
104	20	0.091
104	21	0
104	22	0.1
104	23	0
104	24	0.147
104	25	0
104	26	0.111
104	27	0.1
104	28	0
104	29	0
104	30	0
104	31	0
104	32	0
104	33	0
104	34	0
104	35	0
104	36	0
104	37	0
104	38	0.042
104	39	0
104	40	0
104	41	0
104	42	0.122
105	0	0.429
105	1	0.49
105	2	0.4
105	3	0.238
105	4	0.263
105	5	0.167
105	6	0.207
105	7	0.278
105	8	0.364
105	9	0.438
105	10	0.308
105	11	0.312
105	12	0.357
105	13	0.5
105	14	0.541
105	15	0.407
105	16	0.333
105	17	0
105	18	0
105	19	0
105	20	0
105	21	0
105	22	0.074
105	23	0
105	24	0.049
105	25	0
105	26	0.033
105	27	0.118
105	28	0
105	29	0
105	30	0
105	31	0
105	32	0
105	33	0
105	34	0
105	35	0
105	36	0
105	37	0
105	38	0.017
105	39	0.062
105	40	0
105	41	0.062
105	42	0.392
106	0	0.303
106	1	0.448
106	2	0.293
106	3	0.132
106	4	0.148
106	5	0.083
106	6	0.195
106	7	0.107
106	8	0.194
106	9	0.217
106	10	0.222
106	11	0.269
106	12	0.365
106	13	0.25
106	14	0.354
106	15	0.324
106	16	0.312
106	17	0.2
106	18	0
106	19	0
106	20	0.069
106	21	0
106	22	0.04
106	23	0
106	24	0
106	26	0
106	27	0.25
106	28	0
106	29	0
106	30	0
106	31	0
106	32	0
106	33	0.059
106	34	0.056
106	35	0.053
106	36	0.091
106	37	0.034
106	38	0.079
106	39	0.045
106	40	0
106	41	0
106	42	0.476
107	0	0.318
107	1	0.58
107	2	0.242
107	3	0.1
107	4	0.091
107	5	0.083
107	6	0.043
107	7	0.2
107	8	0.1
107	9	0.25
107	10	0.1
107	11	0.412
107	12	0.292
107	13	0.436
107	14	0.429
107	15	0.194
107	16	0.263
107	17	0
107	18	0
107	19	0
107	20	0
107	21	0
107	22	0
107	23	0.048
107	24	0
107	25	0
107	26	0.062
107	27	0.167
107	28	0
107	29	0
107	30	0
107	31	0
107	32	0
107	33	0.034
107	34	0.053
107	35	0.045
107	36	0
107	37	0.069
107	38	0.125
107	39	0.133
107	40	0
107	41	0.062
107	42	0.357
108	0	0.227
108	1	0.311
108	2	0.125
108	3	0.091
108	4	0.133
108	5	0
108	6	0.143
108	7	0.227
108	8	0.083
108	9	0.111
108	10	0.125
108	11	0.152
108	12	0.261
108	13	0.137
108	14	0.205
108	15	0.205
108	16	0.082
108	17	0
108	18	0.029
108	19	0
108	20	0.03
108	21	0.037
108	22	0
108	23	0
108	24	0
108	25	0
108	26	0.037
108	27	0.038
108	28	0
108	29	0
108	30	0
108	31	0
108	32	0
108	33	0
108	34	0
108	35	0
108	36	0
108	37	0
108	38	0.125
108	39	0.182
108	40	0
108	41	0.125
108	42	0.261
109	0	0.407
109	1	0.655
109	2	0.5
109	3	0.188
109	4	0.259
109	5	0.125
109	6	0.167
109	7	0.286
109	8	0.235
109	9	0.333
109	10	0.25
109	11	0.333
109	12	0.488
109	13	0.426
109	14	0.464
109	15	0.444
109	16	0.444
109	17	0.154
109	18	0.077
109	19	0.091
109	20	0.05
109	21	0.083
109	22	0
109	23	0.083
109	24	0
109	25	0
109	26	0.062
109	27	0
109	28	0
109	29	0
109	30	0
109	31	0
109	32	0
109	33	0
109	34	0
109	35	0
109	36	0
109	37	0
109	38	0.058
109	39	0.091
109	40	0.045
109	41	0.176
109	42	0.119
110	0	0.167
110	1	0.351
110	2	0.233
110	3	0.125
110	4	0.233
110	5	0.115
110	6	0.19
110	7	0.12
110	8	0.097
110	9	0.174
110	10	0.125
110	11	0.233
110	12	0.312
110	13	0.329
110	14	0.283
110	15	0.244
110	16	0.229
110	17	0
110	18	0
110	19	0.1
110	20	0.038
110	21	0.053
110	22	0.04
110	23	0.105
110	24	0.029
110	25	0
110	26	0
110	27	0
110	28	0
110	29	0
110	30	0
110	31	0
110	32	0
110	33	0
110	34	0
110	35	0
110	36	0
110	37	0.095
110	38	0.267
110	39	0.111
110	40	0.429
110	41	0
110	42	0.533
111	0	0.273
111	1	0.361
111	2	0.2
111	3	0.179
111	4	0.222
111	5	0.067
111	6	0.156
111	7	0.154
111	8	0.062
111	9	0.107
111	10	0.176
111	11	0.175
111	12	0.291
111	13	0.192
111	14	0.242
111	15	0.156
111	16	0.147
111	17	0.095
111	18	0.083
111	19	0
111	20	0.048
111	21	0.077
111	22	0
111	23	0
111	24	0
111	25	0
111	26	0
111	27	0.033
111	28	0
111	29	0
111	30	0
111	31	0
111	32	0
111	33	0
111	34	0
111	35	0
111	36	0
111	37	0.069
111	38	0.093
111	39	0.077
111	40	0.167
111	41	0.143
111	42	0.15
112	0	0.486
112	1	0.744
112	2	0.438
112	3	0.375
112	4	0.25
112	5	0.1
112	6	0.35
112	7	0.1
112	8	0.182
112	9	0.364
112	10	0.333
112	11	0.524
112	12	0.4
112	13	0.594
112	14	0.476
112	15	0.583
112	16	0.2
112	17	0.5
112	18	0
112	19	0
112	20	0
112	21	0
112	22	0.125
112	23	0
112	24	0.045
112	25	0
112	26	0.1
112	27	0
112	28	0
112	29	0
112	30	0
112	31	0
112	32	0
112	33	0
112	34	0
112	35	0
112	36	0
112	37	0.133
112	38	0.115
112	39	0.091
112	40	0
112	41	0.167
112	42	0.333
113	0	0.533
113	1	0.65
113	2	0.4
113	3	0.308
113	4	0.308
113	5	0.333
113	6	0.381
113	7	0.3
113	8	0.333
113	9	0.4
113	10	0.4
113	11	0.579
113	12	0.652
113	13	0.643
113	14	0.65
113	15	0.556
113	16	0.6
113	17	0.143
113	18	0.333
113	19	0.25
113	20	0.2
113	21	0
113	22	0.375
113	23	0.2
113	24	0.083
113	25	0
113	26	0.2
113	27	0
113	28	0
113	29	0
113	30	0
113	31	0
113	32	0
113	33	0
113	34	0
113	35	0
113	36	0
113	37	0
113	38	0.053
113	39	0.167
113	40	0
113	41	0
113	42	0.27
114	0	0.5
114	1	0.724
114	2	0.417
114	3	0.125
114	4	0.25
114	5	0.167
114	6	0.3
114	7	0.333
114	8	0.286
114	9	0.286
114	10	0.75
114	11	0.438
114	12	0.588
114	13	0.778
114	17	0
114	18	0.091
114	19	0
114	20	0.231
114	21	0
114	22	0.154
114	23	0.5
114	24	0.095
114	25	0
114	26	0.1
114	27	0.1
114	28	0.143
114	29	0.1
114	30	0
114	31	0.2
114	32	0
114	33	0.167
114	34	0.167
114	35	0.083
114	36	0
114	37	0.154
114	38	0.267
114	39	0.364
114	40	0.286
114	41	0
114	42	0.053
115	0	0.6
115	1	0.733
115	2	0.385
115	3	0.5
115	4	0.556
115	5	0.5
115	6	0.333
115	7	0.25
115	13	0.357
115	14	0.538
115	15	0.706
115	16	0.5
115	17	0.25
115	18	0
115	19	0
115	20	0
115	21	0
115	22	0
115	23	0.2
115	24	0.059
115	25	0
115	26	0
115	27	0.111
115	28	0.273
115	29	0.125
115	30	0
115	31	0.25
115	32	0.2
115	33	0.111
115	34	0.167
115	35	0
115	36	0.167
115	37	0.333
115	38	0.333
115	39	0.167
115	40	0.2
115	41	0
115	42	0.05
116	0	1
116	1	0.455
116	2	0.25
116	3	0.333
116	4	0.2
116	5	0.5
116	6	0.333
116	7	1
116	8	0.375
116	9	0.286
116	10	0.8
116	11	0.429
116	12	0.714
116	13	0.667
116	14	0.684
116	15	0.769
116	16	0.733
116	17	0.429
116	18	0.4
116	19	0.25
116	20	0.625
116	21	0.556
116	22	0.5
116	23	0.429
116	24	0.133
116	25	0.333
116	26	0.167
116	27	0.167
116	28	0.3
116	29	0.182
116	30	0.2
116	31	0.111
116	32	0.286
116	33	0.125
116	34	0.125
116	35	0.333
116	36	0
116	37	0.167
116	38	0.278
116	39	0.5
116	40	0.2
116	41	0
116	42	0.25
117	0	0.355
117	1	0.632
117	2	0.591
117	3	0.385
117	4	0.375
117	5	0.222
117	6	0.462
117	7	0.2
117	8	0
117	9	0.5
117	10	0
117	11	0.455
117	12	0.643
117	13	0.6
117	14	0.583
117	15	0.727
117	16	0.625
117	17	0.143
117	18	0
117	19	0
117	20	0.333
117	21	0
117	22	0.2
117	23	0.143
117	24	0
117	25	0
117	26	0.167
117	27	0
117	28	0
117	29	0
117	30	0
117	31	0
117	32	0
117	33	0
117	34	0
117	35	0
117	36	0
117	37	0
117	38	0.059
117	39	0
117	40	0
117	41	0
117	42	0
118	6	0.6
118	7	0.714
118	8	0.7
118	9	0.5
118	10	0.375
118	11	0.722
118	12	0.947
118	13	0.96
118	14	0.895
118	15	0.8
118	16	0.812
118	17	0.625
118	18	0.417
118	19	0.333
118	20	0.444
118	21	0.25
118	22	0.545
118	23	0
118	24	0.25
118	25	0
118	26	0
118	27	0
118	28	0
118	29	0
118	30	0
118	31	0
118	32	0
118	33	0
118	34	0
118	35	0
118	36	0
118	37	0
118	38	0
118	39	0.273
118	40	0
118	41	0.167
118	42	0
119	0	0.571
119	1	0.893
119	2	0.667
119	3	0.3
119	4	0.143
119	5	0.5
119	6	0.3
119	7	0.429
119	8	0.444
119	9	0.667
119	10	0.25
119	11	0.643
119	12	0.733
119	13	0.867
119	14	0.727
119	15	0.833
119	16	0.75
119	17	0.167
119	18	0.273
119	20	0.222
119	21	0.375
119	22	0.286
119	23	1
119	24	0.154
119	25	0
119	26	0.4
119	27	0
119	28	0.5
119	29	0.286
119	30	0
119	31	0
119	32	0
119	33	0
119	34	0
119	35	0
119	36	0
119	37	0
119	42	0
120	0	0.273
120	1	0.381
120	2	0.2
120	3	0.1
120	4	0
120	5	0
120	6	0.167
120	7	0.143
120	8	0.2
120	9	0
120	10	0
120	11	0.25
120	12	0.357
120	13	0.294
120	14	0.267
120	15	0.385
120	16	0.1
120	17	0
120	18	0
120	19	0
120	20	0
120	21	0
120	37	0
120	38	0
120	39	0.167
120	40	0
120	41	0
120	42	0.346
121	0	0.25
121	1	0.267
121	2	0.182
121	3	0
121	4	0.2
121	5	0
121	6	0.1
121	7	0.2
121	8	1
121	21	0
121	22	0
121	23	0
121	24	0
121	25	0
121	26	0
121	27	0
121	28	0.079
121	29	0
121	30	0
121	31	0
121	32	0
121	33	0
121	34	0
121	35	0
121	36	0
121	37	0
121	38	0.056
121	39	0.111
121	40	0
121	41	0
121	42	0.416
122	0	0.333
122	1	0.571
122	2	0.5
122	8	0.5
122	9	0.167
122	11	0.077
122	12	0.267
122	13	0.286
122	14	0.182
122	15	0.4
122	16	0.286
122	17	0.2
122	18	0.25
122	19	0.5
122	20	0.143
122	21	0.125
122	22	0.5
122	23	0.4
122	24	0
122	25	0
122	26	0
122	27	0.167
122	28	0
122	29	0
122	30	0
122	31	0
122	32	0
122	33	0
122	34	0
122	35	0
122	36	0
122	37	0
122	38	0
122	39	0.15
122	40	0.125
122	41	0
122	42	0.308
123	2	0.111
123	3	0.35
123	4	0.2
123	5	0.571
123	6	0.333
123	7	0.308
123	8	0.238
123	9	0.444
123	10	0.4
123	11	0.321
123	12	0.538
123	13	0.6
123	14	0.5
123	15	0.48
123	16	0.423
124	17	0.091
124	18	0.091
124	19	0
124	20	0.133
124	21	0.154
124	22	0.333
124	23	0.091
124	24	0.033
124	25	0
124	26	0.118
124	27	0
124	28	0.042
124	29	0.077
124	30	0
124	31	0
124	32	0
124	33	0
124	34	0
124	35	0
124	36	0
124	37	0
124	38	0.067
125	0	0.278
125	1	0.5
125	2	0.429
125	3	0.429
125	4	0.5
125	5	0.5
125	6	0.167
125	7	0.25
125	8	0
125	9	0.5
125	10	1
125	11	0.333
125	12	0.444
125	13	0.462
125	14	0.5
125	15	0.333
125	16	0.143
125	17	0
125	18	0
125	20	0
125	21	0
125	22	0
125	23	0
125	24	0
125	26	0
125	27	0
125	28	0
125	29	0
125	30	0
125	38	0.065
125	39	0
125	40	0.182
125	41	0
125	42	0.526
126	0	0.419
126	1	0.56
126	2	0.583
126	3	0.4
126	4	0.471
126	5	0.333
126	6	0.636
126	7	0.25
126	8	0.3
126	9	0.625
126	10	0.222
126	11	0.476
126	12	0.737
126	13	0.69
126	14	0.737
126	15	0.538
126	16	0.444
126	17	0
126	18	0
126	20	0
126	21	0
126	23	0
126	24	0
126	26	0
126	28	0
126	30	0
126	31	0
126	32	0
126	33	0
126	34	0
126	35	0
126	36	0
126	37	0
126	38	0
126	39	0
126	40	0
126	41	0
126	42	0
127	17	0.167
127	18	0.071
127	19	0.286
127	20	0.111
127	21	0.222
127	22	0.222
127	23	0.111
127	24	0
127	25	0
127	26	0.1
127	27	0.167
127	28	0.077
127	29	0
127	30	0
127	31	0
127	32	0
127	33	0
127	34	0
127	35	0
127	36	0
127	37	0
127	38	0.133
127	39	0.067
127	40	0.1
128	0	0.412
128	1	0.429
128	2	0.273
128	3	0
128	4	0
128	5	0
128	6	0.1
128	7	0.25
128	8	0
128	9	0.143
128	10	0.2
128	11	0.091
128	12	0.111
128	13	0.222
128	14	0.286
128	15	0.222
128	16	0.375
128	17	0
128	18	0
128	19	0
128	20	0
128	21	0
128	22	0
128	23	0
128	24	0
128	40	0.2
128	41	0
128	42	0.084
129	0	0.533
129	1	0.417
129	2	0.3
129	3	0
129	4	0.375
129	5	0.2
129	6	0.167
129	7	0
129	8	0.25
129	9	0
129	10	0
129	11	0.25
129	12	0.5
129	13	0.55
129	14	0.375
129	15	0.333
129	16	0.25
129	24	0
129	25	0
129	26	0
129	27	0.167
129	28	0
129	29	0
129	30	0
129	31	0
129	32	0
129	33	0
129	34	0
129	35	0
129	36	0
129	37	0
129	38	0
129	39	0
129	40	0.2
129	41	0
129	42	0.283
130	0	0.45
130	1	0.522
130	2	0.7
130	3	0.5
130	4	0.3
130	5	0.5
130	6	0.625
130	7	0.6
130	8	0.6
130	9	0.667
130	10	0.667
130	11	0.769
130	12	0.8
130	13	0.765
130	14	1
130	16	0.5
130	17	0
130	18	0.25
130	19	0
130	20	0.091
130	21	0.5
130	22	0
130	23	0.5
130	24	0
130	25	0
130	26	0.167
130	27	0
130	28	0
130	29	0
130	30	0
130	31	0
130	32	0
130	33	0
130	34	0
130	35	0
130	36	0
130	37	0
130	38	0.071
130	39	0.2
130	40	0
130	41	0
130	42	0.667
131	0	0.52
131	1	0.591
131	2	0.5
131	3	0.286
131	14	0.8
131	15	0.667
131	16	0.625
131	17	0.5
131	18	0
131	19	0
131	20	0.2
131	21	0
131	22	0
131	23	0
131	24	0
131	25	0
131	26	0
131	27	0
131	28	0
131	29	0
131	30	0
131	31	0
131	32	0
131	33	0
131	34	0
131	35	0
131	36	0
131	37	0
131	38	0.4
131	39	0
131	40	1
131	41	0
131	42	0.597
132	3	0.6
132	4	0.455
132	5	0.25
132	6	0.333
132	7	0.286
132	8	0.333
132	9	0.5
132	10	0.333
132	11	0.385
132	12	0.667
132	13	0.737
132	14	0.545
132	15	0.643
132	16	0.417
132	17	0
132	18	0
132	19	0
132	20	0
132	21	0.333
132	22	0.333
132	23	0
132	24	0.083
132	25	0
132	26	0.333
132	27	0.143
132	28	0
132	29	0
132	30	0
132	31	0
132	32	0
132	33	0
132	34	0
132	35	0
132	36	0
132	37	0
132	38	0.062
132	39	0.111
132	40	0
132	41	0.4
133	0	0
133	1	0
133	2	0
133	3	0
133	4	0
133	5	0
133	6	0
133	7	0
133	8	0
133	9	0
133	10	0
133	11	0
133	12	0
133	13	0
133	14	0.25
133	15	0
133	16	0
133	17	0
133	18	0
133	19	0
133	20	0
133	21	0
133	22	0
133	23	0
133	24	0
133	26	0
133	27	0.333
133	28	0
133	29	0
133	30	0
133	31	0
133	32	0
133	33	0
133	34	0
133	35	0
133	36	0
133	37	0
133	38	0
133	42	0.554
134	0	0.059
134	1	0
134	2	0
134	3	0
134	4	0
134	5	0
134	6	0
134	7	0
134	8	0
134	9	0
134	10	0
134	11	0
134	12	0.222
134	13	0.238
134	14	0.308
134	15	0.312
134	16	0.222
134	17	0.143
134	18	0
134	19	0
134	20	0
134	21	0
134	22	0
134	23	0
134	24	0
134	26	0
134	27	0.222
134	28	0
134	29	0
134	30	0
134	31	0
134	38	0
134	39	0
134	40	0
134	41	0
134	42	0.923
135	0	0.286
135	1	0.429
135	2	0.5
135	3	0.1
135	4	0.167
135	5	0.25
135	6	0.2
135	7	0.667
135	8	0.333
135	9	0.333
135	10	0.333
135	11	0.5
135	12	0.333
135	13	0.533
135	14	0.4
135	31	0
135	32	0
135	33	0
135	34	0
135	35	0
135	36	0
135	37	0
135	38	0.107
135	39	0.143
135	40	0
135	41	0
135	42	0.878
136	0	0.375
136	1	0.2
136	2	0.2
136	3	0.5
136	4	0
136	14	0.429
136	15	0.333
136	16	0.4
136	17	0
136	18	0.111
136	20	0.125
136	21	0
136	22	0.167
136	23	0.25
136	24	0
136	25	0
136	26	0
136	27	0.143
136	28	0
136	29	0
136	30	0
136	31	0
136	32	0
136	33	0
136	34	0
136	35	0
136	36	0
136	37	0
136	38	0.077
136	39	0.125
136	40	0
136	41	0
136	42	0.714
137	0	0.4
137	1	0.424
137	2	0.357
137	3	0.214
137	4	0.167
137	5	0.143
137	6	0.143
137	7	0
137	8	0
137	9	0
137	10	0
137	11	0
137	12	0
137	13	0.125
137	14	0
137	15	0.25
137	16	0.5
137	17	0.333
137	18	0.5
137	19	0.25
137	20	0
137	21	0
137	22	0.333
137	23	1
137	24	0
137	26	0
137	27	0
137	28	0
137	29	0
137	30	0
137	31	0
137	32	0
137	33	0
137	34	0
137	35	0
137	36	0
137	37	0
137	38	0
137	39	0
137	40	0
137	41	0
137	42	0.8
138	7	0.1
138	8	0.222
138	9	0.364
138	10	0.25
138	11	0.391
138	12	0.519
138	13	0.552
138	14	0.5
138	15	0.571
138	16	0.4
138	17	0.091
138	18	0
138	19	0
138	20	0
138	21	0
138	22	0
138	23	0
139	24	0
139	25	0
139	26	0
139	27	0.111
139	28	0
139	29	0
139	30	0
139	31	0
139	32	0
139	33	0
139	34	0
139	35	0
139	36	0
139	37	0
139	38	0.034
139	39	0
139	40	0
139	41	0.167
139	42	0.585
140	0	0.632
140	1	0.65
140	2	0.538
140	3	0.286
140	4	0.286
140	5	0.167
140	6	0.5
140	7	0.125
140	8	0.4
140	9	0.429
140	10	0
140	11	0.562
140	12	0.812
140	13	0.8
140	14	0.727
140	15	0.667
140	42	0.528
141	15	0.75
141	16	0.294
141	17	0
141	18	0
141	19	0
141	20	0
141	21	0
141	22	0
141	23	0
141	24	0
141	25	0
141	26	0.111
141	27	0.091
141	28	0
141	29	0
141	30	0
141	31	0
141	32	0
141	33	0
141	34	0
141	35	0
141	36	0
142	0	0.273
142	1	0.231
142	2	0
142	3	0.25
142	4	0
142	5	0.25
142	6	0.2
142	7	0
142	8	0
142	9	0.333
142	10	0.25
142	36	0
142	37	0
142	38	0.05
142	39	0.125
142	40	0
142	41	0.167
142	42	0.916
143	11	0.222
143	12	0.333
143	13	0.571
143	14	0.222
143	15	0.286
143	16	0.286
143	17	0
143	18	0
143	19	0
143	20	0
143	21	0
143	22	0
143	23	0
143	24	0
143	25	0
143	26	0
143	27	0
143	28	0
143	29	0
143	30	0
143	31	0
143	32	0
143	33	0
143	34	0
143	35	0
143	36	0
143	37	0
143	38	0.111
143	39	0.25
143	40	0
143	41	0
143	42	1
