"time"	"distance"	"value"
36	0	0.353
36	1	0
36	2	0
36	3	0
36	4	0.062
36	5	0
36	6	0
36	7	0
36	8	0
36	9	0
36	10	0
36	11	0
36	12	0
36	13	0
36	14	0
36	15	0
36	16	0
36	17	0.167
36	18	0
36	19	0
36	20	0
36	21	0
36	22	0.111
36	23	0.333
36	24	0
36	25	0.143
36	26	0.312
36	27	0.167
36	28	0.1
36	29	0.273
36	30	0.273
36	31	0.167
36	32	0.25
36	34	0.25
36	35	0.333
36	36	0.333
36	37	0.333
36	38	0.25
36	39	0.375
36	40	0.286
36	41	0.375
36	42	0.667
36	43	0.533
36	44	0.375
36	45	0.5
37	0	0.143
37	1	0
37	2	0
37	3	0
37	12	0
37	13	0
37	14	0
37	15	0.067
37	16	0
37	17	0
37	18	0
37	19	0
37	20	0
37	21	0
37	22	0
37	23	0.111
37	24	0.077
37	25	0
37	26	0.24
37	27	0.167
37	28	0.125
37	29	0.308
37	30	0.2
37	31	0.2
37	32	0.333
37	33	0
37	34	0.167
37	35	0.2
37	36	0.231
37	37	0.1
37	38	0.2
37	39	0.2
37	40	0.267
37	41	0.182
37	42	0.24
37	43	0.333
37	44	0.28
37	45	0.2
38	3	0
38	4	0
38	5	0
38	6	0
38	7	0
38	8	0
38	9	0
38	10	0
38	11	0
38	12	0
38	13	0
38	14	0
38	15	0.056
38	16	0
38	17	0
38	18	0
38	19	0
38	20	0
38	21	0
38	22	0
38	23	0
38	24	0
38	25	0.154
38	26	0.273
38	27	0.217
38	28	0.15
38	29	0.333
38	30	0.333
38	31	0.385
38	32	0.2
38	33	0.2
38	34	0.286
38	35	0.091
38	36	0.364
38	37	0.5
38	38	0.2
38	39	0.375
38	40	0.3
38	41	0.529
38	42	0.63
38	43	0.565
38	44	0.389
39	0	0.25
39	1	0
39	2	0
39	3	0
39	4	0
39	5	0
39	6	0
39	7	0
39	8	0
39	9	0
39	10	0
39	11	0
39	12	0
39	13	0
39	14	0
39	15	0.103
39	16	0
39	17	0
39	18	0
39	19	0
39	20	0.136
39	21	0.15
39	22	0
39	23	0.143
39	24	0.05
39	25	0.059
39	26	0.278
39	27	0.176
39	28	0.417
39	29	0.286
39	30	0.522
39	31	0
39	32	0.25
39	33	0.167
39	34	0.4
39	35	0.308
39	36	0.286
39	37	0
39	38	0.333
39	39	0.333
39	40	0.273
39	41	0.417
39	42	0.579
39	43	0.833
39	44	0.826
39	45	0.4
40	0	0.029
40	1	0
40	2	0
40	3	0.214
40	4	0
40	5	0
40	6	0
40	7	0
40	8	0
40	9	0
40	10	0
40	11	0
40	12	0
40	13	0
40	14	0
40	15	0.111
40	16	0
40	17	0
40	18	0
40	19	0
40	20	0
40	21	0.111
40	22	0
40	23	0.111
40	24	0
40	25	0
40	26	0.324
40	27	0.375
40	28	0.438
40	29	0.444
40	30	0.406
40	31	0.462
40	32	0.4
40	33	0.333
40	34	0.222
40	35	0.2
40	36	0.278
40	37	0.444
40	38	0.353
40	39	0.458
40	40	0.143
40	41	0.429
40	42	0.652
40	43	0.667
40	44	0.632
40	45	0.667
41	0	0.038
41	1	0
41	2	0
41	3	0.059
41	4	0
41	5	0
41	6	0
41	7	0
41	8	0
41	9	0
41	10	0
41	11	0
41	12	0
41	13	0
41	14	0
41	15	0
41	16	0
41	17	0
41	18	0
41	19	0.083
41	20	0.111
41	21	0.059
41	22	0.1
41	23	0
41	24	0.111
41	25	0.083
41	26	0.154
41	27	0.333
41	28	0.294
41	29	0.222
41	30	0.368
41	31	0.077
41	32	0.3
41	33	0.222
41	34	0
41	35	0.375
41	36	0.375
41	37	0.25
41	38	0.167
41	39	0.231
41	40	0.455
41	41	0.385
41	42	0.522
41	43	0.622
41	44	0.486
41	45	0.667
42	0	0.115
42	1	0
42	2	0
42	3	0
42	4	0
42	5	0
42	6	0
42	7	0
42	8	0
42	9	0
42	10	0
42	11	0
42	12	0
42	13	0
42	14	0
42	15	0.13
42	17	0
42	18	0
42	19	0
42	20	0.118
42	21	0.067
42	22	0.071
42	23	0
42	24	0.067
42	25	0.083
42	26	0.079
42	27	0.393
42	28	0.35
42	29	0.333
42	30	0.357
42	31	0.353
42	32	0.176
42	33	0.333
42	34	0.273
42	35	0.286
42	36	0.429
42	37	0.5
42	38	0.615
42	39	0.5
42	40	0.4
42	41	0.579
42	42	0.6
42	43	0.556
42	44	0.333
42	45	0.583
43	0	0
43	1	0
43	2	0
43	3	0.031
43	4	0
43	5	0
43	6	0
43	11	0
43	12	0
43	13	0
43	14	0
43	15	0
43	17	0.077
43	18	0
43	19	0
43	20	0
43	21	0.095
43	22	0.077
43	23	0.091
43	24	0.111
43	25	0.143
43	26	0.419
43	27	0.419
43	28	0.4
43	29	0.444
43	30	0.435
43	31	0.429
43	32	0.273
43	33	0.2
43	34	0.231
43	35	0.357
43	36	0.417
43	37	0.4
43	38	0.444
43	39	0.524
43	40	0.583
43	41	0.312
43	42	0.615
43	43	0.543
43	44	0.481
43	45	0.286
44	6	0
44	7	0
44	8	0
44	9	0
44	10	0
44	11	0
44	12	0
44	13	0
44	14	0
44	15	0.12
44	16	0
44	17	0.062
44	18	0
44	19	0.062
44	20	0.1
44	21	0.087
44	22	0.2
44	23	0
44	24	0.154
44	25	0.105
44	26	0.322
44	27	0.294
44	28	0.423
44	29	0.417
44	30	0.448
44	31	0.571
44	32	0.222
44	33	0
44	34	0.222
44	35	0.111
44	36	0.25
44	37	0.2
44	38	0.231
44	39	0.25
44	40	0.25
44	41	0.438
44	42	0.593
45	0	0.119
45	1	0
45	2	0.125
45	3	0
45	4	0
45	5	0
45	6	0
45	7	0
45	8	0
45	9	0
45	10	0
45	11	0
45	12	0
45	13	0
45	14	0
45	15	0.133
45	17	0
45	18	0
45	19	0
45	20	0
45	21	0.125
45	22	0.111
45	23	0.167
45	24	0.111
45	25	0.2
45	26	0.406
45	27	0.3
45	28	0.467
45	29	0.471
45	30	0.55
45	31	0.583
45	32	0.462
45	33	0.333
45	34	0
45	35	0.364
45	36	0.25
45	37	0.5
45	38	0.375
45	39	0.5
45	40	0.25
45	41	0.4
45	42	0.667
45	43	0.697
45	44	0.524
45	45	0.75
46	1	0
46	2	0
46	3	0.062
46	4	0
46	5	0
46	6	0
46	7	0
46	8	0
46	9	0
46	10	0
46	11	0
46	12	0
46	13	0
46	14	0
46	15	0
46	16	0
46	17	0.067
46	18	0
46	19	0
46	20	0.25
46	21	0.136
46	22	0.091
46	23	0.211
46	24	0.214
46	25	0.211
46	26	0.478
46	27	0.345
46	28	0.462
46	29	0.385
46	30	0.606
46	31	0.448
46	32	0.565
46	33	0.556
46	34	0.273
46	35	0.364
46	36	0.583
46	37	0.385
46	38	0.7
46	39	0.636
46	40	0.333
47	0	0.098
47	1	0
47	2	0
47	3	0.032
47	4	0.053
47	5	0
47	6	0
47	7	0
47	8	0
47	9	0
47	10	0
47	11	0
47	12	0
47	13	0
47	14	0.077
47	15	0.4
47	16	0
47	17	0
47	18	0
47	19	0
47	20	0
47	21	0.056
47	22	0.182
47	23	0
47	24	0
47	25	0
47	26	0.222
47	27	0.417
47	28	0.455
47	29	0.529
47	30	0.441
47	31	0.571
47	32	0.2
47	33	0
47	34	0.143
47	35	0.05
47	36	0.154
47	37	0.167
47	38	0.2
47	39	0.4
47	40	0.5
47	41	0.7
47	42	0.774
47	43	0.706
47	44	0.52
47	45	0.909
48	0	0.172
48	1	0.2
48	2	0.1
48	3	0.15
48	4	0.122
48	5	0
48	6	0
48	7	0
48	8	0
48	9	0
48	10	0
48	11	0
48	12	0
48	13	0
48	14	0
48	15	0.071
48	16	1
48	17	0.1
48	18	0
48	19	0
48	20	0
48	21	0
48	22	0
48	23	0
48	24	0
48	25	0
48	26	0.167
48	27	0.3
48	28	0.062
48	29	0.154
48	30	0.333
48	31	0.2
48	32	0.167
48	33	0
48	34	0.1
48	35	0.143
48	36	0.2
48	37	0
48	38	0.308
48	39	0.231
48	40	0.083
48	41	0.412
48	42	0.303
48	43	0.5
48	44	0.292
48	45	0.333
49	9	0
49	10	0
49	11	0
49	12	0
49	13	0
49	14	0
49	15	0.069
49	16	0
49	17	0.042
49	18	0
49	19	0
49	20	0.062
49	21	0.189
49	22	0.105
49	23	0.091
49	24	0.067
49	25	0.304
49	26	0.345
49	27	0.333
49	28	0.333
49	29	0.367
49	30	0.378
49	31	0.405
49	32	0.238
49	33	0.118
49	34	0.571
49	35	0.355
49	36	0.444
49	37	0.308
49	38	0.294
49	39	0.4
49	40	0.375
50	0	0.305
50	1	0.167
50	2	0.19
50	3	0.132
50	4	0.071
50	5	0
50	6	0
50	7	0
50	8	0
50	9	0
50	11	0
50	12	0
50	13	0
50	14	0
50	15	0
50	16	0
50	17	0
50	18	0
50	19	0
50	20	0
50	21	0.143
50	22	0.25
50	23	0
50	24	0
50	25	0
50	26	0.364
50	27	0.333
50	28	0.875
50	29	0.5
50	30	0.5
50	31	0.375
50	32	0.4
50	33	0
50	34	0.333
50	35	0.333
50	36	0.4
50	37	0.4
50	38	0.667
50	39	0.5
50	40	0.353
50	41	0.721
50	42	0.736
50	43	0.628
50	44	0.469
50	45	0.875
51	5	0
51	6	0
51	7	0
51	8	0
51	9	0
51	10	0
51	11	0
51	12	0
51	13	0
51	14	0
51	15	0.133
51	16	0
51	17	0.059
51	18	0
51	19	0
51	20	0.2
51	21	0.1
51	22	0
51	23	0
51	24	0
51	25	0
51	26	0.172
51	27	0.28
51	28	0.308
51	29	0.4
51	30	0.324
51	31	0.095
51	32	0.35
51	33	0.333
51	34	0.176
51	35	0.25
51	36	0
51	37	0.25
51	38	0.1
51	39	0.364
51	40	0.174
51	41	0.577
51	42	0.686
51	43	0.682
51	44	0.621
51	45	0.714
52	0	0.103
52	1	0
52	2	0
52	3	0
52	4	0
52	5	0
52	6	0
52	7	0
52	8	0
52	9	0
52	10	0
52	11	0
52	12	0
52	13	0
52	14	0
52	15	0
52	16	0
52	17	0
52	18	0.2
52	19	0
52	20	0.071
52	21	0.053
52	22	0.111
52	23	0.091
52	24	0
52	25	0
52	26	0.4
52	27	0.35
52	28	0.24
52	29	0.529
52	30	0.478
52	31	0.375
52	32	0.4
52	33	0.217
52	34	0.417
52	35	0.286
52	36	0.562
52	37	0.333
52	38	0.286
52	39	0.583
52	40	0.364
52	41	0.786
52	42	0.875
52	43	0.824
52	44	0.75
52	45	0.486
53	0	0.091
53	1	0
53	2	0
53	3	0
53	4	0
53	5	0
53	6	0
53	7	0
53	8	0
53	9	0
53	10	0
53	11	0
53	12	0
53	13	0
53	14	0
53	15	0.042
53	17	0.022
53	18	0
53	19	0
53	20	0
53	21	0
53	22	0
53	23	0
53	24	0
53	25	0
53	26	0.312
53	27	0.238
53	28	0.278
53	29	0.389
53	30	0.48
53	31	0.412
53	32	0.308
53	33	0.429
53	34	0.5
53	35	0.357
53	36	0.2
53	37	0.167
53	38	0.375
53	39	0.091
53	40	0.2
53	41	0.611
53	42	0.545
53	43	0.692
53	44	0.435
53	45	0.556
54	0	0
54	1	0
54	2	0
54	3	0.028
54	4	0
54	5	0
54	6	0
54	7	0
54	8	0
54	9	0
54	10	0
54	11	0
54	12	0
54	13	0
54	14	0
54	15	0.083
54	16	0.5
54	17	0
54	19	0
54	20	0
54	21	0
54	22	0
54	23	0
54	24	0
54	25	0
54	26	0.185
54	27	0.318
54	28	0.32
54	29	0.423
54	30	0.659
54	31	0.407
54	32	0.267
54	33	0.111
54	34	0.5
54	35	0.133
54	36	0.231
54	37	0.154
54	38	0.231
54	39	0.214
54	40	0.318
54	41	0.767
54	42	0.733
54	43	0.455
54	44	0.516
54	45	0.769
55	4	0
55	5	0
55	6	0
55	7	0
55	8	0
55	9	0
55	10	0
55	11	0
55	12	0
55	13	0
55	14	0
55	15	0.182
55	16	0
55	17	0
55	18	0
55	19	0
55	20	0.1
55	21	0.067
55	22	0
55	23	0.2
55	24	0
55	25	0.118
55	26	0.483
55	27	0.481
55	28	0.462
55	29	0.68
55	30	0.75
55	31	0.706
55	32	0.667
55	33	0.357
55	34	0.727
55	35	0.792
55	36	0.222
55	37	0.5
55	38	0.286
55	39	0.615
55	40	0.714
55	41	0.625
55	42	0.914
55	43	0.606
55	44	0.63
55	45	0.625
56	0	0
56	1	0
56	2	0
56	3	0
56	4	0
56	5	0
56	6	0
56	7	0
56	8	0
56	9	0
56	10	0
56	11	0
56	12	0
56	13	0
56	14	0
56	15	0.091
56	16	0
56	17	0
56	18	0
56	19	0.067
56	20	0.176
56	21	0.08
56	22	0.1
56	23	0.25
56	24	0.2
56	25	0.333
56	26	0.308
56	27	0.375
56	28	0.231
56	29	0.143
56	30	0.214
56	31	0.25
56	32	0.333
56	33	0
56	34	0.222
56	35	0.444
56	36	0.5
56	37	0.667
56	38	0.5
56	39	0.571
56	40	0.5
56	41	0.727
56	42	0.769
56	43	0.818
56	44	0.6
56	45	0.722
57	0	0
57	1	0
57	2	0
57	3	0.1
57	4	0
57	5	0
57	6	0
57	7	0
57	8	0
57	9	0
57	10	0
57	11	0
57	12	0
57	13	0
57	14	0.056
57	15	0.067
57	16	0
57	23	0.154
57	24	0
57	25	0.083
57	26	0.19
57	27	0.464
57	28	0.5
57	29	0.5
57	30	0.567
57	31	0.389
57	32	0.538
57	33	0.125
57	34	0.222
57	35	0.429
57	36	0.333
57	37	0.143
57	38	0.125
57	39	0.278
57	40	0.438
57	41	0.538
57	42	0.771
57	43	0.667
57	44	0.536
57	45	0.652
58	0	0.085
58	1	0
58	2	0
58	3	0
58	4	0.056
58	5	0
58	6	0
58	17	0.231
58	18	0
58	19	0
58	20	0
58	21	0
58	22	0
58	23	0
58	24	0
58	25	0
58	26	0.062
58	27	0.105
58	28	0.263
58	29	0.211
58	30	0.087
58	31	0.286
58	32	0.3
58	33	0.2
58	34	0.524
58	35	0.333
58	36	0.364
58	37	0
58	38	0.273
58	39	0.273
58	40	0.471
58	41	0.692
58	42	0.556
58	43	0.25
58	44	0.261
58	45	0.778
59	6	0
59	7	0
59	8	0
59	9	0
59	10	0
59	11	0
59	12	0
59	13	0
59	14	0
59	15	0
59	16	0
59	17	0
59	18	0
59	19	0
59	20	0.071
59	21	0.167
59	22	0
59	23	0.077
59	24	0
59	25	0.053
59	26	0.152
59	27	0.227
59	28	0.316
59	29	0.333
59	30	0.457
59	31	0.583
59	32	0.412
59	33	0.25
59	34	0.52
59	35	0.25
59	36	0.154
59	37	0.273
59	38	0.3
59	39	0.143
59	40	0.429
59	41	0.5
59	42	0.696
59	43	0
60	0	0.155
60	1	0
60	2	0
60	3	0.062
60	4	0
60	5	0
60	6	0
60	7	0
60	8	0
60	9	0
60	10	0
60	11	0
60	12	0
60	13	0
60	14	0.067
60	15	0
60	16	0
60	17	0
60	18	0
60	19	0
60	20	0
60	21	0
60	22	0
60	23	0
60	24	0
60	25	0
60	26	0.071
60	27	0.286
60	28	0.375
60	29	0.727
60	30	0.385
60	31	0.545
60	32	0.571
60	33	0.333
60	34	0.4
60	35	0.857
60	36	0.333
60	37	0
60	38	0.333
60	39	0.286
60	40	0.25
60	41	0.636
60	42	0.529
60	43	0.611
60	44	0.258
60	45	0.75
61	0	0.056
61	1	0
61	2	0
61	3	0
61	4	0
61	5	0
61	6	0
61	7	0
61	8	0
61	9	0
61	10	0
61	11	0
61	12	0
61	13	0
61	14	0
61	15	0.091
61	17	0
61	18	0
61	19	0.125
61	20	0.077
61	21	0.2
61	22	0
61	23	0
61	24	0
61	25	0.211
61	26	0.294
61	27	0.167
61	28	0.3
61	29	0.6
61	30	0.571
61	31	0.333
61	32	0.571
61	33	0
61	34	0.357
61	35	0.4
61	36	0.333
61	37	0
61	38	0.2
61	39	0.059
61	40	0.182
61	41	0.667
61	42	0.6
61	43	1
61	44	1
61	45	0.667
62	0	0.018
62	1	0
62	2	0
62	3	0
62	4	0
62	5	0
62	6	0
62	7	0
62	8	0
62	9	0
62	26	0.429
62	27	0.333
62	28	0.273
62	29	0.389
62	30	0.52
62	31	0.5
62	32	0.167
62	33	0.143
62	34	0.611
62	35	0.5
62	36	0.308
62	37	0.333
62	38	0.167
62	39	0.467
62	40	0.438
62	41	0.793
62	42	0.657
62	43	0.667
62	44	0.593
62	45	0.75
63	9	0
63	10	0
63	11	0
63	12	0
63	13	0
63	14	0
63	15	0.13
63	16	0
63	17	0
63	18	0
63	19	0
63	20	0
63	21	0
63	22	0
63	23	0
63	24	0
63	25	0
63	26	0.129
63	27	0.345
63	28	0.6
63	29	0.609
63	30	0.586
63	31	0.48
63	32	0.286
63	33	0.65
63	34	0.765
63	35	0.25
63	36	0.312
63	37	0.3
63	38	0.444
63	39	0.36
63	40	0.389
63	41	0.778
64	0	0
64	1	0
64	3	0
64	4	0
64	5	0
64	6	0
64	7	0
64	8	0
64	9	0
64	10	0
64	11	0
64	12	0
64	13	0
64	14	0
64	15	0
64	17	0
64	18	0
64	19	0
64	20	0
64	21	0
64	22	0
64	23	0
64	24	0
64	25	0
64	26	0.333
64	27	0.167
64	28	0.357
64	29	0.25
64	30	0.52
64	31	0.5
64	32	0.1
64	33	0.143
64	34	0.444
64	35	0.125
64	36	0.333
64	37	0.333
64	38	0.5
64	39	0.583
64	41	0.75
64	42	0.625
64	43	0.52
64	44	0.667
64	45	0.737
65	0	0
65	1	0
65	2	0
65	3	0
65	4	0
65	5	0
65	6	0
65	7	0
65	8	0
65	9	0
65	10	0
65	11	0
65	12	0
65	13	0
65	14	0
65	15	0
65	16	0
65	17	0
65	18	0
65	19	0
65	20	0.143
65	21	0.083
65	22	0.167
65	23	0
65	24	0.167
65	25	0.167
65	26	0.118
65	27	0.286
65	28	0.25
65	29	0.2
65	30	0.455
65	31	0.222
65	32	0.333
65	33	0.75
65	34	0.556
65	35	0.5
65	36	0.333
65	37	0.429
65	38	0.833
65	39	0.357
65	40	0.389
65	41	0.346
65	42	0.745
65	43	0.516
65	44	0.553
65	45	0.545
66	0	0.037
66	1	0.125
66	2	0.125
66	3	0.029
66	4	0
66	5	0
66	6	0
66	7	0
66	8	0
66	9	0
66	10	0
66	11	0
66	12	0
66	13	0
66	14	0
66	15	0.111
66	16	0
66	17	0.143
66	18	0
66	19	0
66	20	0
66	21	0
66	22	0
66	23	0
66	24	0
66	25	0
66	26	0.045
66	27	0.136
66	28	0.136
66	29	0.056
66	30	0.318
66	31	0.267
66	32	0.3
66	33	0.25
66	34	0.462
66	35	0.125
66	36	0.286
66	37	0.375
66	38	0.167
66	39	0.222
66	40	0.091
66	41	0.333
66	42	0.316
66	43	0.133
66	44	0.4
66	45	0.8
67	0	0
67	1	0.5
67	2	0
67	3	0.067
67	4	0
67	5	0
67	6	0
67	7	0
67	8	0
67	9	0
67	10	0
67	11	0
67	12	0
67	13	0
67	14	0
67	15	0
67	16	0
67	17	0
67	18	0
67	19	0
67	20	0
67	21	0
67	22	0
67	23	0
67	24	0
67	25	0
67	26	0.105
67	27	0.19
67	28	0.368
67	29	0.4
67	30	0.4
67	31	0.333
67	32	0.273
67	33	0.333
67	34	0.333
67	35	0.364
67	36	0.231
67	37	0.333
67	38	0.091
67	39	0.214
67	40	0.333
67	41	0.533
67	42	0.667
67	43	0.7
67	44	0.579
67	45	0.714
68	0	0
68	1	0
68	2	0
68	3	0
68	4	0
68	5	0
68	6	0
68	7	0
68	8	0
68	9	0
68	10	0
68	11	0
68	12	0
68	13	0
68	14	0
68	15	0.043
68	16	0
68	17	0
68	18	0
68	19	0
68	20	0
68	21	0
68	22	0.1
68	23	0.071
68	24	0
68	25	0
68	26	0.348
68	27	0.3
68	28	0.5
68	29	0.476
68	30	0.533
68	31	0.308
68	32	0.4
68	33	0.25
68	34	0.25
68	35	0.429
68	36	0.222
68	37	0.286
68	38	0.333
68	39	0.273
68	40	0.25
68	41	0.368
68	42	0.414
68	43	0.44
68	44	0.407
68	45	0.636
69	0	0.143
69	1	0
69	2	0.273
69	3	0.125
69	4	0
69	5	0
69	6	0
69	7	0
69	8	0
69	9	0
69	10	0
69	11	0
69	12	0
69	13	0
69	14	0
69	15	0
69	17	0.167
69	19	0
69	20	0
69	21	0
69	22	0
69	23	0
69	24	0
69	25	0.167
69	26	0.111
69	27	0.067
69	28	0.154
69	29	0.3
69	30	0.214
69	31	0.25
69	32	0.25
69	33	0.2
69	34	0
69	35	0.2
69	36	0
69	37	0.167
69	38	0.385
69	39	0.471
69	40	0.1
69	41	0.381
69	42	0.333
69	43	0.421
69	44	0.368
69	45	0.375
70	0	0.048
70	1	0
70	2	0.125
70	3	0.088
70	4	0
70	5	0
70	6	0
70	7	0
70	8	0
70	9	0
70	10	0
70	11	0
70	12	0
70	13	0
70	14	0
70	15	0.095
70	16	0
70	17	0.053
70	18	0
70	19	0
70	20	0
70	21	0.033
70	22	0.053
70	23	0.056
70	24	0.053
70	25	0.038
70	26	0.25
70	27	0.35
70	28	0.404
70	29	0.596
70	30	0.609
70	31	0.846
70	32	0.6
70	33	0.667
70	34	0.5
70	35	0.692
70	36	0.7
70	37	0.5
70	38	0.556
70	39	0.895
70	40	0.769
70	41	0.842
70	42	0.895
70	43	0.805
70	44	0.682
70	45	0.583
71	0	0.306
71	1	0.143
71	2	0
71	3	0.242
71	4	0
71	5	0
71	6	0
71	7	0
71	8	0
71	9	0
71	10	0
71	11	0
71	12	0
71	13	0
71	14	0
71	15	0.125
71	16	1
71	17	0
71	18	0
71	19	0.125
71	20	0
71	21	0.188
71	22	0.222
71	23	0.111
71	24	0.125
71	25	0.125
71	26	0.333
71	27	0.308
71	28	0.154
71	29	0.2
71	30	0.368
71	31	0.344
71	32	0.303
71	33	0.333
71	34	0.389
71	35	0.41
71	36	0.345
71	37	0.424
71	38	0.235
71	39	0.311
71	40	0.459
71	41	0.422
71	42	0.544
71	43	0.463
71	44	0.333
71	45	0.379
72	0	0
72	1	0
72	2	0
72	3	0
72	4	0
72	5	0
72	6	0
72	7	0
72	8	0
72	9	0
72	10	0
72	11	0
72	12	0
72	13	0
72	14	0
72	15	0.085
72	16	0
72	17	0.031
72	18	0
72	19	0.036
72	20	0.088
72	21	0.227
72	22	0.143
72	23	0.114
72	24	0.103
72	25	0.107
72	26	0.22
72	27	0.333
72	28	0.34
72	29	0.365
72	30	0.34
72	31	0.125
72	32	0.273
72	33	0
72	34	0.222
72	35	0.083
72	36	0.211
72	37	0.071
72	38	0.059
72	39	0.13
72	40	0.25
72	41	0.192
72	42	0.327
72	43	0.339
72	44	0.295
72	45	0.647
73	0	0.197
73	1	0
73	2	0
73	3	0.029
73	4	0
73	5	0
73	6	0
73	7	0
73	8	0
73	9	0
73	10	0
73	11	0
73	12	0
73	13	0
73	14	0
73	15	0
73	16	0
73	17	0
73	18	0
73	19	0
73	20	0
73	21	0
73	22	0
73	23	0
73	24	0
73	25	0
73	26	0.105
73	27	0.05
73	28	0.182
73	29	0.167
73	30	0.059
73	31	0
73	32	0.083
73	33	0
73	34	0.222
73	35	0.238
73	36	0.19
73	37	0.333
73	38	0.211
73	39	0.286
73	40	0.389
73	41	0.471
73	42	0.551
73	43	0.442
73	44	0.421
73	45	0.353
74	0	0.265
74	1	0
74	2	0
74	3	0.037
74	4	0
74	5	0
74	6	0
74	7	0
74	8	0
74	9	0
74	10	0
74	11	0
74	12	0
74	13	0
74	14	0
74	15	0.087
74	16	0.143
74	17	0
74	18	0
74	19	0
74	20	0
74	21	0
74	22	0
74	23	0
74	24	0
74	25	0
74	26	0.102
74	27	0.2
74	28	0.289
74	29	0.286
74	30	0.302
74	31	0.171
74	32	0.286
74	33	0
74	34	0.391
74	35	0.261
74	36	0.323
74	37	0.238
74	38	0.2
74	39	0.222
74	40	0.238
74	41	0.238
74	42	0.314
74	43	0.405
74	44	0.2
74	45	0.5
75	0	0.25
75	1	0
75	2	0
75	3	0.037
75	4	0
75	5	0
75	6	0
75	7	0
75	8	0
75	9	0
75	10	0
75	11	0
75	12	0
75	13	0
75	14	0
75	15	0.136
75	16	0
75	17	0.056
75	18	0
75	19	0
75	20	0
75	21	0
75	22	0
75	23	0.053
75	24	0.059
75	25	0
75	26	0.148
75	27	0.216
75	28	0.269
75	29	0.31
75	30	0.517
75	31	0.333
75	32	0.318
75	33	0.444
75	34	0.5
75	35	0.348
75	36	0.5
75	37	0.286
75	38	0.387
75	39	0.37
75	40	0.241
75	41	0.452
75	42	0.435
75	43	0.464
75	44	0.386
75	45	0.333
76	0	0.182
76	1	0
76	2	0.143
76	3	0.147
76	4	0
76	5	0
76	6	0
76	7	0
76	8	0
76	9	0
76	10	0
76	11	0
76	12	0
76	13	0
76	14	0
76	15	0.095
76	16	0
76	17	0.065
76	18	0
76	19	0
76	20	0
76	21	0
76	22	0
76	23	0
76	24	0
76	25	0
76	26	0.143
76	27	0.212
76	28	0.125
76	29	0.667
76	30	0.474
76	31	0.5
76	32	0.3
76	33	0.375
76	34	0
76	35	0.364
76	36	0.417
76	37	0.4
76	38	0.333
76	39	0.5
76	40	0
76	41	0.333
76	42	0.556
76	43	0.609
76	44	0.667
76	45	0.778
77	0	0.022
77	1	0
77	2	0
77	3	0.036
77	4	0
77	5	0
77	6	0
77	7	0
77	8	0
77	9	0
77	10	0
77	11	0
77	12	0
77	13	0
77	14	0
77	15	0.051
77	16	0
77	17	0
77	18	0
77	19	0
77	20	0
77	21	0
77	22	0
77	23	0
77	24	0
77	25	0
77	26	0
77	27	0.1
77	28	0.235
77	29	0.122
77	30	0.24
77	31	0.133
77	32	0.115
77	33	0.2
77	34	0.125
77	35	0.087
77	36	0.4
77	37	0.522
77	38	0.44
77	39	0.344
77	40	0.522
77	41	0.412
77	42	0.577
77	43	0.593
77	44	0.537
77	45	0.688
78	0	0.141
78	1	0
78	2	0.125
78	3	0.032
78	4	0
78	5	0
78	6	0
78	7	0
78	8	0
78	9	0
78	10	0
78	11	0
78	12	0
78	13	0
78	14	0
78	15	0.042
78	16	0
78	17	0
78	18	0
78	19	0
78	20	0
78	21	0
78	22	0
78	23	0
78	24	0
78	25	0
78	26	0.125
78	27	0.13
78	28	0.167
78	29	0.286
78	30	0.214
78	31	0.231
78	32	0.043
78	33	0
78	34	0.091
78	35	0.125
78	36	0.192
78	37	0.062
78	38	0.143
78	39	0.179
78	40	0.174
78	41	0.357
78	42	0.459
78	43	0.478
78	44	0.551
78	45	0.533
79	0	0.257
79	1	0.091
79	2	0.143
79	3	0.08
79	4	0
79	5	0
79	6	0
79	7	0
79	8	0
79	9	0
79	10	0
79	11	0
79	12	0
79	13	0
79	14	0
79	15	0.079
79	16	0
79	17	0.032
79	18	0
79	19	0
79	20	0
79	21	0
79	22	0
79	23	0
79	24	0
79	25	0
79	26	0.1
79	27	0.314
79	28	0.432
79	29	0.578
79	30	0.583
79	31	0.435
79	32	0.379
79	33	0.188
79	34	0.308
79	35	0.25
79	36	0.367
79	37	0.667
79	38	0.333
79	39	0.516
79	40	0.565
79	41	0.73
79	42	0.625
79	43	0.425
79	44	0.393
79	45	0.333
80	0	0.122
80	1	0
80	2	0.25
80	3	0.038
80	4	0
80	5	0
80	6	0
80	7	0
80	8	0
80	9	0
80	10	0
80	11	0
80	12	0
80	13	0
80	14	0
80	15	0.031
80	16	0
80	17	0.091
80	18	0
80	19	0.045
80	20	0.038
80	21	0
80	22	0
80	23	0
80	24	0
80	25	0
80	26	0
80	27	0
80	28	0
80	29	0.048
80	30	0.094
80	31	0
80	32	0.105
80	33	0
80	34	0
80	35	0
80	36	0
80	37	0.125
80	38	0
80	39	0
80	40	0
80	41	0.207
80	42	0.435
80	43	0.477
80	44	0.429
80	45	0.609
81	0	0.061
81	1	0
81	2	0.071
81	3	0.086
81	4	0
81	5	0
81	6	0
81	7	0
81	8	0
81	9	0
81	10	0
81	11	0
81	12	0
81	13	0
81	14	0
81	15	0.026
81	16	0
81	17	0
81	18	0
81	19	0
81	20	0.037
81	21	0.023
81	22	0
81	23	0.057
81	24	0.038
81	25	0.233
81	26	0.367
81	27	0.462
81	28	0.462
81	29	0.438
81	30	0.4
81	31	0.222
81	32	0.5
81	33	0
81	34	0.333
81	35	0.333
81	36	0.375
81	37	0.2
81	38	0.222
81	39	0.4
81	40	0.571
81	41	0.385
81	42	0.75
81	43	0.458
81	44	0.571
81	45	0.5
82	0	0
82	2	0
82	3	1
82	4	0
82	5	0
82	7	0
82	8	0
82	9	0
82	10	0
82	11	0
82	12	0
82	13	0
82	14	0
82	15	0
82	17	0
82	18	0
82	19	0
82	20	0.083
82	21	0.071
82	22	0
82	23	0
82	24	0
82	25	0.087
82	26	0.367
82	27	0.256
82	28	0.231
82	29	0.283
82	30	0.316
82	31	0.176
82	32	0.111
82	33	0
82	34	0.125
82	35	0.182
82	36	0.192
82	37	0.15
82	38	0.1
82	39	0.302
82	40	0.25
82	41	0.4
82	42	0.39
82	43	0.474
82	44	0.333
82	45	0.4
83	0	0.065
83	1	0
83	2	0
83	3	0.038
83	4	0
83	5	0
83	6	0
83	7	0
83	8	0
83	9	0
83	10	0
83	11	0
83	12	0
83	13	0
83	14	0
83	15	0.026
83	16	0
83	17	0
83	18	0
83	19	0
83	20	0.08
83	21	0.061
83	22	0
83	23	0
83	24	0.115
83	25	0.132
83	26	0.442
83	27	0.333
83	28	0.281
83	29	0.333
83	30	0.355
83	31	0.444
83	32	0.238
83	33	0.2
83	34	0.1
83	35	0.381
83	36	0.5
83	37	0.2
83	38	0.091
83	39	0.286
83	40	0.28
83	41	0.538
83	42	0.511
83	43	0.652
83	44	0.448
83	45	0.417
84	0	0.087
84	1	0
84	2	0
84	3	0.056
84	4	0
84	5	0
84	6	0
84	7	0
84	8	0
84	9	0
84	10	0
84	11	0
84	12	0
84	13	0
84	14	0.023
84	15	0.109
84	16	0
84	17	0
84	18	0
84	19	0.04
84	20	0.026
84	21	0.079
84	22	0.111
84	23	0.083
84	24	0.061
84	25	0.113
84	26	0.461
84	27	0.25
84	28	0
84	29	0
84	30	0
84	31	0
84	32	0
84	33	0
84	34	0
84	35	0.083
84	36	0
84	37	0
84	38	0
84	39	0.067
84	40	0
84	41	0
84	42	0.125
84	43	0.227
84	44	0
84	45	0
85	0	0.143
85	1	0
85	2	0
85	3	0
85	4	0
85	5	0
85	6	0
85	7	0
85	8	0
85	9	0
85	10	0
85	11	0
85	12	0
85	13	0
85	14	0
85	15	0
85	16	0
85	17	0
85	18	0
85	19	0
85	20	0.1
85	21	0.059
85	22	0.143
85	23	0
85	24	0
85	25	0.083
85	26	0.1
85	27	0.471
85	28	0.326
85	29	0.429
85	30	0.34
85	31	0.419
85	32	0.387
85	33	0.231
85	34	0.2
85	35	0.385
85	36	0.241
85	37	0.182
85	38	0.4
85	39	0.391
85	40	0.375
85	41	0.425
85	42	0.444
85	43	0.468
85	44	0.443
85	45	0.458
86	0	0.026
86	1	0
86	2	0
86	3	0.024
86	4	0
86	5	0
86	6	0
86	7	0
86	8	0
86	9	0
86	10	0
86	11	0
86	12	0
86	13	0
86	14	0
86	15	0
86	16	0
86	17	0
86	18	0
86	19	0
86	20	0.103
86	21	0.043
86	22	0.029
86	23	0.056
86	24	0.103
86	25	0.14
86	26	0.296
86	27	0.136
86	28	0.091
86	29	0.318
86	30	0.095
86	31	0.158
86	32	0.083
86	33	0
86	34	0.333
86	35	0
86	36	0.111
86	37	0.231
86	38	0.4
86	39	0.276
86	40	0.067
86	41	0.25
86	42	0.286
86	43	0.1
86	44	0.25
86	45	0
87	0	0.065
87	1	0.2
87	2	0.1
87	3	0.105
87	4	0
87	5	0
87	6	0
87	7	0
87	8	0
87	9	0
87	10	0
87	11	0
87	12	0
87	13	0
87	14	0.026
87	15	0.022
87	16	0
87	17	0
87	18	0
87	19	0
87	20	0.077
87	21	0.138
87	22	0
87	23	0
87	24	0
87	25	0
87	26	0.125
87	27	0.1
87	28	0.062
87	29	0.059
87	30	0.049
87	31	0.045
87	32	0.062
87	33	0.062
87	34	0.154
87	35	0.273
87	36	0.25
87	37	0.143
87	38	0.278
87	39	0.172
87	40	0.208
87	41	0.256
87	42	0.222
87	43	0.267
87	44	0.211
87	45	0.304
88	0	0.017
88	1	0
88	2	0.091
88	3	0.056
88	4	0
88	5	0
88	6	0
88	7	0
88	8	0
88	9	0
88	10	0
88	11	0
88	12	0
88	13	0
88	14	0
88	15	0.059
88	16	0
88	17	0.067
88	18	0
88	19	0
88	20	0
88	21	0
88	22	0.04
88	23	0.091
88	24	0.174
88	25	0.188
88	26	0.418
88	27	0.409
88	28	0.222
88	29	0.311
88	30	0.413
88	31	0.229
88	32	0.172
88	33	0.222
88	34	0.25
88	35	0.462
88	36	0.5
88	37	0.4
88	38	0.579
88	39	0.438
88	40	0.478
88	41	0.694
88	42	0.741
88	43	0.673
88	44	0.591
88	45	0.667
89	0	0.039
89	1	0.222
89	2	0.2
89	3	0.107
89	4	0
89	5	0
89	6	0
89	7	0
89	8	0
89	9	0
89	10	0
89	11	0
89	12	0
89	13	0
89	14	0
89	15	0.043
89	17	0
89	18	0
89	19	0
89	20	0.048
89	21	0.107
89	22	0
89	23	0.053
89	24	0.059
89	25	0.185
89	26	0.31
89	27	0.097
89	28	0.077
89	29	0.179
89	30	0.067
89	31	0.118
89	32	0
89	33	0
89	34	0.091
89	35	0
89	36	0
89	37	0.062
89	38	0.065
89	39	0.105
89	40	0.281
89	41	0.205
89	42	0.095
89	43	0.136
89	44	0.222
89	45	0.077
90	0	0
90	1	0
90	2	0
90	3	0
90	4	0
90	5	0
90	6	0
90	7	0
90	8	0
90	9	0
90	10	0
90	11	0
90	12	0
90	13	0
90	14	0
90	15	0.053
90	16	0.125
90	17	0
90	18	0
90	19	0
90	20	0
90	21	0
90	22	0.048
90	23	0
90	24	0.065
90	25	0.093
90	26	0.083
90	27	0.048
90	28	0.103
90	29	0.095
90	30	0.132
90	31	0.111
90	32	0.115
90	33	0.125
90	34	0.154
90	35	0.19
90	36	0.138
90	37	0.2
90	38	0.158
90	39	0.286
90	40	0.28
90	41	0.31
90	42	0.414
90	43	0.397
90	44	0.333
90	45	0.632
91	0	0.098
91	1	0
91	2	0.053
91	3	0.028
91	4	0
91	5	0
91	6	0
91	7	0
91	8	0
91	9	0
91	10	0
91	11	0
91	12	0
91	13	0
91	14	0
91	15	0
91	16	0
91	17	0.043
91	18	0
91	19	0
91	20	0.095
91	21	0.077
91	22	0.067
91	23	0.125
91	24	0.067
91	25	0.125
91	26	0.349
91	27	0.387
91	28	0.292
91	29	0.265
91	30	0.235
91	31	0.115
91	32	0.162
91	33	0
91	34	0.182
91	35	0.057
91	36	0.04
91	37	0.176
91	38	0.258
91	39	0.452
91	40	0.35
91	41	0.39
91	42	0.42
91	43	0.391
91	44	0.256
91	45	0.353
92	0	0
92	1	0
92	2	0.022
92	3	0
92	4	0.091
92	5	0
92	6	0
92	7	0
92	8	0
92	9	0
92	10	0
92	11	0
92	12	0
92	13	0
92	14	0
92	15	0
92	16	0
92	17	0
92	18	0
92	19	0.083
92	20	0.147
92	21	0.2
92	22	0.143
92	23	0.147
92	24	0.132
92	25	0.327
92	26	0.613
92	27	0.327
92	28	0.213
92	29	0.22
92	30	0.278
92	31	0.179
92	32	0.133
92	33	0.118
92	34	0.176
92	35	0.182
92	36	0.171
92	37	0.5
92	38	0.241
92	39	0.312
92	40	0.242
92	41	0.405
92	42	0.492
92	43	0.385
92	44	0.273
92	45	0.125
93	0	0.452
93	1	0
93	2	0
93	3	0.024
93	4	0
93	5	0
93	6	0
93	7	0
93	8	0
93	9	0
93	10	0
93	11	0
93	12	0
93	13	0
93	14	0
93	15	0.059
93	16	0
93	17	0
93	18	0
93	19	0
93	20	0
93	21	0
93	22	0
93	23	0
93	24	0.04
93	25	0.128
93	26	0.161
93	27	0.29
93	28	0.154
93	29	0.364
93	30	0.351
93	31	0.292
93	32	0.194
93	33	0.067
93	34	0.412
93	35	0.233
93	36	0.432
93	37	0.2
93	38	0.5
93	39	0.405
93	40	0.379
93	41	0.356
93	42	0.396
93	43	0.46
93	44	0.348
93	45	0.588
94	0	0.446
94	1	0
94	2	0
94	3	0
94	4	0
94	5	0
94	6	0
94	7	0
94	8	0
94	9	0
94	10	0
94	11	0
94	12	0
94	13	0
94	14	0
94	15	0.024
94	16	0
94	17	0
94	18	0
94	19	0.083
94	20	0.08
94	21	0.074
94	22	0.062
94	23	0.083
94	24	0.056
94	25	0.353
94	26	0.569
94	27	0.571
94	28	0.24
94	29	0.455
94	30	0.542
94	31	0.214
94	32	0.2
94	33	0.143
94	34	0.5
94	35	0.143
94	36	0.333
94	37	0.333
94	38	0.556
94	39	0.571
94	40	0.5
94	41	0.684
94	42	0.562
94	43	0.667
94	44	0.6
94	45	0.462
95	0	0.77
95	1	0
95	2	0
95	3	0.133
95	4	0
95	5	0
95	6	0
95	7	0
95	8	0
95	9	0
95	10	0
95	11	0
95	12	0
95	13	0
95	14	0
95	15	0.136
95	16	0
95	17	0.25
95	18	0
95	19	0.1
95	20	0
95	21	0.062
95	22	0
95	23	0
95	24	0.2
95	25	0.286
95	26	0.676
95	27	0.526
95	28	0.5
95	29	0.571
95	30	0.471
95	31	0.375
95	32	0.167
95	33	0.2
95	34	0
95	35	0.25
95	36	0.111
95	37	0
95	38	0.333
95	39	0.333
95	40	0.417
95	41	0.4
95	42	0.524
95	43	0.478
95	44	0.706
95	45	0.8
96	0	0.972
96	1	0
96	2	0.1
96	3	0.088
96	4	0
96	5	0
96	6	0
96	7	0
96	8	0
96	9	0
96	10	0
96	11	0
96	12	0
96	13	0
96	14	0
96	15	0.075
96	16	0
96	17	0.048
96	18	0
96	19	0
96	20	0.2
96	21	0.188
96	22	0.176
96	23	0.222
96	24	0.2
97	0	0.556
97	2	0
97	3	0
97	4	0
97	5	0
97	6	0
97	7	0
97	8	0
97	9	0
97	10	0
97	11	0
97	12	0
97	13	0
97	14	0
97	15	0
97	17	0
97	18	0
97	19	0.333
97	20	0.5
97	21	0.6
97	22	0.5
97	23	0
97	24	0.25
97	25	0.419
97	26	0.691
97	27	0.6
97	28	0.488
97	29	0.667
97	30	0.65
97	31	0.64
97	32	0.556
97	33	0.5
97	34	0.412
97	35	0.529
97	36	0.417
97	37	0.643
97	38	0.55
97	39	0.522
97	40	0.56
97	41	0.545
97	42	0.569
97	43	0.627
97	44	0.578
97	45	0.455
98	0	0.654
98	1	0
98	2	0.091
98	3	0.276
98	4	0
98	5	0
98	6	0
98	7	0
98	8	0
98	9	0
98	10	0
98	11	0
98	12	0
98	13	0
98	14	0.077
98	15	0.093
98	16	0
98	17	0
98	18	0
98	19	0
98	20	0
98	21	0
98	22	0
98	23	0
98	24	0
98	25	0
98	26	0.444
98	27	0.375
98	28	0.2
98	29	0.375
98	30	0.385
98	31	0.1
98	32	0.143
98	33	0.667
98	34	0.143
98	35	0.333
98	36	0.25
98	37	0.2
98	38	0.222
98	39	0.2
98	40	0.4
98	41	0.611
98	42	0.696
98	43	0.417
98	44	0.417
98	45	0
99	0	0.833
99	1	0
99	2	0
99	3	0
99	4	0.091
99	5	0
99	6	0
99	7	0
99	8	0
99	9	0
99	10	0
99	11	0
99	12	0
99	13	0
99	14	0
99	15	0.1
99	16	1
99	17	0
99	18	0
99	19	0
99	20	0.067
99	21	0.118
99	22	0.04
99	23	0
99	24	0.2
99	25	0.279
99	26	0.545
99	27	0.6
99	28	0.565
99	29	0.556
99	30	0.63
99	31	0.467
99	32	0.421
99	33	0.143
99	34	0.25
99	35	0.333
99	36	0.462
99	37	0.5
99	38	0
99	39	0.389
99	40	0.417
99	41	0.571
99	42	0.647
99	43	0.658
99	44	0.606
99	45	0.706
100	0	0.727
100	1	0
100	2	0
100	3	0.034
100	4	0
100	5	0
100	6	0
100	7	0
100	8	0
100	9	0
100	10	0
100	11	0
100	12	0
100	13	0
100	14	0
100	15	0.045
100	16	0.333
100	17	0
100	18	0
100	19	0
100	20	0
100	21	0
100	22	0
100	23	0
100	24	0
100	25	0.103
100	26	0.116
100	27	0.139
100	28	0.25
100	29	0.31
100	30	0.212
100	31	0.263
100	32	0.118
100	33	0
100	34	0.5
100	35	0.182
100	36	0.111
100	37	0.167
100	38	0.167
100	39	0.15
100	40	0.125
100	41	0.421
100	42	0.423
100	43	0.583
100	44	0.462
100	45	0.429
101	0	0.094
101	1	0.167
101	2	0.143
101	3	0.033
101	4	0
101	5	0
101	6	0
101	7	0
101	8	0
101	9	0
101	10	0
101	11	0
101	12	0
101	13	0
101	14	0
101	15	0
101	16	0
101	17	0
101	18	0
101	19	0.105
101	20	0.077
101	21	0.034
101	22	0.25
101	23	0
101	24	0.111
101	25	0.222
101	26	0.474
101	27	0.25
101	28	0.353
101	29	0.176
101	30	0.294
101	31	0.2
101	32	0.125
101	33	0
101	34	0
101	35	0.077
101	36	0.273
101	37	0.2
101	38	0.167
101	39	0.182
101	40	0.1
101	41	0.176
101	42	0.273
101	43	0.255
101	44	0.278
101	45	0.091
102	0	0.3
102	1	0
102	2	0
102	3	0
102	4	0
102	5	0
102	6	0
102	7	0
102	8	0
102	9	0
102	10	0
102	11	0
102	12	0
102	13	0
102	14	0
102	15	0.125
102	17	0
102	18	0
102	19	0
102	20	0.214
102	21	0.091
102	22	0.2
102	23	0.167
102	24	0.15
102	25	0.2
102	26	0.544
102	27	0.607
102	28	0.5
102	29	0.438
102	30	0.464
102	31	0.615
102	32	0.471
102	33	0.125
102	34	0.385
102	35	0.438
102	36	0.533
102	37	0.538
102	38	0.7
102	39	0.55
102	40	0.55
102	41	0.5
102	42	0.579
102	43	0.652
102	44	0.531
102	45	0.333
103	0	0.185
103	1	0.143
103	2	0
103	3	0
103	4	0
103	5	0
103	6	0
103	7	0
103	8	0
103	9	0
103	10	0
103	11	0
103	12	0
103	13	0
103	14	0
103	15	0
103	16	0
103	17	0
103	18	0
103	19	0
103	20	0.05
103	21	0.038
103	22	0.053
103	23	0
103	24	0.077
103	25	0.174
103	26	0.37
103	27	0.407
103	28	0.304
103	29	0.4
103	30	0.385
103	31	0.133
103	32	0.105
103	33	0.125
103	34	0.25
103	35	0.25
103	36	0.2
103	37	0.222
103	38	0.312
103	39	0.2
103	40	0.294
103	41	0.429
103	42	0.487
103	43	0.542
103	44	0.405
103	45	0.333
104	0	0.182
104	1	0
104	2	0
104	3	0.154
104	4	0.083
104	5	0
104	6	0
104	7	0
104	8	0
104	9	0
104	10	0
104	11	0
104	12	0
104	13	0
104	14	0
104	15	0
104	16	0
104	17	0
104	18	0
104	19	0.043
104	20	0.062
104	21	0.135
104	22	0
104	23	0
104	24	0
104	25	0
104	26	0.034
104	27	0.053
104	28	0.05
104	29	0.143
104	30	0.15
104	31	0.091
104	32	0.067
104	33	0.2
104	34	0
104	35	0.3
104	36	0.167
104	37	0.125
104	38	0.182
104	39	0.125
104	40	0.364
104	41	0.267
104	42	0.394
104	43	0.375
104	44	0.273
104	45	0.2
105	0	0
105	1	0
105	2	0
105	3	0
105	4	0
105	5	0
105	6	0
105	7	0
105	8	0
105	9	0
105	10	0
105	11	0
105	12	0
105	13	0
105	14	0
105	15	0
105	16	0
105	17	0
105	18	0.167
105	19	0
105	20	0.111
105	21	0.067
105	22	0
105	23	0.067
105	24	0
105	25	0.207
105	26	0.216
105	27	0.345
105	28	0.367
105	29	0.357
105	30	0.455
105	31	0.333
105	32	0.2
105	33	0.3
105	34	0.333
105	35	0.429
105	36	0.353
105	37	0.3
105	38	0.455
105	39	0.462
105	40	0.5
105	41	0.483
105	42	0.614
105	43	0.58
105	44	0.395
105	45	0.222
106	0	0
106	1	0
106	2	0
106	3	0
106	4	0
106	5	0
106	6	0
106	7	0
106	8	0
106	9	0
106	10	0
106	11	0
106	12	0
106	13	0
106	14	0
106	15	0
106	16	0
106	17	0
106	18	0
106	19	0
106	20	0
106	21	0
106	22	0
106	23	0
106	24	0
106	25	0.059
106	26	0.227
106	27	0.423
106	28	0.333
106	29	0.375
106	30	0.375
106	31	0.263
106	32	0.562
106	33	0.125
106	34	0.333
106	35	0.4
106	36	0.182
106	37	0.231
106	38	0.375
106	39	0.444
106	40	0.25
106	41	0.647
106	42	0.588
106	43	0.75
106	44	0.4
106	45	0.583
107	0	0.071
107	1	0
107	2	0
107	3	0.095
107	4	0
107	5	0
107	6	0
107	7	0
107	8	0
107	9	0
107	10	0
107	11	0
107	12	0
107	13	0
107	14	0
107	15	0.04
107	16	0
107	17	0.056
107	18	0
107	19	0
107	20	0
107	21	0
107	22	0
107	23	0
107	24	0
107	25	0.056
107	26	0.424
107	27	0.308
107	28	0.2
107	29	0.286
107	30	0.16
107	31	0
107	32	0.118
107	33	0.125
107	34	0.125
107	35	0.118
107	36	0.25
107	37	0.286
107	38	1
107	39	0.2
107	40	0.143
107	41	0.4
107	42	0.222
107	43	0.071
107	44	0.333
107	45	0
108	0	0.222
108	1	0
108	2	0
108	3	0.13
108	4	0
108	5	0
108	6	0
108	7	0
108	8	0
108	9	0
108	10	0
108	11	0
108	12	0
108	13	0
108	14	0
108	15	0
108	16	0
108	17	0
108	18	0
108	19	0
108	20	0
108	21	0
108	22	0
108	23	0
108	24	0
108	25	0
108	26	0.105
108	27	0.278
108	28	0.087
108	29	0.263
108	30	0.353
108	31	0.2
108	32	0.308
108	33	0.333
108	34	0.286
108	35	0.333
108	36	0.25
108	37	0.158
108	38	0.067
108	39	0.067
108	40	0.1
108	41	0.167
108	42	0.24
108	43	0.241
108	44	0.16
108	45	0.5
109	0	0.043
109	1	0
109	2	0
109	3	0.053
109	4	0
109	5	0
109	6	0
109	7	0
109	8	0
109	9	0
109	10	0
109	11	0
109	12	0
109	13	0
109	14	0
109	15	0
109	16	0
109	17	0
109	18	0
109	19	0
109	20	0.067
109	21	0
109	22	0
109	23	0.167
109	24	0
109	25	0.111
109	26	0.105
109	27	0.2
109	28	0.214
109	29	0.267
109	30	0.25
109	31	0.25
109	32	0.3
109	33	0.25
109	34	0
109	35	0.143
109	36	0.333
109	37	0.125
109	38	0.3
109	39	0.346
109	40	0.24
109	41	0.2
109	42	0.639
109	43	0.605
109	44	0.558
109	45	0.6
110	0	0
110	1	0
110	2	0
110	3	0.033
110	4	0
110	5	0
110	6	0
110	7	0
110	8	0
110	9	0
110	10	0
110	11	0
110	12	0
110	13	0
110	14	0
110	15	0
110	17	0
110	18	0
110	19	0
110	20	0
110	21	0
110	22	0
110	23	0
110	24	0
110	25	0
110	26	0.042
110	27	0.258
110	28	0.182
110	29	0.263
110	30	0.276
110	31	0.312
110	32	0.133
110	33	0.364
110	34	0.25
110	35	0.312
110	36	0.357
110	37	0.4
110	41	0
110	42	0.5
110	43	0.538
110	44	0.333
110	45	0.667
111	0	0.431
111	1	0
111	2	0
111	3	0.111
111	4	0
111	5	0
111	6	0
111	7	0
111	8	0
111	9	0
111	10	0
111	11	0
111	12	0
111	13	0
111	14	0
111	15	0.111
111	17	0
111	18	0
111	19	0
111	20	0
111	21	0
111	22	0
111	23	0
111	24	0
111	25	0
111	26	0.167
111	27	0.071
111	28	0
111	29	0
111	30	0.133
111	31	0.375
111	32	0.111
111	33	0
111	34	0.25
111	35	0
111	36	0.125
111	37	0.333
111	38	0.2
111	39	0.4
111	40	0.267
111	41	0.364
111	42	0.49
111	43	0.538
111	44	0.488
111	45	0.391
112	0	0.386
112	1	0
112	2	0.036
112	3	0
112	4	0
112	5	0
112	6	0
112	7	0
112	8	0
112	9	0
112	10	0
112	11	0
112	12	0
112	13	0
112	14	0
112	15	0
112	16	0
112	17	0
112	18	0
112	19	0
112	20	0
112	21	0
112	22	0
112	23	0
112	24	0
112	25	0.067
112	26	0
113	0	0.61
113	1	0
113	2	0
113	3	0
113	26	0.222
113	27	0.516
113	28	0.421
113	29	0.65
113	30	0.565
113	31	0.375
113	32	0.364
113	33	0.375
113	34	0.4
113	35	0.286
113	36	0.462
113	37	0.462
113	38	0.364
113	39	0.562
113	40	0.588
113	41	0.6
113	42	0.714
113	43	0.705
113	44	0.52
113	45	0.636
114	3	0
114	4	0
114	5	0
114	6	0
114	7	0
114	8	0
114	9	0
114	10	0
114	11	0
114	12	0
114	13	0
114	14	0
114	15	0
114	16	0
114	17	0
114	18	0
114	19	0
114	20	0
114	21	0.231
114	22	0.111
114	23	0.083
114	24	0.125
114	25	0.133
114	26	0.44
114	27	0.519
114	28	0.583
114	29	0.438
114	30	0.556
114	31	0.182
114	32	0.364
114	33	0.6
114	34	0.125
114	35	0.5
114	36	0.714
114	37	0.778
114	38	0.625
114	39	0.615
114	40	0.667
114	41	0.75
114	42	0.905
115	0	0.182
115	1	0
115	2	0
115	3	0.043
115	4	0
115	5	0
115	6	0
115	7	0
115	8	0
115	9	0
115	10	0
115	11	0
115	12	0
115	13	0
115	14	0
115	15	0.2
115	17	0
115	18	0
115	19	0
115	20	0
115	21	0
115	22	0.25
115	23	0
115	24	0
115	25	0
115	26	0
115	27	0.5
115	28	0.2
115	29	0.167
115	30	0
115	31	0
115	32	0
115	33	0
115	34	0
115	35	0
115	36	0
115	37	0
115	38	0.4
115	39	0
115	40	0.5
115	41	0
115	42	0.583
115	43	0.688
115	44	0.63
115	45	0.867
116	0	0.2
116	1	0
116	2	0
116	3	0
116	4	0
116	5	0
116	6	0
116	11	0
116	12	0
116	13	0
116	14	0
116	15	0
116	16	0
116	17	0
116	18	0
116	19	0
116	20	0
116	21	0
116	22	0
116	23	0
116	24	0
116	25	0
116	26	0
116	27	0.417
116	28	0.5
116	29	0.417
116	30	0.545
116	31	0.375
116	32	0.3
116	33	1
116	34	0.6
116	35	0.364
116	36	0.4
116	37	0.5
116	38	0.429
116	39	0.545
116	40	1
116	41	0.4
116	42	0.611
116	43	0.4
116	44	0.364
116	45	0.333
117	7	0
117	8	0
117	9	0
117	10	0
117	11	0
117	12	0
117	13	0
117	14	0
117	15	0
117	17	0
117	18	0
117	19	0
117	20	0
117	21	0
117	22	0
117	23	0
117	24	0
117	25	0
117	26	0.154
117	27	0.577
117	28	0.5
117	29	0.474
117	30	0.545
117	31	0.417
117	32	0.3
117	33	0.2
117	34	0.333
117	35	0.308
117	36	0.357
117	37	0.5
118	0	0.065
118	1	0
118	2	0
118	3	0
118	4	0
118	5	0
118	6	0
118	7	0
118	8	0
118	9	0
118	10	0
118	11	0
118	12	0
118	13	0
118	14	0
118	15	0
118	16	0
118	17	0
118	18	0
118	20	0
118	21	0
118	22	0
118	23	0
118	24	0
118	25	0
118	26	0
118	27	0.143
118	28	0.25
118	29	0.333
118	30	0.333
118	31	0.25
118	32	0.333
118	33	0
118	35	0
118	36	0
118	37	0.2
118	38	0.3
118	39	0.294
118	40	0.35
118	41	0.36
118	42	0.556
118	43	0.579
118	44	0.4
118	45	0.625
119	0	0
119	1	0
119	2	0
119	3	0
119	4	0
119	5	0
119	6	0
119	7	0
119	8	0
119	9	0
119	10	0
119	11	0
119	12	0
119	13	0
119	14	0
119	15	0
119	16	0
119	17	0
119	18	0
119	19	0
119	20	0
119	21	0
119	22	0
119	23	0
119	24	0
119	25	0
119	26	0
119	27	0.2
119	28	0.1
119	29	0.556
119	30	0.571
119	31	0.444
119	32	0.5
119	33	0
119	34	0.2
119	35	0
119	36	0.571
119	37	0.667
119	38	0.4
119	39	0.667
119	40	0.444
119	41	0.333
119	42	0.615
119	43	0.667
119	44	0.5
119	45	0.75
120	0	0.312
120	1	0
120	2	0
120	3	0.143
120	4	0
120	5	0
120	6	0
120	7	0
120	8	0
120	9	0
120	10	0
120	11	0
120	12	0
120	13	0
120	14	0
120	15	0.077
120	16	0
120	17	0
120	18	0
120	19	0
120	20	0
120	21	0
120	22	0
120	23	0
120	24	0
120	25	0
120	26	0.364
120	27	0.1
120	28	0.455
120	29	0.333
120	30	0.4
120	31	0.222
120	32	0.25
120	33	0
120	34	0.5
120	35	0.125
120	36	0.333
120	37	0.2
120	38	0.4
120	39	0.333
120	40	0.429
120	41	0.333
120	42	0.783
120	43	0.786
120	44	0.588
120	45	1
121	0	0.167
121	1	0
121	2	0
121	3	0
121	4	0
121	5	0
121	6	0
121	7	0
121	8	0
121	9	0
121	10	0
121	11	0
121	12	0
121	13	0
121	14	0
121	22	0
121	23	0
121	24	0
121	25	0
121	26	0.5
121	27	0.7
121	28	0.6
121	29	0.778
121	30	0.727
121	31	0.5
121	32	0.667
121	33	0.25
121	34	1
121	35	0.5
121	36	0.8
121	37	0.5
121	38	0.833
121	39	0.8
121	40	0.833
121	41	0.714
121	42	1
121	43	1
121	44	0.875
121	45	0.75
122	15	0
122	16	0
122	17	0
122	18	0
122	19	0
122	20	0
122	21	0
122	22	0
122	23	0
122	24	0
122	25	0
122	26	0.529
122	27	0.529
122	28	0.381
122	29	0.412
122	30	0.435
122	31	0.188
122	32	0.462
122	33	0.333
122	34	0.6
122	35	0.438
122	36	0.538
122	37	0.286
122	38	0.308
122	39	0.5
122	40	0.2
123	1	0
123	2	0
123	3	0
123	4	0
123	5	0
123	6	0
123	7	0
123	8	0
123	9	0
123	10	0
123	11	0
123	12	0
123	13	0
123	14	0.25
123	15	0
123	17	0
123	18	0
123	19	0
123	20	0
123	21	0.167
123	22	0
123	23	0.25
123	24	0
123	25	0.2
123	26	0.333
123	27	0.5
123	28	0.375
123	29	0.6
123	30	0.286
123	31	0.25
123	32	0.333
123	33	1
123	34	0
123	35	0.6
123	36	0
123	37	0.25
123	38	0
123	39	0.2
123	40	0.464
123	41	0.591
123	42	0.69
123	43	0.795
123	44	0.682
123	45	0.538
124	0	0.773
124	1	0.125
124	2	0.2
124	3	0.108
124	4	0.036
124	5	0
124	6	0
124	7	0
124	8	0
124	9	0
124	10	0
124	11	0
124	12	0
124	13	0
124	14	0
124	15	0
124	17	0
124	18	0
124	19	0
124	20	0.333
124	21	0
124	22	0.2
124	23	0
124	24	0
124	25	0
124	26	0.2
124	27	0.75
124	28	0
124	29	0.25
124	30	0.2
124	31	0
124	32	0
124	33	0
124	34	0
124	35	0
124	36	0
124	37	0
124	38	0
124	39	0
124	40	0
124	41	0.2
124	42	0.75
124	43	0.375
124	44	0.385
124	45	0.857
125	11	0
125	12	0
125	13	0
125	14	0
125	15	0
125	16	0
125	17	0
125	18	0
125	19	0
125	20	0
125	21	0
125	22	0
125	23	0
125	24	0
125	25	0
125	26	0.214
125	27	0.121
125	28	0.19
125	29	0.12
125	30	0.208
125	31	0.214
125	32	0
126	0	0.333
126	1	0
126	2	0
126	3	0
126	4	0
126	5	0
126	6	0
126	7	0
126	8	0
126	9	0
126	10	0
126	11	0
126	12	0
126	13	0
126	14	0
126	15	0.2
126	16	0
126	17	0
126	18	0
126	19	0
126	20	0
126	21	0
126	22	0
126	23	0
126	24	0
126	25	0
126	26	0.5
126	27	0.333
126	28	0.4
126	29	0.25
126	30	0.667
126	32	0.231
126	33	0.143
126	34	0
126	35	0.417
126	36	0.333
126	37	0.455
126	38	0.25
126	39	0.312
126	40	0.143
126	41	0.5
126	42	0.5
126	43	0.286
126	44	0.212
126	45	0.381
127	0	0
127	1	0.2
127	2	0
127	3	0
127	4	0
127	5	0
127	6	0
127	7	0
127	8	0
127	9	0
127	10	0
127	11	0
127	12	0
127	13	0
127	14	0
127	15	0
127	17	0
127	18	0
127	19	0
127	20	0
127	21	0
127	22	0
127	23	0
127	24	0
127	25	0
127	26	0.333
127	27	1
127	28	0.5
127	29	0.667
127	30	0.143
127	31	0
127	32	0.333
127	33	0
127	34	0.333
127	35	0
127	36	0.333
127	37	0.4
127	38	0.333
127	39	0.3
127	40	0.222
127	41	0.75
127	42	0.556
127	43	0.4
127	44	0.364
127	45	1
128	4	0
128	5	0
128	6	0
128	7	0
128	8	0
128	9	0
128	10	0
128	11	0
128	12	0
128	13	0
128	14	0.067
128	15	0
128	16	0
128	17	0
128	18	0
128	19	0.056
128	20	0.143
128	21	0.059
128	22	0.211
128	23	0.071
128	24	0.176
128	25	0
129	25	0.368
129	26	0.255
129	27	0.429
129	28	0.438
129	29	0.211
129	30	0.212
129	31	0.333
129	32	0.25
129	33	0.429
129	34	0
129	35	0.375
129	36	0.263
129	37	0.3
129	38	0.462
129	39	0.542
129	40	0.647
130	0	0.068
130	1	0
130	2	0
130	3	0.04
130	4	0
130	40	0.8
130	41	0.696
130	42	0.735
130	43	0.62
130	44	0.686
130	45	0.462
131	4	0
131	5	0
131	6	0
131	7	0
131	8	0
131	9	0
131	10	0
131	11	0
131	12	0
131	13	0
131	14	0
131	15	0.04
131	16	0
131	17	0
131	18	0
131	19	0
131	20	0
131	21	0
131	22	0
131	23	0
131	24	0
131	25	0
131	26	0.095
132	26	0
132	27	0.071
132	28	0.15
132	29	0.136
132	30	0.103
132	31	0.083
132	32	0.231
132	33	0.125
132	34	0.333
132	35	0.176
132	36	0.235
132	37	0.091
132	38	0.273
132	39	0.188
132	40	0.263
132	41	0.263
132	42	0.29
132	43	0.423
133	0	0
133	1	0
133	2	0
133	3	0
133	4	0
133	5	0
133	6	0
133	7	0
133	8	0
133	9	0
133	10	0
133	11	0
133	12	0
133	13	0
133	14	0
133	15	0.133
133	17	0
133	18	0
133	19	0
133	20	0
133	21	0
133	22	0
133	23	0
133	24	0
133	25	0
133	26	0.273
133	27	0.286
133	28	0.4
133	29	0.2
133	30	0.133
133	31	0
133	32	0
133	33	0
133	34	0
133	35	0
133	36	0.25
133	37	0.25
133	38	0
133	39	0.2
133	40	0.2
133	41	0.333
133	42	0.545
133	43	0.476
133	44	0.312
133	45	0.5
134	0	0.069
134	1	0
134	2	0
134	3	0
134	4	0
134	5	0
134	7	0
134	8	0
134	9	0
134	11	0
134	12	0
134	14	0
134	17	0
134	19	0
134	20	0
134	21	0
134	22	0
134	23	0
134	24	0
134	25	0
134	26	0.143
134	27	0.25
134	28	0.375
134	29	0.571
134	30	0.2
134	31	0
134	32	0
134	33	0.2
134	34	0
134	35	0.4
134	36	0.286
134	37	0.5
134	38	0.429
134	39	0.333
134	40	0
134	41	0.333
134	42	0.688
134	43	0.471
134	44	0.333
134	45	0
135	4	0
135	5	0
135	6	0
135	7	0
135	8	0
135	9	0
135	10	0
135	11	0
135	12	0
135	13	0
135	14	0
135	15	0
135	16	0
135	17	0
135	18	0
135	19	0
135	20	0
135	21	0
135	22	0
136	22	0
136	23	0
136	24	0.146
136	25	0
136	26	0.205
136	27	0.125
136	28	0.143
136	29	0.231
136	30	0.222
136	31	0.05
136	32	0.143
137	0	0
137	33	0
137	34	0.167
137	35	0.278
137	36	0.214
137	37	0.333
137	38	0.111
137	39	0.409
137	40	0.294
137	41	0.227
137	42	0.25
137	43	0.244
137	44	0.211
137	45	0.083
138	0	0.407
138	1	0
138	2	0
138	3	0.091
138	4	0
138	5	0
138	6	0
138	7	0
138	8	0
138	9	0
138	10	0
138	11	0
138	12	0
138	13	0
138	14	0
138	15	0
138	17	0
138	18	0
138	19	0
138	20	0
138	21	0
138	22	0
138	23	0
138	24	0
138	25	0
138	26	0
138	27	0
138	28	0
138	29	0
138	30	0
138	31	0
138	32	0
138	34	0
138	35	0
138	36	0
138	37	0
138	38	0
138	39	0.75
138	40	0
138	42	0.333
138	43	0
138	44	0
139	5	0
139	6	0
139	7	0
139	8	0
139	9	0
139	10	0
139	11	0
139	12	0
139	13	0
139	14	0
139	15	0
139	16	0
139	17	0
139	18	0
139	19	0
139	20	0
139	21	0
139	22	0
139	23	0
139	24	0
139	25	0
139	26	0.077
139	27	0.2
140	27	0.143
140	28	0.176
140	29	0.182
140	30	0.143
140	31	0
140	32	0.083
140	33	0
140	34	0
140	35	0.077
140	36	0
140	37	0.091
140	38	0.167
140	39	0.176
140	40	0.182
140	41	0.273
140	42	0.355
140	43	0.424
140	44	0.269
140	45	0.333
141	0	0
141	1	0
141	2	0
141	3	0
141	4	0
141	5	0
141	6	0
141	7	0
141	8	0
141	9	0
141	10	0
141	11	0
141	12	0
141	13	0
141	14	0
141	15	0
141	17	0
141	18	0
141	19	0
141	20	0
141	21	0
141	22	0
141	23	0.5
141	24	0.167
141	25	0
141	26	0.2
141	27	0.143
141	28	0
141	29	0.333
141	30	0.143
141	31	0
141	32	0
141	33	0
141	34	0.333
141	35	0
141	36	0
141	37	0
141	38	0
141	39	0.667
141	40	0.143
141	41	0
141	42	0.625
141	43	0.857
141	44	0.333
141	45	1
142	0	0.095
142	1	0
142	3	0
142	4	0
142	5	0
142	6	0
142	7	0
142	8	0
142	9	0
142	10	0
142	11	0
142	12	0
142	13	0
142	14	0
142	15	0
142	16	0
142	17	0
142	18	0
142	19	0
142	20	0
142	21	0
142	22	0
142	23	0
142	24	0
142	25	0
142	26	0
142	27	0.286
142	28	0.333
142	29	0.5
142	30	0.25
142	31	0.333
142	32	0.667
142	33	0
142	34	0.4
142	35	0
142	36	1
142	37	0
142	38	0.333
142	39	0
142	40	0
142	41	0.5
142	42	0.5
142	43	0.5
142	44	0.333
142	45	0.5
143	21	0
143	22	0
143	23	0
143	24	0
143	25	0
143	26	0.25
143	27	0.5
143	28	0.667
143	29	0.625
143	30	0.714
143	31	0.6
143	32	0.5
143	33	0
143	34	0.667
143	35	0
143	36	0.429
143	37	0.667
143	38	0.667
143	39	0.667
143	40	0.571
143	41	0.25
143	42	0.615
143	43	0.692
143	44	0.625
