"time"	"distance"	"value"
36	5	0
36	6	0
36	7	0.208
36	8	0.6
36	9	0.538
36	10	0.444
36	11	0.375
36	12	0.385
36	13	0.083
36	14	0.417
36	15	0.381
36	16	0.5
36	17	0.538
36	18	0.462
36	19	0.533
36	20	0.6
36	21	0.333
36	22	0.5
36	24	0.444
36	25	0.4
36	26	0.5
36	27	0.5
36	28	0.6
36	29	0.636
36	30	0.545
36	31	0.474
36	32	0.545
36	33	0.19
36	34	0.143
37	0	0.13
37	1	0.048
37	2	0
37	3	0
37	4	0
37	5	0
37	6	0
37	7	0
37	8	0
37	9	0
37	10	0
37	11	0
37	12	0.125
37	13	0
37	14	0
37	15	0.083
37	16	0.667
37	17	0.333
37	18	0.417
37	19	0.444
37	20	0.6
37	21	0.143
37	22	0.333
37	23	0
37	24	0.25
37	25	0
37	26	0.2
37	27	0.2
37	28	0
37	29	0.5
37	30	0.2
37	31	0.333
37	32	0.714
37	33	0.455
37	34	0.438
37	35	1
38	8	0
38	9	0
38	10	0
38	11	0
38	12	0
38	13	0
38	14	0
38	15	0
38	16	0.222
38	17	0.217
38	18	0.222
38	19	0.28
38	20	0.238
38	21	0.333
38	22	0.083
38	23	0
38	24	0.35
38	25	0.286
38	26	0.333
38	27	0.286
38	28	0.316
38	29	0.364
38	30	0.421
38	31	0.333
38	32	0.5
38	33	0.25
39	0	0.167
39	1	0
39	2	0
39	3	0
39	4	0
39	5	0
39	6	0
39	7	0.111
39	8	0.062
39	9	0.143
39	10	0.056
39	11	0.042
39	12	0
39	13	0.111
39	14	0.217
39	15	0.118
39	16	0.5
39	17	0.222
39	18	0.357
39	19	0.556
39	20	0.385
39	21	0.286
39	22	0.5
39	24	0.6
39	25	0.667
39	26	0.4
39	27	0.6
39	28	0.333
39	29	0.75
39	30	0.625
39	31	0.8
39	32	0.611
39	33	0.8
39	34	0.283
39	35	0.2
40	0	0.103
40	1	0.083
40	2	0
40	3	0
40	4	0
40	5	0
40	6	0
40	7	0
40	8	0.091
40	9	0.154
40	10	0
40	11	0.111
40	12	0
40	13	0.167
40	14	0.2
40	15	0.188
40	16	0.273
40	17	0.414
40	18	0.5
40	19	0.355
40	20	0.323
40	21	0.318
40	22	0.421
40	23	0
40	24	0.286
40	25	0.267
40	26	0.357
40	27	0.364
40	28	0.429
40	29	0.474
40	30	0.45
40	31	0.562
40	32	0.71
40	33	0.8
40	34	0.737
41	0	0.198
41	1	0.077
41	2	0
41	3	0
41	4	0
41	5	0
41	6	0
41	7	0
41	8	0
41	9	0
41	10	0
41	11	0
41	12	0
41	13	0
41	14	0
41	15	0.115
41	16	0.167
41	17	0.474
41	18	0.211
41	19	0.368
41	20	0.471
41	21	0.412
41	22	0.545
41	23	0
41	24	0.583
41	25	0.333
41	26	0.333
41	27	0.455
41	28	0.5
41	29	0.5
41	30	0.412
41	31	0.571
41	32	0.538
41	33	0.586
41	34	0.441
41	35	1
42	0	0.159
42	1	0.091
42	2	0
42	3	0
42	4	0
42	5	0
42	6	0
42	7	0.067
42	8	0.067
42	9	0.103
42	10	0.136
42	11	0.125
42	12	0.095
42	13	0.125
42	14	0.1
42	15	0.094
42	16	0.364
42	17	0.438
42	18	0.2
42	19	0.423
42	20	0.2
42	21	0.083
42	22	0.143
42	23	0
42	24	0
42	25	0.167
42	26	0
42	27	0
42	28	0
42	29	0
42	30	0
42	31	0.417
42	32	0.25
42	33	0.421
42	34	0.471
42	35	1
43	0	0.214
43	1	0.067
43	2	0
43	3	0
43	4	0
43	5	0
43	6	0
43	7	0.071
43	8	0.143
43	9	0.1
43	10	0.167
43	11	0.235
43	12	0.1
43	13	0
43	14	0.333
43	15	0.333
43	16	0.333
43	17	0.25
43	18	0.529
43	19	0.375
43	20	0.405
43	21	0.318
43	22	0.312
43	23	0
43	24	0.455
43	25	0.385
43	26	0.438
43	27	0.357
43	28	0.5
43	29	0.455
43	30	0.565
43	31	0.594
43	32	0.586
43	33	0.576
43	34	0.513
44	0	0.216
44	1	0.067
44	2	0
44	3	0
44	4	0
44	5	0
44	6	0
44	7	0
44	8	0
44	9	0.023
44	10	0.045
44	11	0.086
44	12	0.125
44	13	0.143
44	14	0.207
44	15	0.263
44	16	0.333
44	17	0.5
44	18	0.367
44	19	0.538
44	20	0.579
44	21	0.125
44	22	0.25
44	23	1
44	24	0.5
44	25	0.667
44	26	0.25
44	27	0.75
44	28	0.333
44	29	0.222
44	30	0.125
44	31	0.25
44	32	0.368
44	33	0.455
44	34	0.25
44	35	0
45	0	0.208
45	1	0
45	2	0
45	3	0
45	4	0
45	5	0
45	6	0
45	7	0.048
45	8	0.222
45	9	0.207
45	10	0.231
45	11	0.111
45	12	0.429
45	13	0.647
45	14	0.333
45	15	0.321
45	16	0.6
45	17	0.783
45	18	0.545
45	19	0.5
45	20	0.517
45	21	0.357
45	22	0.278
45	24	0.238
45	25	0.5
45	26	0.385
45	27	0.4
45	28	0.409
45	29	0.5
45	30	0.529
45	31	0.682
45	32	0.783
45	33	0.696
45	34	0.517
45	35	0.5
46	0	0.05
46	1	0.091
46	2	0
46	3	0
46	4	0
46	5	0
46	6	0
46	7	0
46	8	0
46	9	0.04
46	10	0.167
46	11	0.111
46	12	0.083
46	13	0.133
46	14	0.364
46	15	0.154
46	16	0.875
46	17	0.435
46	18	0.4
46	19	0.63
46	20	0.441
46	21	0.357
46	22	0.353
46	23	0
46	24	0.167
46	25	0.091
46	26	0.353
46	27	0
46	28	0.318
46	29	0.368
46	30	0.375
46	31	0.375
46	32	0.727
46	33	0.656
46	34	0.733
46	35	0.714
47	0	0.02
47	1	0
47	2	0
47	3	0
47	4	0
47	5	0
47	6	0.091
47	7	0.042
47	8	0.091
47	9	0.156
47	10	0.067
47	11	0.13
47	12	0.208
47	13	0.062
47	14	0.294
47	15	0.073
47	16	0.421
47	17	0.444
47	18	0.417
47	19	0.393
47	20	0.333
47	21	0.28
47	22	0.161
47	23	0.25
47	24	0.625
47	25	0.182
47	26	0.091
47	27	0.4
47	28	0.25
47	29	0.333
47	30	0.357
47	31	0.526
47	32	0.513
47	33	0.577
48	0	0.078
48	1	0
48	2	0
48	3	0
48	4	0
48	5	0
48	6	0
48	7	0.3
48	8	0.167
48	9	0.294
48	10	0.312
48	11	0.346
48	12	0.19
48	13	0.15
48	14	0.333
48	15	0.381
48	16	0.286
48	17	0.56
48	18	0.391
48	19	0.333
48	20	0.385
48	21	0.435
48	22	0.455
48	23	0.5
48	24	0.438
48	25	0.5
48	26	0.3
48	27	0.3
48	28	0.333
48	29	0.462
48	30	0.6
48	31	0.417
48	32	0.632
48	33	0.586
48	34	0.552
48	35	0.6
49	0	0.055
49	1	0
49	2	0
49	3	0
49	4	0
49	5	0
49	6	0
49	7	0.042
49	8	0.045
49	9	0.035
49	10	0
49	11	0.027
49	12	0
49	13	0.034
49	14	0.103
49	15	0.045
49	16	0.176
49	17	0.088
49	18	0
49	19	0
49	20	0
49	21	0
49	22	0
49	23	0
49	24	0
49	25	0.444
49	26	0.286
49	27	0.5
49	28	0.333
49	29	0.4
49	30	0.333
49	31	0.5
49	32	0.429
49	33	0.294
49	34	0.409
49	35	0.429
50	0	0.053
50	1	0
50	2	0
50	3	0
50	4	0
50	5	0
50	6	0
50	7	0.235
50	8	0.091
50	9	0.2
50	10	0.231
50	11	0.273
50	12	0.538
50	13	0.083
50	14	0.25
50	15	0.263
50	16	0.2
50	17	0.344
50	18	0.16
50	19	0.452
50	20	0.513
50	21	0.471
50	22	0.5
50	23	0
50	24	0.25
50	25	0.375
50	26	0.312
50	27	0.3
50	28	0.37
50	29	0.278
50	30	0.24
50	31	0.286
50	32	0.32
50	33	0.438
50	34	0.324
50	35	0.25
51	0	0.299
51	1	0.042
51	2	0
51	3	0
51	4	0
51	5	0
51	6	0
51	7	0.2
51	8	0.2
51	9	0.167
51	10	0.091
51	11	0
51	12	0
51	13	0
51	14	0.3
51	15	0.296
51	16	0.357
51	17	0.4
51	18	0.478
51	19	0.429
51	20	0.576
51	21	0.429
51	22	0.118
51	23	0.75
51	24	0.5
51	25	0.4
51	26	0.545
51	27	0.625
51	28	0.467
51	29	0.571
51	30	0.533
51	31	0.652
51	32	0.889
51	33	0.625
51	34	0.651
51	35	0.333
52	5	0
52	6	0
52	7	0.292
52	8	0.167
52	9	0.359
52	10	0.278
52	11	0.357
52	12	0.375
52	13	0.581
52	14	0.353
52	15	0.316
52	16	0.636
52	17	0.615
52	18	0.556
52	19	0.625
52	20	0.655
52	21	0.5
52	22	0.625
52	23	0.333
52	24	0.483
52	25	0.455
52	26	0.615
52	27	0.583
52	28	0.467
52	29	0.429
52	30	0.5
52	31	0.643
52	32	0.918
52	33	0.973
52	34	0.935
53	0	0.089
53	1	0.071
53	2	0
53	3	0
53	4	0
53	5	0
53	6	0
53	7	0
53	8	0
53	9	0
53	10	0
53	11	0
53	12	0.158
53	13	0.231
53	14	0
53	15	0
53	16	0
53	17	0.385
53	18	0.438
53	19	0.409
53	20	0.5
53	21	0.6
53	22	0.364
53	23	0.833
53	24	0.727
53	25	0.167
53	26	0.5
53	27	0.5
53	28	0.5
53	29	0.636
53	30	0.35
53	31	0.591
53	32	0.689
53	33	0.69
53	34	0.66
53	35	1
54	0	0.326
54	1	0.059
54	2	0
54	3	0
54	4	0
54	5	0
54	6	0
54	7	0.056
54	8	0.133
54	9	0.35
54	10	0.19
54	11	0.2
54	12	0.259
54	13	0.182
54	14	0.304
54	15	0.325
54	16	0.5
54	17	0.6
54	18	0.464
54	19	0.5
54	20	0.611
54	21	0.448
54	22	0.25
54	23	0.667
54	24	0.304
54	25	0
54	26	0
54	27	0
54	28	0
54	29	0
54	30	0
54	31	0.5
54	32	0.462
54	33	0.4
54	34	0.182
55	0	0.119
55	1	0.143
55	2	0
55	3	0
55	4	0
55	5	0
55	6	0
55	7	0.333
55	8	0.143
55	9	0.375
55	10	0.375
55	11	0.294
55	12	0.615
55	13	0.636
55	14	0.5
55	15	0.75
55	16	0.4
55	17	0.429
55	18	0.571
55	19	0.714
55	20	0.727
55	21	0.455
55	22	0.5
55	23	0
55	24	0.636
55	25	0.312
55	26	0.538
55	27	0.467
55	28	0.48
55	29	0.36
55	30	0.571
55	31	0.69
55	32	0.551
55	33	0.622
55	34	0.536
55	35	0
56	0	0.24
56	1	0.286
56	2	0
56	3	0
56	4	0
56	5	0
56	6	0.4
56	7	0.273
56	8	0.4
56	9	0.429
56	10	0.273
56	11	0.5
56	12	0.375
56	13	0.214
56	14	0.591
56	15	0.464
56	16	0.429
56	17	0.609
56	18	0.68
56	19	0.652
56	20	0.75
56	21	0.6
56	22	0.222
56	23	0.5
56	24	0.355
56	25	0.462
56	26	0.308
56	27	0.125
56	28	0.4
56	29	0.462
56	30	0.429
56	31	0.625
56	32	0.833
56	33	0.667
56	34	1
56	35	1
57	0	0.094
57	1	0.091
57	2	0.083
57	3	0
57	4	0
57	5	0
57	6	0
57	7	0.25
57	8	0
57	9	0.074
57	10	0.1
57	11	0.071
57	12	0.1
57	13	0.333
57	14	0.308
57	15	0.353
57	16	0.444
57	17	0.2
57	18	0.421
57	19	0.533
57	20	0.395
57	21	0.316
57	22	0.444
57	23	1
57	24	0.556
57	25	0.6
57	26	0.571
57	27	0.375
57	28	0.455
57	29	0.556
57	30	0.667
57	31	0.714
57	32	0.81
57	33	0.767
57	34	0.559
57	35	0.167
58	0	0.178
58	1	0
58	2	0
58	3	0
58	4	0
58	5	0
58	6	0
58	7	0
58	8	0
58	9	0.043
58	10	0.048
58	11	0.033
58	12	0
58	13	0
58	14	0
58	15	0.105
58	16	0.143
58	17	0
58	18	0.167
58	19	0.154
58	20	0.214
58	21	0.111
58	22	0.2
58	23	1
58	24	0.273
58	25	0
58	26	0
58	27	0
58	28	0
58	29	0
58	30	0
58	31	0.154
58	32	0.048
58	33	0.222
58	34	0.05
59	0	0.105
59	1	0
59	2	0
59	3	0
59	4	0
59	5	0
59	6	0
59	7	0
59	13	0
59	14	0.2
59	15	0.118
59	16	0.375
59	17	0.143
59	18	0.25
59	19	0.316
59	20	0.3
59	21	0.429
59	22	0.214
59	23	0.333
59	24	0.3
59	25	0.25
59	26	0.273
59	27	0.5
59	28	0.438
59	29	0.3
59	30	0.391
59	31	0.656
59	32	0.625
59	33	0.483
59	34	0.393
59	35	0.5
60	0	0
60	1	0
60	2	0
60	3	0
60	5	0
60	7	0
60	8	0
60	9	0.081
60	10	0.062
60	11	0.056
60	12	0
60	13	0
60	14	0.1
60	15	0.148
60	16	0.286
60	17	0.308
60	18	0.3
60	19	0.435
60	20	0.517
60	21	0.304
60	22	0.333
60	23	0.833
60	24	0.462
60	25	0.364
60	26	0.4
60	27	0.167
60	28	0.231
60	29	0.111
60	30	0.412
60	31	0.652
60	32	0.721
60	33	0.6
60	34	0.769
60	35	0.5
61	0	0.22
61	1	0
61	2	0
61	3	0
61	4	0
61	5	0
61	6	0
61	7	0.077
61	8	0
61	9	0.318
61	10	0.364
61	11	0.455
61	12	0.6
61	13	0.75
61	14	0.308
61	15	0.368
61	16	0.333
61	17	0.429
61	18	0.4
61	19	0.333
61	20	0.6
61	21	0.667
61	22	0.167
61	23	0.556
61	24	0.783
61	25	0.5
61	26	0.286
61	27	0.667
61	28	0.3
61	29	0.667
61	30	0.455
61	31	0.786
61	32	0.8
61	33	0.467
61	34	0.586
61	35	0.5
62	0	0.316
62	1	0.4
62	2	0
62	3	0
62	4	0
62	5	0
62	6	0
62	7	0.188
62	8	0.125
62	9	0.441
62	10	0.545
62	11	0.438
62	12	0.385
62	13	0.417
62	14	0.364
62	15	0.619
62	16	0.5
62	17	0.647
62	18	0.4
62	19	0.706
62	20	0.706
62	21	0.562
62	22	0.231
62	23	0.6
62	24	0.6
62	25	0.333
62	26	0.714
62	27	0
62	28	0.533
62	29	0.583
62	30	0.588
62	31	0.742
62	32	0.756
62	33	0.667
62	34	0.846
62	35	1
63	0	0.133
63	1	0
63	2	0
63	3	0
63	4	0
63	5	0
63	6	0
63	7	0
63	8	0.1
63	9	0.31
63	10	0.278
63	11	0.333
63	12	0.308
63	13	0.591
63	14	0.444
63	15	0.294
63	16	0.533
63	17	0.63
63	18	0.545
63	19	0.542
63	20	0.759
63	21	0.467
63	22	0.438
63	23	0.667
63	24	0.792
63	25	0
63	26	0.4
63	27	0.2
63	28	0.286
63	29	0
63	30	0.636
63	31	0.933
63	32	0.864
63	33	0.923
63	34	0.727
63	35	0.5
64	0	0.45
64	1	0
64	2	0
64	3	0
64	4	0
64	5	0
64	6	0
64	7	0.25
64	8	0.375
64	9	0.652
64	10	0.333
64	11	0.2
64	12	0.375
64	13	0.5
64	14	0.5
64	15	0.4
64	16	0.5
64	17	0.692
64	18	0.533
64	19	0.643
64	20	0.619
64	21	0.667
64	22	0.273
64	23	1
64	24	0.514
64	25	0.4
64	26	0.4
64	27	0.182
64	28	0.438
64	29	0.619
64	30	0.421
64	31	0.78
64	32	0.792
64	33	0.944
64	34	0.724
64	35	0.6
65	0	0.108
65	1	0.059
65	2	0
65	3	0
65	4	0
65	5	0
65	6	0
65	7	0
65	8	0
65	9	0.217
65	10	0.125
65	11	0.2
65	12	0.083
65	13	0.095
65	14	0
65	15	0.222
65	16	0
65	17	0.294
65	18	0.111
65	19	0.615
65	20	0.462
65	21	0.4
65	22	0.167
65	23	0.667
65	24	0.412
65	25	0
65	26	0.5
65	27	0.333
65	28	0.2
65	29	0.286
65	30	0.846
65	31	1
65	32	0.838
65	33	0.893
65	34	0.774
65	35	0.8
66	0	0.2
66	1	0.154
66	2	0
66	3	0
66	4	0.125
66	5	0.3
66	6	0.143
66	7	0.13
66	8	0
66	9	0
66	10	0.1
66	11	0.071
66	12	0
66	13	0.083
66	14	0.143
66	15	0
66	16	0.667
66	17	0.5
66	18	0.538
66	19	0.529
66	20	0.5
66	21	0.667
66	22	0.444
66	23	0.714
66	24	0.75
66	25	0.429
66	26	0.7
66	27	0.714
66	28	0.769
66	29	0.75
66	30	0.692
66	31	0.739
66	32	0.676
66	33	1
66	34	0.839
66	35	0.333
67	0	0.195
67	1	0
67	2	0
67	3	0
67	4	0
67	5	0
67	6	0
67	7	0.05
67	8	0.2
67	9	0.143
67	10	0.333
67	11	0.25
67	12	0
67	13	0
67	14	0.25
67	15	0.167
67	16	0.167
67	17	0.444
67	18	0.231
67	19	0.4
67	20	0.45
67	21	0.462
67	22	0.333
67	23	0.625
67	24	0.3
67	25	0.333
67	26	0.375
67	27	0.4
67	28	0.462
67	29	0.7
67	30	0.308
67	31	0.857
67	32	0.786
67	33	0.625
67	34	0.529
67	35	0.75
68	0	0.296
68	1	0.133
68	2	0
68	3	0
68	4	0
68	5	0
68	6	0
68	7	0.053
68	8	0.062
68	9	0.147
68	10	0.2
68	11	0.167
68	12	0.286
68	13	0.067
68	14	0.208
68	15	0.269
68	16	0.6
68	17	0.462
68	18	0.538
68	19	0.4
68	20	0.462
68	21	0.231
68	22	0.4
68	23	0
68	24	0.308
68	25	0.4
68	26	0
68	27	0.167
68	28	0.222
68	29	0.444
68	30	0.545
68	31	0.667
68	32	0.353
68	33	0.5
68	34	0.75
69	12	0.1
69	13	0.267
69	14	0.208
69	15	0.152
69	16	0.467
69	17	0.364
69	18	0.455
69	19	0.391
69	20	0.455
69	21	0.4
69	22	0.474
69	23	0.889
69	24	0.615
69	25	0.7
69	26	0.4
69	27	0.5
69	28	0.556
69	29	0.562
69	30	0.632
69	31	0.738
69	32	0.741
69	33	0.636
69	34	0.375
70	0	0
70	1	0
70	2	0
70	3	0
70	4	0
70	5	0
70	6	0
70	7	0.115
70	8	0.077
70	9	0.19
70	10	0.211
70	11	0.179
70	12	0.143
70	13	0.053
70	14	0.25
70	15	0.211
70	16	0.429
70	17	0.56
70	18	0.5
70	19	0.333
70	20	0.833
70	21	1
70	22	0.6
70	24	0.6
70	25	0.333
70	26	0
70	27	0
70	28	0.25
70	29	0.6
70	30	0.4
70	31	0.714
70	32	0.75
70	33	0.75
70	34	0.617
70	35	0.667
71	0	0.314
71	1	0
71	2	0
71	3	0
71	4	0
71	5	0
71	6	0
71	7	0
71	8	0
71	9	0.062
71	10	0
71	11	0
71	12	0
71	13	0
71	14	0
71	15	0
71	16	0.4
71	17	0.429
71	18	0.586
71	19	0.606
71	20	0.515
71	21	0.474
71	22	0.385
71	24	0.36
71	25	0.364
71	26	0.368
71	27	0.455
71	28	0.724
71	29	0.467
71	30	0.478
71	31	0.774
71	32	0.688
71	33	0.613
71	34	0.571
71	35	0.25
72	0	0.172
72	1	0.071
72	2	0
72	3	0
72	4	0
72	5	0
72	6	0
72	7	0.07
72	8	0.081
72	9	0.031
72	10	0.064
72	11	0.027
72	12	0.038
72	13	0.022
72	14	0.018
72	15	0.061
72	16	0.056
72	17	0.076
72	18	0.091
72	19	0.128
72	20	0.381
72	21	0.385
72	22	0.167
72	23	0.333
72	24	0.143
72	25	0.25
72	26	0.222
72	27	0.5
72	28	0.231
72	29	0.25
72	30	0.5
72	31	0.412
72	32	0.636
72	33	0.4
72	34	0.8
72	35	1
73	0	0.13
73	1	0.077
73	2	0
73	3	0
73	4	0
73	5	0
73	6	0
73	7	0.059
73	8	0.1
73	9	0.129
73	10	0.071
73	11	0
73	12	0
73	13	0.083
73	14	0.2
73	15	0.04
73	16	0.214
73	17	0.286
73	18	0.111
73	19	0.153
73	20	0.136
73	21	0.087
73	22	0
73	23	0
73	24	0.067
73	25	0.067
73	26	0.081
73	27	0.069
73	28	0.083
73	29	0
73	30	0.067
73	31	0.071
73	32	0.406
73	33	0.594
73	34	0.5
73	35	0.333
74	0	0.136
74	1	0.043
74	2	0
74	3	0
74	4	0
74	5	0
74	6	0
74	7	0.056
74	8	0.062
74	9	0.1
74	10	0.118
74	11	0.12
74	12	0.091
74	13	0.062
74	14	0.077
74	15	0.086
74	16	0.125
74	17	0.278
74	18	0.294
74	19	0.286
74	20	0.316
74	21	0.368
74	22	0.455
74	23	0
74	24	0.188
74	25	0.25
74	26	0.231
74	27	0.222
74	28	0.353
74	29	0.5
74	30	0.304
74	31	0.292
74	32	0.173
74	33	0.154
74	34	0.16
74	35	0.211
75	0	0.137
75	1	0.074
75	2	0
75	3	0
75	4	0
75	5	0
75	6	0.043
75	7	0.286
75	8	0.25
75	9	0.181
75	10	0.111
75	11	0
75	12	0
75	13	0
75	14	0.042
75	15	0.05
75	16	0.2
75	17	0.188
75	18	0.257
75	19	0.367
75	20	0.176
75	21	0.083
75	22	0.167
75	23	0
75	24	0.125
75	25	0.182
75	26	0.214
75	27	0.176
75	28	0.455
75	29	0.2
75	30	0.32
75	31	0.375
75	32	0.34
75	33	0.406
75	34	0.259
75	35	0
76	0	0.229
76	1	0.148
76	2	0.111
76	3	0.056
76	4	0.048
76	5	0
76	6	0.091
76	7	0.067
76	8	0.111
76	9	0.151
76	10	0.231
76	11	0.137
76	12	0.156
76	13	0.2
76	14	0.188
76	15	0.275
76	16	0.278
76	17	0.4
76	18	0.235
76	19	0.25
76	20	0.258
76	21	0.143
76	22	0.1
76	23	0.5
76	24	0.2
76	25	0.444
76	26	0.25
76	27	0.3
76	28	0.286
76	29	0.35
76	30	0.267
76	31	0.389
76	32	0.492
76	33	0.385
76	34	0.435
76	35	0.556
77	0	0.255
77	1	0.069
77	2	0
77	3	0
77	4	0
77	5	0.036
77	6	0
77	7	0.088
77	8	0
77	9	0.075
77	10	0.179
77	11	0.073
77	12	0.034
77	13	0.1
77	14	0.14
77	15	0.182
77	16	0.172
77	17	0.146
77	18	0.133
77	19	0.163
77	20	0.256
77	21	0.045
77	22	0.222
77	23	0
77	24	0.091
77	25	0.2
77	26	0.071
77	27	0.111
77	28	0.143
77	29	0.278
77	30	0.269
77	31	0.4
77	32	0.467
77	33	0.5
77	34	0.39
77	35	0.5
78	0	0.256
78	1	0
78	2	0
78	3	0
78	4	0
78	5	0.036
78	6	0
78	7	0.032
78	8	0
78	9	0.109
78	10	0.226
78	11	0.114
78	12	0.118
78	13	0.056
78	14	0.238
78	15	0.257
78	16	0.417
78	17	0.227
78	18	0.133
78	19	0.261
78	20	0.211
78	21	0.217
78	22	0.08
78	23	0.5
78	24	0.143
78	25	0.125
78	26	0.167
78	27	0.167
78	28	0.286
78	29	0.25
78	30	0.258
78	31	0.263
78	32	0.382
78	33	0.508
78	34	0.406
78	35	1
79	0	0.193
79	1	0.154
79	2	0
79	3	0
79	4	0
79	5	0
79	6	0
79	7	0.062
79	8	0.077
79	9	0.088
79	10	0.125
79	11	0.111
79	12	0.031
79	13	0.111
79	14	0
79	15	0.024
79	16	0.238
79	17	0.273
79	18	0.226
79	19	0.194
79	20	0.18
79	21	0.107
79	22	0.174
79	23	1
79	24	0.174
79	25	0.278
79	26	0.25
79	27	0.2
79	28	0.273
79	29	0.292
79	30	0.222
79	31	0.286
79	32	0.351
79	33	0.42
79	34	0.339
79	35	0.4
80	0	0.069
80	1	0.086
80	2	0.061
80	3	0.107
80	4	0.132
80	5	0.163
80	6	0.1
80	7	0.093
80	8	0.097
80	9	0.211
80	10	0.1
80	11	0.13
80	12	0.103
80	13	0.176
80	14	0.207
80	15	0.34
80	16	0.316
80	17	0.25
80	18	0.5
80	19	0.556
80	20	0.278
80	21	0.133
80	22	0.267
80	23	0
80	24	0.071
80	25	0.077
80	26	0.231
80	27	0.4
80	28	0.2
80	29	0.385
80	30	0.455
80	31	0.367
80	32	0.527
80	33	0.651
80	34	0.333
80	35	0.667
81	0	0.208
81	1	0.353
81	2	0
81	3	0
81	4	0.118
81	5	0.143
81	6	0.111
81	7	0.13
81	8	0.062
81	9	0.179
81	10	0
81	11	0
81	12	0.043
81	13	0
81	14	0.053
81	15	0
81	16	0.25
81	17	0.448
81	18	0.319
81	19	0.473
81	20	0.4
81	21	0.367
81	22	0.286
81	23	0.5
81	24	0.231
81	25	0.333
81	26	0.348
81	27	0.36
81	28	0.37
81	29	0.308
81	30	0.406
81	31	0.6
81	32	0.451
81	33	0.508
81	34	0.484
81	35	0.5
82	0	0.033
82	1	0.05
82	2	0
82	3	0
82	4	0
82	5	0
82	6	0
82	7	0.075
82	8	0
82	9	0.111
82	10	0.094
82	11	0
82	12	0.042
82	13	0
82	14	0.294
82	15	0.167
82	16	0.556
82	17	0.536
82	18	0.571
82	19	0.714
82	20	0.343
82	21	0.273
82	22	0.133
82	23	0.25
82	24	0.105
82	25	0.375
82	26	0.45
82	27	0.533
82	28	0.421
82	29	0.6
82	30	0.526
82	31	0.6
82	32	0.588
82	33	0.714
82	34	0.564
82	35	0.5
83	0	0.125
83	1	0
83	2	0
83	3	0
83	4	0
83	5	0
83	6	0
83	7	0.07
83	8	0
83	9	0.033
83	10	0.065
83	11	0.067
83	12	0.026
83	13	0
83	14	0.056
83	15	0.067
83	16	0.083
83	17	0.108
83	18	0.308
83	19	0.242
83	20	0.292
83	21	0.19
83	22	0.062
83	23	0.333
83	24	0.05
83	25	0.111
83	26	0.267
83	27	0.231
83	28	0.143
83	29	0.176
83	30	0.19
83	31	0.35
83	32	0.292
83	33	0.222
83	34	0.341
83	35	1
84	0	0.23
84	1	0
84	2	0
84	3	0
84	4	0
84	5	0
84	6	0
84	7	0
84	8	0
84	9	0
84	10	0
84	11	0
84	12	0.115
84	13	0.111
84	14	0.08
84	15	0.143
84	16	0.25
84	17	0.25
84	18	0.2
84	19	0.2
84	20	0.143
84	21	0.103
84	22	0.069
84	23	0
84	24	0.048
84	25	0.043
84	26	0.115
84	27	0.08
84	28	0.062
84	29	0.115
84	30	0.185
84	31	0.378
84	32	0.371
84	33	0.595
84	34	0.208
84	35	0.4
85	0	0.156
85	1	0
85	2	0
85	3	0
85	4	0
85	5	0
85	6	0
85	7	0
85	8	0
85	9	0
85	10	0.038
85	11	0
85	12	0
85	13	0
85	14	0
85	15	0.02
85	16	0.087
85	17	0.128
85	18	0.178
85	19	0.14
85	20	0.229
85	21	0.179
85	22	0.211
85	23	0
85	24	0.235
85	25	0.294
85	26	0.267
85	27	0.294
85	28	0.25
85	29	0.5
85	30	0.32
85	31	0.514
85	32	0.446
85	33	0.2
85	34	0.283
85	35	0.25
86	0	0.273
86	1	0.08
86	2	0.05
86	3	0.108
86	4	0.071
86	5	0.031
86	6	0
86	7	0.143
86	8	0.2
86	9	0.086
86	10	0.333
86	11	0.059
86	12	0.294
86	13	0.357
86	14	0.154
86	15	0.2
86	16	0.1
86	17	0.087
86	18	0.091
86	19	0.167
86	20	0.174
86	21	0.04
86	22	0.12
86	23	0
86	24	0.056
86	25	0.053
86	26	0.1
86	27	0
86	28	0.036
86	29	0.05
86	30	0.083
86	31	0.128
86	32	0.213
86	33	0.229
86	34	0.143
86	35	0.167
87	0	0.099
87	1	0
87	2	0
87	3	0
87	4	0
87	5	0
87	6	0
87	7	0.105
87	8	0.057
87	9	0.151
87	10	0.096
87	11	0.094
87	12	0.244
87	13	0.277
87	14	0.121
87	15	0.226
87	16	0.25
87	17	0.228
87	18	0.296
87	19	0.268
87	20	0.314
87	21	0.233
87	22	0.186
87	23	0
87	24	0.105
87	25	0
87	26	0.154
87	27	0.167
87	28	0.267
87	29	0.083
87	30	0.222
87	31	0.3
87	32	0.278
87	33	0.286
87	34	0.235
87	35	0.5
88	0	0.106
88	1	0.043
88	2	0
88	3	0
88	4	0
88	5	0
88	6	0
88	7	0.056
88	8	0
88	9	0.053
88	10	0.097
88	11	0.056
88	12	0
88	13	0
88	14	0
88	15	0
88	16	0
88	17	0
88	18	0
88	19	0
88	20	0
88	21	0
88	22	0
88	23	0
88	24	0.276
88	25	0.214
88	26	0.207
88	27	0.303
88	28	0.295
88	29	0.39
88	30	0.373
88	31	0.471
88	32	0.568
88	33	0.523
88	34	0.443
88	35	0.5
89	0	0.016
89	1	0
89	2	0
89	3	0
89	4	0
89	5	0
89	6	0
89	7	0
89	8	0
89	9	0
89	10	0
89	11	0.038
89	12	0
89	13	0
89	14	0.068
89	15	0.114
89	16	0.175
89	17	0.24
89	18	0.231
89	19	0.254
89	20	0.155
89	21	0.182
89	22	0.077
89	23	0
89	24	0.118
89	25	0.043
89	26	0.185
89	27	0.1
89	28	0.444
89	29	0.429
89	30	0.312
89	31	0.593
89	32	0.674
89	33	0.619
89	34	0.423
89	35	0
90	0	0.094
90	1	0
90	2	0
90	3	0
90	4	0
90	5	0
90	6	0
90	7	0.021
90	8	0.028
90	9	0.068
90	10	0.103
90	11	0.083
90	12	0.28
90	13	0.346
90	14	0.2
90	15	0.208
90	16	0.25
90	17	0.4
90	18	0.524
90	19	0.556
90	20	0.471
90	21	0.333
90	22	0.4
90	23	0
90	24	0.444
90	25	0.286
90	26	0.312
90	27	0.294
90	28	0.081
90	29	0.212
90	30	0.3
90	31	0.2
90	32	0.273
90	33	0.224
90	34	0.213
90	35	0.333
91	0	0.188
91	1	0
91	2	0
91	3	0
91	4	0
91	5	0
91	6	0.048
91	7	0.03
91	8	0.05
91	9	0.054
91	10	0.1
91	11	0.023
91	12	0.105
91	13	0.078
91	14	0.019
91	15	0.048
91	16	0.162
91	17	0.246
91	18	0.135
91	19	0.146
91	20	0.143
91	21	0.111
91	22	0.136
91	23	0
91	24	0.136
91	25	0.125
91	26	0.1
91	27	0.385
91	28	0.34
91	29	0.231
91	30	0.216
91	31	0.422
91	32	0.37
91	33	0.304
91	34	0.238
91	35	0.333
92	0	0.068
92	1	0.061
92	2	0.074
92	3	0
92	4	0
92	5	0
92	6	0.077
92	7	0.079
92	8	0.179
92	9	0.102
92	10	0.095
92	11	0
92	12	0.05
92	13	0.15
92	14	0.129
92	15	0.033
92	16	0.333
92	17	0.273
92	18	0.273
92	19	0.283
92	20	0.288
92	21	0.154
92	22	0.176
92	23	0
92	24	0.121
92	25	0.212
92	26	0.267
92	27	0.308
92	28	0.341
92	29	0.275
92	30	0.311
92	31	0.493
92	32	0.569
92	33	0.355
92	34	0.373
92	35	0.667
93	0	0.226
93	1	0.3
93	2	0.088
93	3	0
93	4	0
93	5	0.105
93	6	0.083
93	7	0.258
93	8	0.207
93	9	0.2
93	10	0.179
93	11	0.263
93	12	0.128
93	13	0.167
93	14	0.116
93	15	0.145
93	16	0.194
93	17	0.293
93	18	0.341
93	19	0.286
93	20	0.293
93	21	0.237
93	22	0.345
93	23	0
93	24	0.257
93	25	0.407
93	26	0.375
93	27	0.269
93	28	0.5
93	29	0.462
93	30	0.405
93	31	0.5
93	32	0.494
93	33	0.453
93	34	0.487
93	35	0.25
94	0	0.099
94	1	0.057
94	2	0.023
94	3	0.027
94	4	0.021
94	5	0.057
94	6	0.062
94	7	0.132
94	8	0.108
94	9	0.113
94	10	0.213
94	11	0.096
94	12	0.203
94	13	0.261
94	14	0.169
94	15	0.208
94	16	0.042
94	17	0.188
94	18	0.212
94	19	0.176
94	20	0.25
94	21	0.19
94	22	0.053
94	23	0
94	24	0.1
94	25	0.062
94	26	0.077
94	27	0.182
94	28	0.2
94	29	0.045
94	30	0.125
94	31	0.333
94	32	0.192
94	33	0.205
94	34	0.357
94	35	0.533
95	0	0.066
95	1	0.069
95	2	0
95	3	0
95	4	0
95	5	0
95	6	0
95	7	0
95	8	0.034
95	9	0.131
95	10	0.205
95	11	0.225
95	12	0.29
95	13	0.417
95	14	0.189
95	15	0.148
95	16	0.421
95	17	0.282
95	18	0.325
95	19	0.38
95	20	0.286
95	21	0.225
95	22	0.375
95	23	0.429
95	24	0.268
95	25	0.308
95	26	0.242
95	27	0.524
95	28	0.453
95	29	0.344
95	30	0.371
95	31	0.465
95	32	0.329
95	33	0.362
95	34	0.186
95	35	0.286
96	0	0.059
96	1	0.054
96	2	0
96	3	0.067
96	4	0.024
96	5	0.066
96	6	0.105
96	7	0.197
96	8	0.139
96	9	0.141
96	10	0.239
96	11	0.238
96	12	0.275
96	13	0.286
96	14	0.263
96	15	0.171
96	16	0.294
96	17	0.227
96	18	0.257
96	19	0.15
96	20	0.146
96	21	0.129
96	22	0.182
96	23	0
96	24	0.214
96	25	0.118
96	26	0.1
96	27	0.071
96	28	0.229
96	29	0.39
96	30	0.362
96	31	0.433
96	32	0.488
96	33	0.397
96	34	0.5
96	35	0.833
97	0	0.01
97	1	0
97	2	0
97	3	0
97	4	0
97	5	0
97	6	0
97	7	0
97	8	0.069
97	9	0.277
97	10	0.3
97	11	0.158
97	12	0.407
97	13	0.314
97	14	0.119
97	15	0.209
97	16	0.2
97	17	0.167
97	18	0.167
97	19	0.154
97	20	0.07
97	21	0.138
97	22	0.074
97	23	0
97	24	0.2
97	25	0.351
97	26	0.111
97	27	0.421
97	28	0.462
97	29	0.414
97	30	0.355
97	31	0.658
97	32	0.558
97	33	0.702
97	34	0.471
97	35	0.5
98	0	0
98	1	0
98	2	0
98	3	0
98	4	0
98	5	0
98	6	0
98	7	0.042
98	8	0.054
98	9	0.062
98	10	0.167
98	11	0.083
98	12	0.122
98	13	0.065
98	14	0.059
98	15	0.058
98	16	0.2
98	17	0.182
98	18	0.242
98	19	0.354
98	20	0.194
98	21	0.111
98	22	0.077
98	23	0
98	24	0.2
98	25	0.111
98	26	0.185
98	27	0.3
98	28	0.378
98	29	0.344
98	30	0.459
98	31	0.5
98	32	0.578
98	33	0.432
98	34	0.514
98	35	1
99	0	0.134
99	1	0
99	2	0
99	3	0
99	4	0
99	5	0
99	6	0
99	7	0.05
99	8	0.029
99	9	0.125
99	10	0.125
99	11	0.344
99	12	0.632
99	13	0.412
99	14	0.385
99	15	0.2
99	16	0.333
99	17	0.538
99	18	0.545
99	19	0.615
99	20	0.562
99	21	0.333
99	22	0.5
99	24	0.667
99	25	0.5
99	26	0.6
99	27	0.833
99	28	0.375
99	29	0.75
99	30	0.4
99	31	0.5
99	32	0.625
99	33	0.55
99	34	0.489
99	35	0.75
100	0	0.104
100	1	0
100	2	0
100	3	0
100	4	0
100	5	0
100	6	0
100	7	0
100	8	0
100	9	0
100	10	0
100	11	0
100	12	0
100	13	0.08
100	14	0.074
100	15	0.048
100	16	0.15
100	17	0.194
100	18	0.162
100	19	0.135
100	20	0.167
100	21	0.048
100	22	0.087
100	23	0
100	24	0.045
100	25	0.2
100	26	0.071
100	27	0.077
100	28	0.095
100	29	0.19
100	30	0.3
100	31	0.278
100	32	0.439
100	33	0.316
100	34	0.333
100	35	0.5
101	0	0
101	1	0
101	2	0
101	3	0
101	4	0
101	5	0
101	6	0
101	7	0.25
101	8	0.333
101	9	0.375
101	10	0.286
101	11	0.429
101	12	0.192
101	13	0.36
101	14	0.36
101	15	0.358
101	16	0.429
101	17	0.433
101	18	0.621
101	19	0.4
101	20	0.5
101	21	0.375
101	22	0.4
101	23	1
101	24	0.438
101	25	0.6
101	26	0.25
101	27	0.5
101	28	0.364
101	29	0.385
101	30	0.5
101	31	0.4
101	32	0.638
101	33	0.56
101	34	0.615
101	35	0.667
102	0	0.041
102	1	0
102	2	0
102	3	0
102	4	0
102	5	0
102	6	0
102	7	0.065
102	8	0.13
102	9	0.341
102	10	0.32
102	11	0.133
102	12	0.182
102	13	0.348
102	14	0.182
102	15	0.094
102	16	0.364
102	17	0.44
102	18	0.385
102	19	0.432
102	20	0.367
102	21	0.333
102	22	0.238
102	23	0
102	24	0.409
102	25	0.231
102	26	0.267
102	27	0.312
102	28	0.28
102	29	0.409
102	30	0.545
102	31	0.385
102	32	0.538
102	33	0.385
102	34	0.462
102	35	0.333
103	0	0.301
103	1	0
103	2	0
103	3	0
103	4	0
103	5	0
103	6	0
103	7	0
103	8	0
103	9	0.233
103	10	0.4
103	11	0.19
103	12	0.25
103	13	0.333
103	14	0.111
103	15	0.111
103	16	0.125
103	17	0.3
103	18	0.158
103	19	0.444
103	20	0.286
103	21	0.25
103	22	0.111
103	23	0.5
103	24	0.111
103	25	0.143
103	26	0
103	27	0.125
103	28	0.182
103	29	0.091
103	30	0.368
103	31	0.489
103	32	0.566
103	33	0.756
103	34	0.549
103	35	0.5
104	0	0.078
104	1	0
104	2	0
104	3	0
104	4	0
104	5	0
104	6	0
104	7	0
104	8	0
104	9	0.077
104	10	0.357
104	11	0.087
104	12	0.292
104	13	0.333
104	14	0.158
104	15	0.156
104	16	0.167
104	17	0.276
104	18	0.24
104	19	0.269
104	20	0.227
104	21	0.273
104	22	0.214
104	24	0.154
104	25	0.25
104	26	0.308
104	27	0.2
104	28	0.308
104	29	0.3
104	30	0.308
104	31	0.263
104	32	0.306
104	33	0.1
104	34	0.125
104	35	0
105	0	0.344
105	1	0.133
105	2	0
105	3	0
105	4	0
105	5	0
105	6	0
105	7	0.062
105	8	0.148
105	9	0.164
105	10	0.15
105	11	0.172
105	12	0.167
105	13	0.154
105	14	0.273
105	15	0.267
105	16	0.667
105	17	0.6
105	18	0.667
105	19	0.586
105	20	0.68
105	21	0.429
105	22	0.133
105	24	0.267
105	25	0.167
105	26	0.25
105	27	0.25
105	28	0.267
105	29	0.353
105	30	0.471
105	31	0.435
105	32	0.682
105	33	0.571
105	34	0.576
105	35	1
106	0	0.25
106	1	0
106	2	0
106	3	0
106	4	0
106	5	0
106	6	0
106	7	0
106	8	0.2
106	9	0.318
106	10	0.2
106	11	0.083
106	12	0.227
106	13	0.05
106	14	0.045
106	15	0.265
106	16	0.462
106	17	0.481
106	18	0.4
106	19	0.393
106	20	0.333
106	21	0.312
106	22	0.25
106	23	0
106	24	0.111
106	25	0.182
106	26	0.214
106	27	0.176
106	28	0.375
106	29	0.6
106	30	0.438
106	31	0.56
106	32	0.58
106	33	0.516
106	34	0.368
106	35	0.667
107	0	0.067
107	1	0.13
107	2	0
107	3	0
107	4	0
107	5	0
107	6	0
107	7	0
107	8	0
107	9	0.019
107	10	0
107	11	0
107	12	0
107	13	0.048
107	14	0.091
107	15	0.024
107	16	0.278
107	17	0.281
107	18	0.219
107	19	0.294
107	20	0.25
107	21	0.222
107	22	0
107	23	0.5
107	24	0.125
107	25	0
107	26	0.125
107	27	0
107	28	0.111
107	29	0.167
107	30	0.083
107	31	0.182
107	32	0.269
107	33	0.36
107	34	0.231
107	35	0
108	0	0.111
108	1	0.13
108	2	0
108	3	0
108	4	0
108	5	0
108	6	0
108	7	0
108	8	0.042
108	9	0
108	10	0
108	11	0
108	12	0
108	13	0
108	14	0
108	15	0
108	16	0
108	17	0.167
108	18	0.5
108	19	0.417
108	20	0.2
108	21	0.19
108	22	0.25
108	23	0.5
108	24	0.333
108	25	0.75
108	26	0.333
108	27	0.778
108	28	0.273
108	29	0.385
108	30	0.571
108	31	0.429
108	32	0.618
108	33	0.5
108	34	0.227
108	35	0.667
109	9	0.067
109	10	0.048
109	11	0
109	12	0
109	13	0.05
109	14	0
109	15	0.071
109	16	0.2
109	17	0.536
109	18	0.292
109	19	0.312
109	20	0.333
109	21	0.429
109	22	0.333
109	23	0.667
109	24	0.154
109	25	0.3
109	26	0.2
109	27	0.417
109	28	0.421
109	29	0.385
109	30	0.211
109	31	0.444
109	32	0.531
109	33	0.429
109	34	0.429
110	0	0.25
110	1	0.062
110	2	0
110	3	0
110	4	0
110	5	0
110	6	0
110	7	0.087
110	8	0
110	9	0.051
110	10	0
110	11	0.077
110	12	0.056
110	13	0
110	14	0.091
110	15	0.172
110	16	0.364
110	17	0.357
110	18	0.448
110	19	0.476
110	20	0.4
110	21	0.333
110	22	0.25
110	23	0
110	24	0.333
110	25	0
110	26	0.333
110	27	0.5
110	28	0.286
110	29	0.5
110	30	0.375
110	31	0.4
110	32	0.368
110	33	0.385
110	34	0.5
110	35	0.125
111	0	0.241
111	1	0.071
111	2	0
111	3	0
111	4	0
111	5	0
111	6	0
111	7	0
111	8	0
111	9	0.065
111	10	0.167
111	11	0.118
111	12	0
111	13	0.125
111	14	0.188
111	15	0
111	16	0.2
111	17	0.417
111	18	0.133
111	19	0.188
111	20	0.25
111	21	0.235
111	22	0.143
111	23	0.5
111	24	0.214
111	25	0.2
111	26	0.385
111	27	0.182
111	28	0.294
111	29	0.133
111	30	0.19
111	31	0.333
111	32	0.222
111	33	0.233
111	34	0.185
111	35	0.667
112	0	0.367
112	1	0.235
112	2	0
112	3	0
112	4	0
112	5	0
112	6	0
112	7	0
112	8	0
112	9	0.162
112	10	0.2
112	11	0.154
112	12	0.062
112	13	0.308
112	14	0.474
112	15	0.293
112	16	0.2
112	17	0.278
112	18	0.35
112	19	0.235
112	20	0.267
112	21	0.125
112	22	0.222
112	24	0.125
112	25	0
112	26	0.2
112	27	0.2
112	28	0.2
112	29	0.25
112	30	0.167
112	31	0.308
112	32	0.32
112	33	0.375
112	34	0.385
112	35	1
113	0	0.105
113	1	0
113	2	0
113	3	0
113	4	0
113	5	0
113	6	0
113	7	0
113	8	0
113	9	0.095
113	10	0.167
113	11	0.077
113	12	0.091
113	13	0.125
113	14	0.111
113	15	0.125
113	16	0.364
113	17	0.367
113	18	0.4
113	19	0.375
113	20	0.407
113	21	0.278
113	22	0.294
113	23	0
113	24	0.143
113	25	0.3
113	26	0.333
113	27	0.2
113	28	0.3
113	29	0.455
113	30	0.615
113	31	0.706
113	32	0.647
113	33	0.583
113	34	0.4
113	35	1
114	0	0.189
114	1	0.077
114	2	0
114	3	0
114	4	0
114	5	0
114	6	0
114	7	0.1
114	8	0.167
114	9	0.25
114	10	0.188
114	11	0.182
114	12	0.053
114	13	0
114	14	0.25
114	15	0.143
114	24	0.333
114	25	0.286
114	26	0.5
114	27	0.25
114	28	0.444
114	29	0.833
114	30	0.5
114	31	0.5
114	32	0.667
114	33	0.7
114	34	0.789
114	35	1
115	0	0.302
115	1	0.308
115	2	0
115	3	0
115	4	0
115	5	0
115	6	0
115	15	0
115	16	0.143
115	17	0.32
115	18	0.238
115	19	0.318
115	20	0.316
115	21	0.353
115	22	0.067
115	23	0
115	24	0.222
115	25	0.2
115	26	0.25
115	27	0.125
115	28	0.333
115	29	0.222
115	30	0.267
115	31	0.5
115	32	0.523
115	33	0.524
115	34	0.333
115	35	0.6
116	6	0
116	7	0
116	8	0.071
116	9	0.105
116	10	0.118
116	11	0.1
116	12	0.143
116	13	0.1
116	14	0
116	15	0.12
116	16	0.308
116	17	0.381
116	18	0.368
116	19	0.409
116	20	0.261
116	21	0.417
116	22	0.154
116	23	1
116	24	0.182
116	25	0.429
116	26	0.273
116	27	0.714
116	28	0.312
116	29	0.364
116	30	0.583
116	31	0.385
116	32	0.36
117	0	0.128
117	1	0.143
117	2	0
117	3	0
117	4	0
117	5	0
117	6	0
117	7	0.25
117	8	0.2
117	9	0.188
117	10	0.167
117	11	0.2
117	12	0.167
117	13	0.143
117	14	0.143
117	15	0.1
117	16	0
117	17	0.429
117	18	0.2
117	19	0.7
117	20	0.222
117	21	0.333
117	22	0.333
117	24	0.167
117	25	0
117	26	0.6
117	27	0.6
117	28	0.5
117	29	0.5
117	30	0.429
117	31	0.5
117	32	0.69
117	33	0.61
117	34	0.576
117	35	0.25
118	0	0.143
118	1	0.111
118	2	0
118	3	0
118	5	0
118	6	0
118	7	0.214
118	8	0.1
118	9	0.143
118	10	0.333
118	11	0.118
118	12	0.167
118	13	0
118	14	0.077
118	15	0.125
118	16	0.333
118	17	0.3
118	18	0.438
118	19	0.375
118	20	0.5
118	21	0.583
118	22	0.375
118	23	0
118	24	0.143
118	25	0.667
118	26	0.556
118	27	0.25
118	28	0.5
118	29	0.5
118	30	0.364
118	31	0.471
118	32	0.633
118	33	0.643
118	34	0.56
118	35	0.5
119	0	0.173
119	1	0.2
119	3	0
119	4	0
119	5	0
119	6	0
119	7	0
119	8	0.125
119	9	0.15
119	10	0.222
119	11	0.308
119	12	0.222
119	13	0.222
119	14	0.125
119	15	0.267
119	16	1
119	17	0.538
119	18	0.4
119	19	0.5
119	20	0.714
119	21	0.6
119	22	0.444
119	24	0.286
119	25	0.286
119	26	0.429
119	27	1
119	28	0.5
119	29	0.556
119	30	0.5
119	31	0.75
119	32	0.704
119	33	0.857
119	34	0.667
119	35	0.333
120	0	0.2
120	1	0.231
120	2	0
120	3	0
120	4	0
120	5	0
120	6	0
120	7	0
120	8	0
120	9	0
120	10	0
120	11	0
120	12	0
120	13	0
120	14	0.111
120	15	0.273
120	16	0.143
120	17	0.154
120	18	0.333
120	19	0.091
120	20	0.2
120	21	0.25
120	22	0.111
120	24	0.167
120	25	0.333
120	26	0
120	27	0.2
120	28	0.222
120	29	0.143
120	30	0.167
120	31	0.158
120	32	0.278
120	33	0.111
120	34	0.25
120	35	0.667
121	7	0
121	8	0
121	9	0.13
121	10	0.083
121	11	0.222
121	12	0.083
121	13	0.111
121	14	0
121	15	0.211
121	16	0.222
121	17	0.25
121	18	0.333
121	19	0.471
121	20	0.364
121	21	0
121	22	0.333
121	23	0
121	24	0.286
121	25	0
121	26	0.2
121	27	0
121	28	0.231
121	29	0.3
121	30	0.4
121	31	0.722
121	32	0.667
121	33	0.478
121	34	0.235
122	0	0.067
122	1	0
122	2	0
122	3	0
122	4	0
122	5	0
122	6	0
122	7	0.091
122	8	0
122	9	0.056
122	10	0.182
122	11	0
122	12	0.091
122	13	0.125
122	14	0.111
122	15	0.231
122	16	0.333
122	17	0.462
122	18	0.154
122	19	0.231
122	20	0.25
122	21	0.143
122	22	0.25
122	23	0
122	24	0.286
122	25	0
122	26	0.4
122	27	0.125
122	28	0
122	29	0.286
122	30	0.4
122	31	0.5
122	32	0.708
122	33	0.4
122	34	0.2
122	35	1
123	0	0.125
123	1	0
123	2	0
123	3	0
123	4	0
123	5	0
123	6	0
123	7	0
123	8	0
123	9	0.042
123	10	0.1
123	11	0
123	12	0
123	13	0.083
123	14	0.182
123	15	0.043
123	16	0.2
123	17	0.235
123	18	0.364
123	19	0.471
123	20	0.5
123	21	0.444
123	22	0.25
123	24	0.5
123	25	0.4
123	26	0.25
123	27	1
123	28	0.571
123	29	0.583
123	30	0.556
123	31	0.5
123	34	1
124	0	0.28
124	1	0
124	2	0
124	3	0
124	4	0
124	5	0
124	6	0
124	7	0.083
124	8	0.143
124	9	0.32
124	10	0.333
124	11	0.4
124	12	0.333
124	13	0.3
124	14	0.4
124	15	0.316
124	16	0.5
124	17	0.667
124	18	0.538
124	19	0.75
124	20	0.5
124	21	0.417
124	22	0.429
124	31	0.778
124	32	0.519
124	33	0.643
124	34	0.579
124	35	1
125	0	0.287
125	1	0.077
125	2	0
125	3	0
125	4	0
125	5	0
125	6	0
125	7	0.167
125	8	0.5
125	23	0
125	24	0.7
125	25	0.75
125	26	0.571
125	27	0.6
125	28	0.583
125	29	0.667
125	30	0.667
125	31	0.625
125	32	0.667
125	33	0.714
125	34	0.8
125	35	0
126	8	0.3
126	9	0.211
126	10	0.125
126	11	0.238
126	12	0.235
126	13	0.421
126	14	0.294
126	15	0.28
126	16	0.273
126	17	0.4
126	18	0.476
126	19	0.435
126	20	0.429
126	21	0.444
126	22	0.385
126	23	0
126	24	0.182
126	25	0.375
126	26	0.2
126	27	0.455
126	28	0.5
127	0	0.05
127	1	0.125
127	2	0
127	3	0
127	4	0
127	5	0
127	6	0
127	7	0
127	8	0
127	9	0.059
127	10	0.1
127	11	0
127	12	0
127	28	0.538
127	29	0.545
127	30	0.4
127	31	0.645
127	32	0.571
127	33	0.611
127	34	0.429
127	35	0.5
128	0	0.029
128	1	0
128	2	0
128	3	0
128	4	0
128	12	0
128	13	0.143
128	14	0.143
128	15	0
128	16	0.364
128	17	0.778
128	18	0.467
128	19	0.583
128	20	0.75
128	21	0.417
128	22	0.2
128	23	0.667
128	24	0.5
128	25	0.2
128	26	0.333
128	27	0.333
128	28	0.571
128	29	0.571
128	30	0.727
128	31	0.727
128	32	0.727
128	33	0.5
128	34	0.522
129	4	0
129	5	0
129	6	0
129	7	0.214
129	8	0.125
129	9	0.091
129	10	0.2
129	11	0.083
129	12	0.111
129	13	0.111
129	14	0.182
129	15	0.143
129	16	0.333
129	17	0.25
129	18	0.312
129	19	0.357
129	20	0.455
129	21	0.25
129	22	0.167
129	23	0
129	24	0.286
129	25	0
129	26	0.429
129	27	0
129	28	0.25
129	29	0.333
129	30	0
129	31	0.333
129	32	0.826
129	33	0.643
129	34	0
130	0	0.239
130	1	0.143
130	2	0
130	3	0
130	4	0
130	5	0
130	6	0
130	7	0
130	8	0
130	9	0
130	10	0
130	11	0
130	12	0
130	13	0
130	14	0.077
130	15	0
130	16	0.125
130	17	0.429
130	18	0.312
130	19	0.385
130	34	0.667
130	35	1
131	0	0.079
131	1	0
131	2	0
131	3	0
131	4	0
131	5	0
131	6	0
131	7	0
131	8	0
131	9	0
131	10	0
131	11	0
131	12	0
131	13	0
131	14	0
131	19	0.2
131	20	0.083
131	21	0.111
131	22	0.182
131	24	0.125
131	25	0.286
131	26	0.2
131	27	0.286
131	28	0
131	29	0.111
131	30	0.182
131	31	0.235
131	32	0.483
131	33	0.579
131	34	0.261
131	35	0.4
132	0	0.081
132	1	0.333
132	2	0
132	3	0
132	4	0
132	5	0
132	6	0
132	7	0
132	8	0
132	9	0
132	10	0
132	11	0
132	12	0
132	13	0
132	14	0
132	15	0
132	16	0.143
132	17	0.182
132	18	0.429
132	19	0.133
132	20	0.182
132	21	0.2
132	22	0
132	23	0
132	24	0.333
132	25	0
132	26	0.167
132	27	0.143
132	28	0.333
132	29	0
132	30	0.3
132	31	0
132	32	0.25
132	33	0.571
132	34	0.2
132	35	0
133	0	0.222
133	1	0
133	2	0
133	3	0
133	4	0
133	5	0
133	6	0
133	7	0
133	8	0
133	9	0
133	10	0
133	11	0
133	12	0
133	13	0
133	14	0
133	15	0
133	16	0
133	17	0.167
133	18	0.375
133	19	0.375
133	20	0.5
133	21	0.25
133	22	0.25
133	24	0.25
133	25	0.333
133	26	0.5
133	27	0.2
133	28	0.6
133	29	0.667
133	30	0.4
133	31	0.5
133	32	0.615
133	33	0.667
133	34	0.5
134	0	0
134	1	0.2
134	2	0
134	3	0
134	4	0
134	11	0
134	12	0
134	13	0
134	14	0
134	15	0.118
134	16	0.111
134	17	0.083
134	18	0.077
134	19	0.059
134	20	0.2
134	21	0.2
134	22	0
134	23	0
134	24	0.1
134	25	0
134	26	0.5
134	27	0.111
134	28	0.444
134	29	0.625
134	30	0.583
134	31	0.533
134	32	0.5
134	33	0.529
134	34	0.45
134	35	0.5
135	4	0
135	5	0
135	6	0
135	7	0
135	8	0
135	9	0.05
135	10	0.125
135	11	0.167
135	12	0.182
135	13	0.2
135	14	0.091
135	15	0.111
135	16	0
135	17	0.2
135	18	0.154
135	19	0.235
135	20	0.2
135	21	0.167
135	22	0.333
135	24	0.2
135	25	0.667
135	26	0.4
135	27	0.571
135	28	0
135	29	0.545
135	30	0.6
135	31	0.545
135	32	0.615
135	33	0.389
135	34	0.5
136	0	0.28
136	1	0.143
136	2	0
136	3	0
136	4	0
136	5	0
136	6	0
136	7	0
136	8	0.077
136	9	0.108
136	34	0
136	35	0.5
137	9	0
137	10	0.346
137	11	0.107
137	12	0.13
137	13	0.125
137	14	0.1
137	15	0.171
137	16	0.545
137	17	0.63
137	18	0.483
137	19	0.412
138	19	0.417
138	20	0.194
138	21	0.211
138	22	0.083
138	23	0
138	24	0.15
138	25	0.4
138	26	0.25
138	27	0.385
138	28	0.333
138	29	0.4
138	30	0.619
138	31	0.833
138	32	0.795
139	0	0.167
139	1	0
139	2	0
139	3	0
139	4	0
139	5	0
139	7	0.143
139	8	0
139	9	0.25
139	10	0.333
139	11	0.167
139	12	0.5
139	13	0.2
139	14	0.333
139	15	0.286
139	16	0.5
139	17	0.25
139	18	0.4
139	19	0.5
139	20	0.143
139	21	0.25
139	22	0.5
139	24	0.25
139	25	1
139	26	1
139	27	0.667
139	28	1
139	29	1
139	30	0.714
139	31	0.833
139	32	0.812
139	33	0.833
139	34	0.625
139	35	1
140	0	0.069
140	1	0
140	2	0
140	3	0
140	4	0
140	5	0
140	6	0
140	7	0.133
140	8	0.091
140	9	0.318
140	10	0.25
140	11	0.312
140	12	0.4
140	13	0.667
140	14	0.231
140	15	0.467
140	16	0
140	17	0
140	18	0
140	19	0.667
140	20	0.5
140	21	0
140	22	0.667
140	24	0
140	25	1
140	26	0
140	27	0.5
140	29	0
140	30	0.5
140	31	0.333
140	32	0.75
140	33	0.333
140	34	0.667
140	35	0
141	0	0
141	15	0.8
141	16	0.571
141	17	0.25
141	18	0.385
141	19	0.25
141	20	0.462
141	21	0.143
141	22	0.2
141	24	0.125
141	25	0.286
141	26	0.5
141	27	0.25
141	28	0.2
141	29	0.364
141	30	0.556
141	31	0.3
141	32	0.273
141	33	0.214
141	34	0.231
141	35	0.5
142	0	0.2
142	1	0.143
142	2	0
142	3	0
142	4	0
142	5	0
142	6	0
142	7	0
142	8	0
142	9	0.071
142	10	0.167
142	11	0
142	12	0
142	13	0.111
142	14	0
142	15	0.083
142	16	0.5
142	17	0.3
142	18	0.429
142	19	0.364
142	20	0.5
142	21	0.5
142	22	0.6
142	24	0.4
142	25	0.75
142	26	0.25
142	27	0.667
142	28	0.333
142	29	0.667
142	30	1
143	0	0.1
143	1	0.083
143	2	0
143	3	0
143	4	0
143	5	0
143	30	0.333
143	31	0.222
143	32	0.375
143	33	0.429
143	34	0.357
143	35	0
