"time"	"distance"	"value"
36	0	0.008
36	1	0
36	2	0
36	3	0
36	4	0
36	5	0
36	6	0
36	7	0
36	8	0
36	9	0
36	10	0
36	11	0
36	12	0
36	13	0
36	14	0
36	15	0
36	16	0
36	17	0
36	18	0
36	19	0
36	20	0
36	21	0
36	22	0
36	23	0
36	24	0
36	25	0
36	26	0
36	27	0
36	28	0
36	29	0
36	30	0
36	31	0
36	32	0
36	33	0
36	34	0
36	35	0
36	36	0
36	37	0
36	38	0
36	39	0
36	40	0
36	41	0
36	42	0
36	43	0
36	44	0
36	45	0
36	46	0
36	47	0
36	48	0.25
36	49	0.205
36	50	0.278
37	0	0
37	1	0.061
37	2	0.12
37	3	0
37	4	0
37	5	0
37	6	0
37	7	0
37	8	0
37	9	0
37	10	0
37	11	0
37	12	0
37	13	0.143
37	14	0
37	15	0
37	16	0
37	17	0
37	18	0
37	19	0
37	20	0
37	21	0
37	22	0
37	23	0
37	24	0
37	25	0
37	26	0
37	27	0
37	29	0
37	30	0
37	31	0
37	32	0
37	33	0
37	34	0
37	35	0
37	36	0.065
37	37	0
37	38	0
37	39	0
37	40	0.053
37	41	0
37	42	0
37	43	0
37	44	0.25
37	45	0
37	46	0.067
37	47	0
37	48	0.6
37	49	0.29
37	50	0.473
38	0	0.013
38	1	0.045
38	2	0.061
38	3	0
38	4	0
38	5	0
38	6	0
38	7	0
38	8	0
38	9	0
38	10	0
38	11	0
38	12	0
38	13	0
38	14	0
38	15	0
38	16	0
38	17	0
38	18	0
38	19	0
38	20	0
38	21	0
38	22	0
38	23	0
38	24	0
38	25	0
38	26	0
38	27	0
38	28	0
38	29	0
38	30	0
38	31	0
38	32	0
38	33	0
38	34	0
38	35	0
38	36	0.05
38	37	0
38	38	0
38	39	0
38	40	0.095
38	41	0
38	42	0
38	43	0.25
38	44	0
38	45	0
38	46	0.083
38	47	0
38	48	0.8
38	49	0.204
38	50	0.431
39	0	0.019
39	1	0.011
39	2	0.019
39	3	0
39	4	0
39	5	0
39	6	0
39	7	0
39	8	0
39	9	0
39	10	0
39	11	0
39	12	0
39	13	0
39	14	0
39	15	0
39	16	0
39	17	0
39	18	0
39	19	0
39	20	0
39	21	0
39	22	0
39	23	0
39	24	0
39	25	0
39	26	0
39	27	0
39	28	0
39	29	0
39	30	0
39	31	0
39	32	0
39	33	0
39	34	0
39	35	0
39	36	0
39	37	0
39	38	0
39	39	0
39	40	0
39	41	0
39	42	0
39	43	0
39	44	0
39	45	0
39	46	0
39	47	0
39	48	0.8
39	49	0.344
39	50	0.242
40	0	0
40	1	0
40	2	0
40	3	0
40	4	0
40	5	0
40	6	0
40	7	0
40	8	0
40	9	0
40	10	0
40	11	0
40	12	0
40	13	0
40	14	0
40	15	0
40	16	0
40	17	0
40	18	0
40	19	0
40	20	0
40	21	0
40	22	0
40	23	0
40	24	0
40	25	0
40	26	0
40	27	0
40	28	0
40	29	0
40	30	0
40	31	0
40	32	0
40	33	0
40	34	0
40	35	0
40	36	0
40	37	0
40	38	0
40	39	0
40	40	0
40	41	0
40	42	0
40	43	0
40	44	0
40	45	0
40	46	0
40	47	0
40	48	0.6
40	49	0.143
40	50	0.099
41	0	0
41	1	0
41	2	0
41	3	0
41	4	0
41	5	0
41	6	0
41	7	0
41	8	0
41	9	0
41	10	0
41	11	0
41	12	0
41	13	0
41	14	0
41	15	0
41	16	0
41	17	0
41	18	0
41	19	0
41	20	0
41	21	0
41	22	0
41	23	0
41	24	0
41	25	0
41	26	0
41	27	0
41	28	0
41	29	0
41	30	0
41	31	0
41	32	0
41	33	0
41	34	0
41	35	0
41	36	0
41	37	0
41	38	0
41	39	0
41	40	0
41	41	0.333
41	42	0
41	43	0
41	44	0
41	45	0
41	46	0.043
41	47	0.059
41	48	0
41	49	0.048
41	50	0.214
42	0	0
42	1	0
42	2	0
42	3	0
42	4	0
42	5	0
42	6	0
42	7	0
42	8	0
42	9	0
42	10	0
42	11	0
42	12	0
42	13	0
42	14	0
42	15	0
42	16	0
42	17	0
42	18	0
42	19	0
42	20	0
42	21	0
42	22	0
42	23	0
42	24	0
42	25	0
42	26	0
42	27	0
42	28	0
42	29	0
42	30	0
42	31	0
42	32	0
42	33	0
42	34	0
42	35	0
42	36	0
42	37	0
42	38	0
42	39	0
42	40	0
42	42	0
42	43	0
42	44	0
42	45	0
42	46	0
42	47	0
42	48	0.286
42	49	0.105
42	50	0.143
43	0	0.019
43	1	0.011
43	2	0.094
43	3	0
43	4	0
43	5	0
43	6	0
43	7	0
43	8	0
43	9	0
43	10	0
43	11	0
43	12	0
43	13	0
43	14	0
43	15	0
43	16	0
43	17	0
43	18	0
43	19	0
43	20	0
43	21	0
43	22	0
43	23	0
43	24	0
43	25	0
43	26	0
43	27	0
43	28	0
43	29	0
43	30	0
43	31	0
43	32	0
43	33	0
43	34	0
43	35	0
43	36	0
43	37	0
43	38	0
43	39	0
43	40	0
43	41	0
43	42	0
43	43	0
43	44	0
43	45	0
43	46	0
43	47	0
43	48	0.538
43	49	0.271
43	50	0.405
44	0	0
44	1	0
44	2	0
44	3	0
44	4	0
44	5	0
44	6	0
44	7	0
44	8	0
44	9	0
44	10	0
44	11	0
44	12	0
44	13	0
44	14	0
44	15	0
44	16	0
44	17	0
44	18	0
44	19	0
44	20	0
44	21	0
44	22	0
44	23	0
44	24	0
44	25	0
44	26	0
44	27	0
44	28	0
44	29	0
44	30	0
44	31	0
44	32	0
44	33	0
44	34	0
44	35	0
44	36	0
44	37	0
44	38	0
44	39	0
44	40	0
44	42	0
44	43	0
44	44	0
44	45	0
44	46	0
44	47	0
44	48	0.375
44	49	0.194
44	50	0.231
45	0	0.068
45	1	0.043
45	2	0.054
45	3	0
45	4	0
45	5	0
45	6	0
45	7	0
45	8	0
45	9	0
45	10	0
45	11	0
45	12	0
45	13	0
45	14	0
45	15	0
45	16	0
45	17	0
45	18	0
45	19	0
45	20	0
45	21	0
45	22	0
45	23	0
45	24	0
45	25	0
45	26	0
45	27	0
45	28	0.019
45	29	0.077
45	30	0
45	31	0
45	32	0.044
45	33	0
45	34	0
45	35	0
45	36	0.096
45	37	0.25
45	38	0.08
45	39	0
45	40	0
45	41	0.5
45	42	0.045
45	43	0
45	44	0
45	45	0
45	46	0.034
45	47	0.12
45	48	0.412
45	49	0.215
45	50	0.447
46	0	0.084
46	1	0.043
46	2	0.395
46	3	0.056
46	4	0
46	5	0
46	6	0
46	7	0
46	8	0
46	9	0
46	10	0
46	11	0
46	12	0
46	13	0.071
46	14	0.071
46	15	0
46	16	0.077
46	17	0.1
46	18	0
46	19	0
46	20	0.056
46	21	0.143
46	22	0
46	23	0.333
46	24	0
46	25	0.062
46	26	0
46	27	0
46	28	0
46	29	0
46	30	0
46	31	0
46	32	0.051
46	33	0
46	34	0
46	35	0
46	36	0.127
46	37	0
46	38	0
46	39	0.5
46	40	0.051
46	41	0
46	42	0
46	43	0
46	44	0
46	45	0
46	46	0.095
46	47	0
46	48	0.647
46	49	0.441
46	50	0.651
47	0	0.01
47	1	0
47	2	0.125
47	3	0
47	4	0
47	5	0
47	6	0
47	7	0
47	8	0
47	9	0
47	10	0
47	11	0
47	12	0
47	13	0
47	14	0
47	15	0
47	16	0
47	17	0
47	18	0
47	19	0
47	20	0
47	21	0
47	22	0
47	23	0
47	24	0
47	25	0
47	26	0
47	27	0
47	28	0
47	29	0.067
47	30	0
47	31	0
47	32	0
47	33	0
47	34	0
47	35	0
47	36	0.022
47	37	0
47	38	0
47	39	0
47	40	0
47	42	0
47	43	0
47	44	0
47	45	0
47	46	0
47	47	0
47	48	0.182
47	49	0.159
47	50	0.306
48	0	0.029
48	1	0
48	2	0.034
48	3	0
48	4	0
48	5	0
48	6	0
48	7	0
48	8	0
48	9	0
48	10	0
48	11	0
48	12	0
48	13	0
48	14	0
48	15	0
48	16	0
48	17	0
48	18	0
48	19	0
48	20	0
48	21	0
48	22	0
48	23	0
48	24	0
48	25	0
48	26	0
48	27	0
48	28	0
48	29	0
48	30	0
48	31	0
48	32	0
48	33	0
48	34	0
48	35	0
48	36	0.018
48	37	0
48	38	0
48	39	0
48	40	0
48	41	0
48	42	0
48	43	0
48	44	0
48	45	0
48	46	0
48	47	0
48	48	0.444
48	49	0.449
48	50	0.483
49	0	0.083
49	1	0.2
49	2	0.227
49	3	0
49	4	0
49	5	0
49	6	0
49	7	0
49	8	0
49	9	0
49	10	0
49	11	0
49	12	0
49	13	0
49	14	0
49	15	0
49	16	0
49	17	0
49	18	0
49	19	0
49	20	0
49	21	0
49	22	0
49	23	0
49	24	0
49	25	0.038
49	26	0.25
49	27	0
49	28	0.5
49	29	0.067
49	30	0
49	31	0
49	32	0.091
49	33	0
49	34	0
49	35	0
49	36	0.067
49	37	0
49	38	0
49	39	0
49	40	0
49	41	0
49	42	0
49	43	0
49	44	0
49	45	0.5
49	46	0.118
49	47	0.2
49	48	1
49	49	0.886
49	50	0.723
50	0	0.216
50	1	0
50	2	0
50	3	0
50	4	0
50	5	0
50	6	0
50	7	0
50	8	0
50	9	0
50	10	0
50	11	0
50	12	0
50	13	0
50	14	0
50	15	0
50	16	0
50	17	0
50	18	0
50	19	0
50	20	0
50	21	0
50	22	0
50	23	0
50	24	0
50	25	0
50	27	0
50	28	0
50	29	0
50	30	0
50	31	0
50	32	0
50	33	0
50	34	0
50	35	0
50	36	0
50	37	0
50	38	0
50	40	0
50	41	0
50	42	0
50	43	0
50	44	0.25
50	45	0
50	46	0.056
50	47	0
50	48	0.778
50	49	0.352
50	50	0.362
51	0	0.085
51	1	0.104
51	2	0.182
51	3	0
51	4	0
51	5	0
51	6	0
51	7	0
51	8	0
51	9	0
51	10	0
51	11	0
51	12	0
51	13	0
51	14	0
51	15	0
51	16	0
51	17	0
51	18	0
51	19	0
51	20	0
51	21	0
51	22	0
51	23	0
51	24	0
51	25	0
51	26	0
51	27	0
51	28	0
51	29	0
51	30	0
51	31	0
51	32	0
51	33	0
51	34	0
51	35	0
51	36	0
51	37	0
51	38	0
51	39	0
51	40	0
51	41	0
51	42	0
51	43	0
51	44	0
51	45	0
51	46	0.033
51	47	0.067
51	48	0.286
51	49	0.287
51	50	0.419
52	0	0.2
52	1	0.167
52	2	0.125
52	3	0
52	4	0
52	5	0
52	7	0
52	8	0
52	9	0
52	12	0
52	13	0
52	14	0
52	16	0
52	17	0
52	18	0
52	19	0
52	20	0
52	21	0
52	22	0
52	23	0
52	24	0
52	25	0
52	26	0
52	27	0
52	28	0
52	29	0
52	30	0
52	32	0.1
52	33	0.2
52	34	0
52	36	0.278
52	37	0.5
52	38	0
52	39	1
52	40	0.364
52	42	0.333
52	44	0
52	45	0
52	46	0.167
52	47	0.5
52	48	0
52	49	0.727
52	50	0.66
53	0	0.048
53	1	0.156
53	2	0.167
53	3	0.056
53	4	0
53	5	0
53	6	0
53	7	0
53	9	0
53	10	0
53	11	0
53	12	0
53	13	0.167
53	14	0.111
53	15	0
53	16	0
53	17	0
53	18	0
53	19	0
53	20	0
53	21	0
53	22	0.042
53	23	0.25
53	24	0
53	25	0.061
53	26	0
53	27	0
53	28	0
53	29	0
53	30	0
53	31	0
53	32	0.053
53	33	0.2
53	34	0
53	35	0
53	36	0.119
53	37	0
53	38	0.111
53	39	0.5
53	40	0.095
53	42	0
53	43	0
53	44	0
53	45	0
53	46	0.1
53	47	0.167
53	48	0.833
53	49	0.736
53	50	0.41
54	0	0.116
54	1	0.054
54	2	0.208
54	3	0
54	4	0
54	5	0
54	6	0
54	7	0
54	8	0
54	9	0
54	10	0
54	11	0
54	12	0
54	13	0
54	14	0
54	15	0
54	16	0
54	17	0
54	18	0
54	19	0
54	20	0
54	21	0
54	22	0
54	23	0
54	24	0
54	25	0.033
54	27	0
54	28	0
54	29	0
54	30	0
54	31	0
54	32	0
54	33	0
54	34	0
54	35	0
54	36	0.069
54	38	0
54	39	0
54	40	0
54	42	0
54	44	0
54	45	0
54	46	0
54	47	0.1
54	48	1
54	49	0.57
54	50	0.551
55	0	0.188
55	1	0.208
55	2	0.297
55	3	0
55	4	0
55	5	0
55	6	0
55	7	0
55	8	0
55	9	0
55	10	0
55	11	0
55	12	0
55	13	0
55	14	0
55	15	0
55	16	0
55	17	0
55	18	0
55	19	0
55	20	0
55	21	0
55	22	0
55	23	0
55	24	0
55	25	0.075
55	26	0
55	27	0
55	28	0
55	29	0
55	30	0
55	31	0
55	32	0.095
55	33	0
55	34	0
55	35	0
55	36	0.217
55	37	0.2
55	38	0
55	39	0.25
55	40	0.062
55	42	0
55	43	0
55	44	0
55	45	0
55	46	0.062
55	47	0.091
55	48	0.4
55	49	0.488
55	50	0.569
56	0	0.27
56	1	0.125
56	2	0.087
56	3	0
56	4	0
56	5	0
56	6	0
56	7	0
56	8	0
56	9	0
56	10	0
56	11	0
56	12	0
56	13	0
56	14	0
56	16	0
56	17	0
56	18	0
56	19	0
56	20	0
56	21	0
56	22	0
56	24	0
56	25	0
56	26	0
56	27	0
56	28	0
56	29	0
56	30	0
56	31	0
56	32	0
56	33	0
56	34	0
56	35	0
56	36	0.152
56	37	0.143
56	38	0
56	40	0
56	42	0
56	43	0
56	44	0
56	45	0
56	46	0.062
56	47	0
56	48	0.8
56	49	0.529
56	50	0.432
57	0	0.098
57	1	0.25
57	2	0.36
57	3	0.105
57	4	0
57	5	0
57	6	0
57	7	0
57	8	0
57	9	0
57	10	0
57	11	0
57	12	0
57	13	0
57	14	0
57	15	0
57	16	0
57	17	0
57	18	0
57	19	0
57	20	0
57	21	0
57	22	0.034
57	23	0
57	24	0
57	25	0
57	26	0
57	27	0
57	28	0
57	29	0
57	30	0
57	31	0
57	32	0
57	33	0.1
57	34	0
57	35	0.25
57	36	0.25
57	37	0.143
57	38	0
57	39	0
57	40	0.095
57	41	0
57	42	0.1
57	43	0
57	44	0
57	45	0
57	46	0.176
57	47	0
57	48	1
57	49	0.756
57	50	0.798
58	0	0.302
58	1	0.155
58	2	0.225
58	3	0.069
58	4	0
58	5	0
58	6	0
58	7	0
58	8	0
58	9	0
58	10	0
58	11	0
58	12	0.053
58	13	0
58	14	0
58	15	0
58	16	0.2
58	17	0
58	18	0
58	19	0
58	20	0.167
58	21	0
58	22	0.12
58	23	0
58	24	0
58	25	0.03
58	26	0
58	27	0
58	28	0
58	29	0.083
58	30	0
58	31	0
58	32	0.077
58	33	0
58	34	0.143
58	35	0
58	36	0.179
58	37	0.2
58	38	0
58	39	0.25
58	40	0.115
58	41	0
58	42	0.091
58	43	0
58	44	0
58	45	0
58	46	0.194
58	47	0.222
58	48	0.5
58	49	0.764
58	50	0.699
59	25	0
59	31	0
59	32	0
59	34	0
59	36	0
59	38	0
59	40	0
59	42	0
59	44	0
59	46	0
59	47	0
59	48	1
59	49	0.375
59	50	0.333
60	0	0.277
60	1	0.4
60	2	0.312
60	3	0.091
60	4	0
60	5	0
60	7	0
60	8	0
60	9	0
60	11	0
60	12	0.111
60	14	0
60	15	0
60	16	1
60	17	0
60	18	0
60	19	0
60	20	0.333
60	21	0
60	22	0.111
60	23	0
60	24	0
60	25	0
60	26	1
60	27	0
60	28	0
60	29	0.111
60	31	0
60	32	0.125
60	33	0
60	34	0.25
60	35	0.333
60	36	0.357
60	37	0
60	38	0
60	39	0
60	40	0.231
60	42	0.143
60	43	0.25
60	44	0.5
60	45	0
60	46	0.286
60	47	0
60	48	0.75
60	49	0.629
60	50	0.452
61	0	0.25
61	1	0.08
61	2	0.3
61	3	0
61	4	0
61	5	0
61	6	0
61	7	0
61	8	0
61	9	0
61	10	0
61	11	0
61	12	0
61	13	0
61	14	0
61	15	0
61	16	0
61	17	0
61	18	0
61	19	0
61	20	0
61	21	0
61	22	0
61	23	0
61	24	0
61	25	0
61	26	0
61	27	0
61	28	0
61	29	0
61	30	0
61	31	0
61	32	0
61	33	0
61	34	0
61	35	0
61	36	0
61	37	0
61	38	0
61	39	0
61	40	0
61	41	0
61	42	0
61	44	0
61	45	0
61	46	0
61	47	0
61	48	0.714
61	49	0.804
61	50	0.858
62	0	0.241
62	1	0.055
62	2	0.211
62	3	0
62	4	0
62	5	0
62	6	0
62	7	0
62	8	0
62	9	0
62	10	0
62	11	0
62	12	0
62	13	0
62	14	0
62	15	0
62	16	0
62	17	0
62	18	0
62	19	0
62	20	0
62	21	0
62	22	0
62	23	0
62	24	0
62	25	0
62	26	0
62	27	0
62	29	0
62	30	0
62	31	0
62	32	0.042
62	33	0
62	34	0
62	35	0
62	36	0.049
62	38	0
62	39	0
62	40	0.056
62	42	0.091
62	43	0
62	44	0
62	45	0
62	46	0.056
62	47	0
62	48	0.833
62	49	0.78
62	50	0.765
63	0	0
63	1	0
63	2	0
63	3	0
63	4	0
63	5	0
63	6	0
63	7	0
63	8	0
63	9	0
63	10	0
63	11	0
63	12	0
63	13	0
63	14	0.027
63	15	0
63	16	0
63	17	0
63	18	0
63	19	0
63	20	0
63	21	0
63	22	0
63	23	0
63	24	0
63	25	0
63	26	0
63	27	0
63	28	0
63	29	0
63	30	0
63	31	0
63	32	0
63	33	0
63	34	0
63	35	0
63	36	0
63	37	0
63	38	0
63	39	0
63	40	0
63	41	0
63	42	0
63	43	0
63	44	0
63	45	0
63	46	0
63	47	0
63	48	0.6
63	49	0.346
63	50	0.241
64	0	0.233
64	1	0.108
64	2	0.059
64	3	0
64	4	0
64	5	0
64	6	0
64	7	0
64	8	0
64	9	0
64	10	0
64	11	0
64	12	0
64	13	0
64	14	0
64	15	0
64	16	0
64	17	0
64	18	0
64	19	0
64	20	0
64	21	0
64	22	0
64	23	0
64	24	0
64	25	0
64	27	0
64	28	0
64	29	0
64	30	0
64	31	0
64	32	0
64	33	0
64	34	0
64	35	0
64	36	0
64	37	0
64	38	0
64	39	0
64	40	0
64	42	0
64	43	0
64	44	0
64	45	0
64	46	0
64	47	0
64	48	0.75
64	49	0.531
64	50	0.554
65	0	0.1
65	1	0.275
65	2	0.227
65	3	0
65	4	0
65	5	0
65	6	0
65	7	0
65	8	0
65	9	0
65	10	0
65	11	0
65	12	0
65	13	0
65	14	0
65	15	0
65	16	0
65	17	0
65	18	0
65	19	0
65	20	0
65	21	0
65	22	0
65	23	0
65	24	0
65	25	0.019
65	26	0
65	27	0
65	28	0
65	29	0
65	30	0
65	31	0
65	32	0.031
65	33	0
65	34	0.077
65	35	0
65	36	0.101
65	37	0.333
65	38	0
65	39	0
65	40	0
65	41	0
65	42	0
65	43	0
65	44	0
65	45	0
65	46	0
65	47	0
65	48	0.7
65	49	0.322
65	50	0.761
66	0	0.225
66	1	0.202
66	2	0.227
66	3	0.067
66	4	0
66	5	0
66	6	0
66	7	0
66	8	0
66	9	0
66	10	0
66	11	0
66	12	0
66	13	0
66	14	0
66	15	0
66	16	0
66	17	0
66	18	0
66	19	0
66	20	0
66	21	0
66	22	0
66	23	0
66	24	0
66	25	0.04
66	26	0.2
66	27	0
66	28	0
66	29	0
66	30	0
66	31	0
66	32	0.03
66	33	0.182
66	34	0.083
66	35	0
66	36	0.205
66	37	0.167
66	38	0
66	39	0
66	40	0
66	41	0
66	42	0
66	43	0
66	44	0
66	45	0
66	46	0.038
66	47	0
66	48	0.875
66	49	0.803
66	50	0.591
67	0	0.118
67	1	0.188
67	2	0.35
67	3	0.273
67	4	0
67	5	0
67	6	0
67	7	0
67	8	0
67	9	0
67	10	0
67	11	0
67	12	0
67	13	0
67	14	0.097
67	15	0
67	16	0
67	17	0
67	18	0
67	19	0
67	20	0
67	21	0
67	22	0
67	23	0
67	24	0
67	25	0
67	26	0
67	27	0
67	28	0
67	29	0
67	30	0
67	31	0
67	32	0
67	33	0
67	34	0
67	35	0
67	36	0
67	37	0
67	38	0
67	39	0
67	40	0
67	42	0
67	43	0
67	44	0
67	45	0
67	46	0
67	47	0
67	48	0
67	49	0.684
67	50	0.697
68	0	0.22
68	1	0.139
68	2	0.155
68	3	0.059
68	4	0
68	5	0
68	6	0
68	7	0
68	8	0
68	9	0
68	10	0
68	11	0
68	12	0
68	13	0.059
68	14	0
68	15	0
68	16	0
68	17	0
68	18	0
68	19	0
68	20	0
68	21	0
68	22	0
68	23	0.083
68	24	0
68	25	0.038
68	26	0
68	27	0
68	28	0
68	29	0.045
68	30	0
68	31	0
68	32	0
68	33	0
68	34	0
68	35	0
68	36	0.068
68	37	0
68	38	0
68	39	0
68	40	0.032
68	41	0
68	42	0.045
68	43	0
68	44	0
68	45	0
68	46	0.03
68	47	0
68	48	0.769
68	49	0.712
68	50	0.717
69	0	0.132
69	1	0.105
69	2	0.355
69	3	0.042
69	4	0
69	5	0
69	6	0
69	7	0
69	8	0
69	9	0
69	10	0
69	11	0
69	12	0
69	13	0
69	14	0
69	15	0
69	16	0
69	17	0
69	18	0
69	19	0
69	20	0
69	21	0
69	22	0
69	23	0
69	24	0
69	25	0
69	27	0
69	28	0
69	29	0
69	30	0
69	31	0
69	32	0.056
69	33	0
69	34	0
69	35	0
69	36	0.043
69	37	0
69	38	0
69	39	0
69	40	0
69	41	0
69	42	0
69	43	0
69	44	0
69	45	0
69	46	0
69	47	0.4
69	48	0.6
69	49	0.572
69	50	0.807
70	0	0.306
70	1	0.195
70	2	0.245
70	3	0.038
70	4	0
70	5	0
70	6	0
70	7	0
70	8	0
70	9	0
70	10	0
70	11	0
70	12	0
70	13	0
70	14	0
70	15	0
70	16	0
70	17	0
70	18	0
70	19	0
70	20	0
70	21	0
70	22	0.034
70	23	0
70	24	0
70	25	0.053
70	27	0
70	29	0.059
70	30	0
70	31	0
70	32	0.037
70	33	0
70	34	0
70	35	0.167
70	36	0.068
70	37	0
70	38	0
70	39	0
70	40	0.037
70	41	0
70	42	0.071
70	43	0
70	44	0
70	45	0
70	46	0.053
70	47	0
70	48	0.625
70	49	0.734
70	50	0.839
71	0	0.386
71	1	0.397
71	2	0.405
71	3	0.065
71	4	0
71	5	0
71	6	0
71	7	0
71	8	0
71	9	0
71	10	0
71	11	0
71	12	0
71	13	0
71	14	0
71	15	0
71	16	0
71	17	0
71	18	0
71	19	0
71	20	0
71	21	0
71	22	0
71	23	0
71	24	0
71	25	0
71	26	0
71	27	0
71	28	0
71	29	0
71	30	0
71	31	0
71	32	0
71	33	0
71	34	0
71	35	0
71	36	0.119
71	37	0
71	38	0
71	40	0
71	41	0
71	42	0.083
71	43	0
71	44	0
71	45	0
71	46	0
71	47	0.133
71	48	0.667
71	49	0.841
71	50	0.896
72	0	0.293
72	1	0.465
72	2	0.544
72	3	0.129
72	4	0
72	5	0.077
72	6	0.167
72	7	0
72	8	0
72	9	0.077
72	10	0
72	11	0
72	12	0
72	13	0
72	14	0
72	15	0
72	16	0.125
72	17	0
72	18	0
72	19	0
72	20	0.111
72	21	0
72	22	0.042
72	23	0.056
72	24	0
72	25	0.089
72	26	0.333
72	27	0
72	28	0
72	29	0
72	30	0
72	31	0
72	32	0
72	33	0.091
72	34	0.077
72	35	0.083
72	36	0.067
72	37	0.167
72	38	0
72	39	0.25
72	40	0
72	41	0
72	42	0.111
72	43	0
72	44	0
72	45	0
72	46	0.077
72	47	0
72	48	0.833
72	49	0.848
72	50	0.914
73	0	0.596
73	1	0.639
73	2	0.607
73	3	0.147
73	4	0
73	5	0
73	6	0
73	7	0
73	8	0
73	9	0
73	10	0
73	11	0
73	12	0
73	13	0
73	14	0.222
73	15	0.167
73	16	0
73	17	0
73	18	0
73	19	0
73	20	0
73	21	0
73	22	0.071
73	23	0.286
73	24	0
73	25	0.062
73	26	0.2
73	27	0.071
73	28	0
73	29	0.056
73	30	0
73	31	0.083
73	32	0
73	33	0.125
73	34	0
73	35	0
73	36	0.214
73	37	0.5
73	38	0
73	39	0
73	40	0.075
73	42	0.1
73	43	0
73	44	0.154
73	45	0
73	46	0.139
73	47	0.158
73	48	0.778
73	49	0.908
73	50	0.907
74	0	0.455
74	1	0.226
74	2	0.16
74	3	0.1
74	4	0.25
74	5	0
74	6	0
74	7	0
74	8	0
74	9	0.2
74	10	0
74	11	0
74	12	0
74	13	0
74	14	0
74	15	0
74	16	0.333
74	17	0
74	18	0
74	19	0
74	20	0.333
74	21	0
74	22	0.062
74	23	0.25
74	24	0
74	25	0.133
74	26	0
74	27	0
74	28	0
74	29	0
74	30	0
74	31	0
74	32	0.091
74	33	0
74	34	0
74	35	0
74	36	0.053
74	37	0
74	38	0
74	39	0.333
74	40	0
74	41	0
74	42	0
74	43	0
74	44	0
74	45	0
74	46	0
74	47	0
74	48	1
74	49	0.71
74	50	0.769
75	0	0.5
75	1	0.56
75	2	0.611
75	3	0.143
75	4	0
75	5	0
75	6	0
75	7	0
75	8	0
75	9	0
75	10	0
75	12	0
75	13	0
75	14	0.333
75	15	0
75	16	0.5
75	17	0
75	18	0
75	19	0
75	20	0.5
75	21	0
75	22	0.231
75	23	0
75	24	0
75	25	0.231
75	26	0
75	27	0.2
75	28	0
75	29	0.333
75	30	0.333
75	31	0
75	32	0.2
75	34	0
75	35	0.5
75	36	0.348
75	37	1
75	38	0
75	39	0
75	40	0.111
75	41	0
75	42	0
75	43	0.5
75	44	0
75	45	0
75	46	0.25
75	47	0.333
75	48	1
75	49	1
75	50	0.966
76	0	0.407
76	1	0.375
76	2	0.464
76	3	0.037
76	4	0
76	5	0
76	6	0
76	7	0
76	8	0
76	9	0
76	10	0
76	11	0
76	12	0
76	13	0
76	14	0
76	15	0
76	16	0
76	17	0
76	18	0
76	19	0
76	20	0
76	21	0
76	22	0.081
76	23	0
76	24	0
76	25	0.081
76	26	0
76	27	0
76	28	0.125
76	29	0
76	30	0
76	31	0
76	32	0.067
76	33	0.167
76	34	0
76	35	0
76	36	0.211
76	37	0.167
76	38	0
76	39	0
76	40	0.08
76	41	0.25
76	42	0.167
76	43	0
76	44	0
76	45	0
76	46	0.167
76	47	0.111
76	48	0.8
76	49	0.989
76	50	0.881
77	0	0.619
77	1	0.636
77	2	0.542
77	3	0.098
77	4	0
77	5	0.118
77	6	0
77	7	0
77	8	0
77	9	0
77	10	0
77	11	0.167
77	12	0
77	13	0
77	14	0.083
77	15	0
77	16	0.154
77	17	0
77	18	0
77	19	0
77	20	0.176
77	21	0.067
77	22	0.098
77	23	0
77	24	0
77	25	0.167
77	26	0.333
77	27	0.143
77	28	0
77	29	0.048
77	30	0.143
77	31	0.125
77	32	0.15
77	33	0.083
77	34	0
77	35	0.125
77	36	0.372
77	37	0
77	38	0.091
77	39	0
77	40	0.179
77	41	0
77	42	0.211
77	43	0
77	44	0
77	45	0
77	46	0.233
77	47	0.105
77	48	0.917
77	49	0.904
77	50	0.881
78	0	0.3
78	1	0
78	2	0.083
78	3	0
78	4	0
78	5	0
78	6	0
78	7	0
78	8	0
78	9	0
78	10	0
78	11	0
78	12	0
78	13	0
78	14	0
78	15	0
78	16	0
78	17	0
78	18	0
78	19	0
78	20	0
78	21	0
78	22	0
78	23	0
78	24	0
78	25	0
78	26	0
78	27	0
78	28	0
78	29	0
78	30	0
78	31	0
78	32	0
78	34	0
78	35	0
78	36	0
78	37	0
78	38	0
78	39	0
78	40	0
78	41	0
78	42	0
78	43	0
78	44	0
78	45	0
78	46	0
78	47	0
78	48	1
78	49	1
78	50	0.766
79	0	0.037
79	1	0
79	2	0.318
79	3	0
79	4	0
79	5	0
79	6	0
79	7	0
79	8	0
79	9	0
79	10	0
79	11	0
79	12	0
79	13	0
79	14	0
79	15	0
79	16	0
79	17	0
79	18	0
79	19	0
79	20	0
79	21	0
79	22	0
79	23	0
79	24	0
79	25	0
79	27	0
79	28	0
79	29	0
79	30	0
79	31	0
79	32	0
79	33	0
79	34	0
79	35	0
79	36	0.091
79	37	0
79	38	0
79	39	0
79	40	0
79	41	0
79	42	0
79	43	0
79	44	0
79	45	0
79	46	0
79	48	0.833
79	49	0.828
79	50	0.897
80	0	0.531
80	1	0.545
80	2	0.46
80	3	0.093
80	4	0
80	5	0
80	6	0
80	7	0
80	8	0
80	9	0
80	10	0
80	11	0
80	12	0.087
80	13	0
80	14	0
80	15	0
80	16	0.062
80	17	0
80	18	0
80	19	0
80	20	0.048
80	21	0
80	22	0.092
80	23	0.136
80	24	0.065
80	25	0.098
80	26	0.4
80	27	0
80	28	0
80	29	0.074
80	30	0
80	31	0
80	32	0.105
80	33	0.105
80	34	0
80	35	0
80	36	0.196
80	37	0.182
80	38	0.111
80	39	0.1
80	40	0.143
80	41	0.333
80	42	0.061
80	43	0
80	44	0
80	45	0.062
80	46	0.135
80	47	0.105
80	48	0.667
80	49	0.6
80	50	0.692
82	0	0.25
82	1	0.222
82	2	0.522
82	3	0
82	4	0
82	5	0
82	6	0
82	7	0
82	8	0
82	9	0
82	10	0
82	11	0
82	12	0
82	13	0
82	14	0
82	15	0
82	16	0
82	17	0
82	18	0
82	19	0
82	20	0
82	21	0
82	22	0
82	23	0
82	24	0
82	25	0
82	26	0
82	27	0
82	29	0
82	30	0
82	31	0
82	32	0
82	33	0
82	34	0
82	35	0
82	36	0
82	37	0
82	38	0
82	40	0
82	41	0
82	42	0
82	43	0
82	44	0
82	45	0
82	46	0
82	47	0.143
82	48	0.667
82	49	0.705
82	50	0.87
83	0	0.582
83	1	0.441
83	2	0.481
83	3	0.034
83	4	0
83	5	0
83	6	0
83	7	0
83	8	0
83	9	0
83	10	0
83	11	0
83	12	0
83	13	0
83	14	0
83	15	0
83	16	0
83	17	0
83	18	0
83	19	0
83	20	0
83	21	0
83	22	0.037
83	23	0
83	24	0
83	25	0
83	26	0
83	27	0
83	28	0
83	29	0
83	30	0
83	31	0
83	32	0
83	33	0
83	34	0
83	35	0
83	36	0.102
83	37	0.167
83	38	0
83	39	0
83	40	0.136
83	41	0
83	42	0
83	43	0
83	44	0.125
83	45	0.091
83	46	0.143
83	47	0.125
83	48	0.875
83	49	0.763
83	50	0.886
84	0	0.388
84	1	0.408
84	2	0.5
84	3	0.109
84	4	0.091
84	5	0
84	6	0
84	7	0
84	8	0
84	9	0.133
84	10	0
84	11	0
84	12	0.061
84	13	0
84	14	0
84	15	0
84	16	0
84	17	0
84	18	0
84	19	0
84	20	0
84	21	0
84	22	0.119
84	23	0.067
84	24	0.04
84	25	0.125
84	26	0.111
84	27	0
84	28	0
84	29	0.12
84	30	0.059
84	31	0
84	32	0.128
84	33	0.091
84	34	0.048
84	35	0
84	36	0.169
84	37	0.111
84	38	0
84	39	0
84	40	0.049
84	41	0
84	42	0
84	43	0
84	44	0
84	45	0
84	46	0.051
84	47	0
84	48	0.778
84	49	0.79
84	50	0.545
85	0	0.216
85	1	0
85	2	0.125
85	3	0
85	4	0
85	5	0
85	6	0
85	7	0
85	8	0
85	9	0
85	10	0
85	11	0
85	12	0
85	13	0
85	14	0
85	15	0
85	16	0
85	17	0
85	18	0
85	19	0
85	20	0
85	21	0
85	22	0
85	23	0
85	24	0
85	25	0
85	27	0
85	28	0
85	29	0
85	30	0
85	31	0
85	32	0
85	33	0
85	34	0
85	35	0
85	36	0
85	37	0
85	38	0
85	39	0
85	40	0
85	41	0
85	42	0
85	44	0
85	45	0
85	46	0
85	47	0
85	48	0.4
85	49	0.444
85	50	0.531
86	0	0.692
86	1	0.868
86	2	0.788
86	3	0.154
86	4	0
86	5	0.154
86	6	0
86	7	0.077
86	8	0
86	9	0
86	10	0.222
86	11	0
86	12	0.074
86	13	0
86	14	0
86	15	0
86	16	0
86	17	0
86	18	0
86	19	0.143
86	20	0
86	21	0
86	22	0.175
86	23	0.333
86	24	0.067
86	25	0.254
86	26	0.75
86	27	0
86	28	0
86	29	0.158
86	30	0.143
86	31	0
86	32	0.281
86	33	0.429
86	34	0.067
86	35	0.286
86	36	0.389
86	37	0.75
86	38	0.208
86	39	0
86	40	0.233
86	41	0
86	42	0
86	43	0
86	44	0
86	45	0
86	46	0.114
86	47	0.154
86	48	0.867
86	49	0.818
86	50	0.723
87	0	0.098
87	1	0.09
87	2	0.262
87	3	0
87	4	0
87	5	0
87	6	0
87	7	0
87	8	0
87	9	0
87	10	0
87	11	0
87	12	0
87	13	0
87	14	0
87	15	0
87	16	0
87	17	0
87	18	0
87	19	0
87	20	0
87	21	0
87	22	0
87	23	0
87	24	0
87	25	0
87	26	0
87	27	0
87	28	0
87	29	0
87	30	0
87	31	0
87	32	0
87	33	0
87	34	0
87	35	0
87	36	0
87	37	0
87	38	0
87	39	0
87	40	0
87	41	0
87	42	0
87	43	0
87	44	0
87	45	0
87	46	0
87	47	0
87	48	0.545
87	49	0.652
87	50	0.735
88	0	0.604
88	1	0.582
88	2	0.547
88	3	0.163
88	4	0
88	5	0
88	6	0
88	7	0
88	8	0
88	9	0
88	10	0
88	11	0.111
88	12	0.061
88	13	0.042
88	14	0.056
88	15	0
88	16	0
88	17	0
88	18	0
88	19	0
88	20	0
88	21	0
88	22	0.141
88	23	0
88	24	0.12
88	25	0.114
88	26	0.375
88	27	0
88	28	0
88	29	0.172
88	30	0
88	31	0
88	32	0.16
88	33	0.062
88	34	0.176
88	35	0
88	36	0.206
88	37	0.1
88	38	0
88	39	0
88	40	0.111
88	41	0
88	42	0.095
88	43	0
88	44	0
88	45	0
88	46	0.2
88	47	0.043
88	48	0.941
88	49	0.717
88	50	0.793
89	0	0.444
89	1	0.349
89	2	0.354
89	3	0
89	4	0
89	5	0
89	6	0
89	7	0
89	9	0
89	10	0
89	11	0
89	12	0
89	13	0
89	14	0
89	15	0
89	16	0
89	17	0
89	18	0
89	19	0
89	20	0
89	21	0
89	22	0
89	23	0
89	24	0
89	25	0
89	26	0
89	27	0
89	28	0
89	29	0
89	30	0.111
89	31	0.143
89	32	0.043
89	33	0.167
89	34	0
89	35	0
89	36	0
89	37	0
89	38	0
89	39	0
89	40	0
89	41	0
89	42	0
89	43	0
89	44	0
89	45	0
89	46	0
89	47	0
89	48	0.875
89	49	0.75
89	50	0.624
90	0	0.816
90	1	0.859
90	2	0.796
90	3	0.308
90	4	0
90	5	0
90	6	0.125
90	7	0.071
90	8	0
90	9	0.125
90	10	0
90	11	0
90	12	0.077
90	13	0
90	14	0.077
90	15	0
90	16	0
90	17	0
90	18	0.083
90	19	0
90	20	0.083
90	21	0
90	22	0.193
90	23	0.5
90	24	0
90	25	0.218
90	26	0.5
90	27	0.077
90	28	0
90	29	0.133
90	30	0.077
90	31	0.167
90	32	0.16
90	33	0.273
90	34	0
90	35	0.143
90	36	0.427
90	37	0.5
90	38	0.071
90	39	0
90	40	0.205
90	41	0
90	42	0
90	43	0
90	44	0
90	45	0
90	46	0.192
90	47	0.2
90	48	0.923
90	49	0.574
90	50	0.7
91	0	0.349
91	1	0.075
91	2	0.038
91	3	0
91	4	0
91	5	0
91	6	0
91	7	0
91	8	0
91	9	0
91	10	0
91	11	0
91	12	0
91	13	0
91	14	0
91	15	0
91	16	0
91	17	0
91	18	0
91	19	0
91	20	0
91	21	0
91	22	0
91	23	0
91	24	0
91	25	0
91	26	0
91	27	0
91	28	0
91	29	0
91	30	0
91	31	0
91	32	0.05
91	33	0.111
91	34	0
91	35	0
91	36	0.091
91	37	0
91	38	0
91	39	0
91	40	0.059
91	41	0
91	42	0
91	43	0
91	44	0
91	45	0.167
91	46	0
91	47	0
91	48	0.8
91	49	0.582
91	50	0.717
92	0	0.485
92	1	0.594
92	2	0.467
92	3	0.104
92	4	0
92	5	0
92	6	0.105
92	7	0.08
92	8	0
92	9	0
92	10	0
92	11	0.12
92	12	0.116
92	13	0
92	14	0.06
92	15	0.053
92	16	0.077
92	17	0
92	18	0.056
92	19	0
92	20	0.048
92	21	0
92	22	0.25
92	23	0.059
92	24	0
92	25	0.14
92	26	0.5
92	27	0.08
92	28	0.125
92	29	0.081
92	30	0.125
92	31	0.222
92	32	0.152
92	33	0.174
92	34	0
92	35	0.071
92	36	0.365
92	37	0.071
92	38	0.094
92	39	0.091
92	40	0.238
92	41	0
92	42	0.138
92	43	0
92	44	0
92	45	0
92	46	0.234
92	47	0.067
92	48	0.615
92	49	0.376
92	50	0.444
93	0	0.056
93	1	0
93	2	0
93	3	0
93	5	0
93	6	0
93	7	0
93	9	0
93	10	0
93	11	0
93	12	0
93	13	0
93	14	0
93	15	0
93	16	0
93	17	0
93	18	0
93	19	0
93	20	0
93	21	0
93	22	0
93	23	0
93	24	0
93	25	0
93	26	0
93	27	0
93	28	0.1
93	29	0.1
93	30	0
93	31	0
93	32	0
93	33	0
93	34	0
93	35	0
93	36	0
93	38	0
93	39	0
93	40	0
93	42	0
93	43	0
93	44	0
93	45	0
93	46	0.125
93	47	0
93	48	0.857
93	49	0.603
93	50	0.591
94	0	0.662
94	1	0.714
94	2	0.568
94	3	0.175
94	4	0
94	5	0
94	6	0
94	7	0.143
94	8	0
94	9	0
94	10	0
94	11	0.2
94	12	0.029
94	13	0.308
94	14	0.105
94	15	0.167
94	16	0.182
94	17	0
94	18	0
94	19	0
94	20	0.143
94	21	0.077
94	22	0.2
94	23	0.182
94	24	0
94	25	0.188
94	26	0.429
94	27	0
94	28	0
94	29	0
94	30	0
94	31	0.2
94	32	0.111
94	33	0.083
94	34	0
94	35	0.1
94	36	0.277
94	37	0.286
94	38	0.111
94	39	0.5
94	40	0.152
94	41	0
94	42	0.083
94	43	0
94	44	0
94	45	0.2
94	46	0.167
94	47	0.217
94	48	0.857
94	49	0.664
94	50	0.769
95	0	0.015
95	1	0
95	2	0
95	3	0.077
95	4	0
95	5	0
95	6	0
95	7	0
95	8	0
95	9	0
95	10	0
95	11	0
95	12	0
95	13	0.125
95	14	0
95	15	0
95	16	0
95	17	0
95	18	0
95	19	0
95	20	0
95	21	0
95	22	0
95	23	0
95	24	0
95	25	0
95	26	0
95	27	0
95	28	0
95	29	0
95	30	0
95	31	0
95	32	0.074
95	33	0
95	34	0
95	35	0.167
95	36	0.088
95	37	0
95	38	0.059
95	39	0
95	40	0.059
95	41	0
95	42	0
95	43	0
95	44	0
95	45	0
95	46	0.043
95	47	0
95	48	0.75
95	49	0.31
95	50	0.431
96	0	0.51
96	1	0.531
96	2	0.476
96	3	0.041
96	4	0.083
96	5	0
96	6	0.111
96	7	0
96	8	0
96	9	0
96	10	0
96	11	0
96	12	0.054
96	13	0
96	14	0.077
96	15	0
96	16	0
96	17	0
96	18	0.059
96	19	0.091
96	20	0
96	21	0
96	22	0.182
96	23	0.091
96	24	0.12
96	25	0.087
96	26	0.5
96	27	0
96	28	0.2
96	29	0.065
96	30	0
96	31	0.077
96	32	0.024
96	33	0.111
96	34	0
96	35	0.071
96	36	0.173
96	37	0.214
96	38	0
96	39	0.143
96	40	0.109
96	41	0
96	42	0
96	43	0
96	44	0
96	45	0.143
96	46	0.205
96	47	0.053
96	48	0.765
96	49	0.547
96	50	0.453
97	0	0.591
97	1	0.673
97	2	0.547
97	3	0.137
97	4	0.059
97	5	0.095
97	6	0.083
97	7	0
97	8	0
97	9	0.091
97	10	0
97	11	0
97	12	0.071
97	13	0
97	14	0.095
97	15	0
97	16	0
97	17	0
97	18	0
97	19	0.111
97	20	0
97	21	0
97	22	0.19
97	23	0.034
97	24	0.125
97	25	0.172
97	26	0.2
97	27	0.062
97	28	0.125
97	29	0.088
97	30	0
97	31	0.357
97	32	0.145
97	33	0.04
97	34	0.08
97	35	0
97	36	0.236
97	37	0.25
97	38	0
97	39	0
97	40	0.117
97	41	0
97	42	0
97	43	0.1
97	44	0
97	45	0
97	46	0.089
97	47	0.217
97	48	0.909
97	49	0.718
97	50	0.87
98	0	0.244
98	1	0.13
98	2	0.226
98	3	0
98	4	0
98	5	0
98	6	0
98	7	0
98	8	0
98	9	0.5
98	10	0
98	11	0
98	12	0
98	13	0
98	14	0
98	15	0
98	16	0
98	17	0
98	18	0
98	19	0
98	20	0
98	21	0
98	22	0
98	23	0
98	24	0
98	25	0
98	26	0
98	27	0
98	28	0
98	29	0
98	30	0
98	31	0
98	32	0
98	33	0
98	34	0
98	35	0
98	36	0
98	37	0
98	38	0
98	39	0
98	40	0
98	41	0
98	42	0
98	43	0
98	44	0
98	45	0
98	46	0
98	47	0
98	48	0.8
98	49	0.686
98	50	0.61
99	0	0.457
99	1	0.309
99	2	0.197
99	3	0.048
99	4	0.071
99	5	0
99	6	0
99	7	0
99	8	0
99	9	0.222
99	10	0
99	11	0
99	12	0.034
99	13	0
99	14	0
99	15	0
99	16	0
99	17	0
99	18	0
99	19	0
99	20	0
99	21	0.1
99	22	0.047
99	23	0
99	24	0
99	25	0.075
99	26	0.333
99	27	0
99	28	0
99	29	0.043
99	30	0
99	31	0
99	32	0.057
99	33	0
99	34	0
99	35	0
99	36	0.082
99	37	0
99	38	0
99	39	0
99	40	0.03
99	41	0
99	42	0.053
99	43	0
99	44	0
99	45	0
99	46	0
99	47	0
99	48	0.867
99	49	0.46
99	50	0.5
100	0	0.321
100	1	0.209
100	2	0.25
100	3	0
100	4	0
100	5	0
100	6	0
100	7	0
100	8	0
100	9	0
100	10	0
100	11	0
100	12	0
100	13	0
100	14	0
100	15	0
100	16	0
100	17	0
100	18	0
100	19	0.067
100	20	0.067
100	21	0
100	22	0.056
100	23	0
100	24	0
100	25	0.029
100	26	0
100	27	0
100	28	0
100	29	0.061
100	30	0
100	31	0
100	32	0.1
100	33	0.077
100	34	0.056
100	35	0
100	36	0.107
100	37	0.111
100	38	0
100	39	0
100	40	0.047
100	41	0
100	42	0
100	43	0
100	44	0.167
100	45	0
100	46	0.106
100	47	0
100	48	0.714
100	49	0.585
100	50	0.833
101	0	0.125
101	1	0.115
101	2	0.073
101	3	0
101	4	0
101	5	0
101	6	0
101	7	0
101	8	0
101	9	0
101	10	0
101	11	0
101	12	0
101	13	0
101	14	0
101	15	0
101	16	0
101	17	0
101	18	0
101	19	0
101	20	0
101	21	0
101	22	0.05
101	23	0
101	24	0
101	25	0.037
101	26	0
101	27	0
101	28	0
101	29	0.053
101	30	0
101	31	0
101	32	0.095
101	33	0.071
101	34	0.2
101	35	0
101	36	0.122
101	37	0
101	38	0
101	39	0.167
101	40	0.04
101	41	0
101	42	0
101	43	0
101	44	0
101	45	0
101	46	0.095
101	47	0
101	48	0.4
101	49	0.327
101	50	0.5
102	0	0.214
102	1	0.08
102	2	0.197
102	3	0
102	4	0
102	5	0
102	6	0
102	7	0
102	8	0
102	9	0
102	10	0
102	11	0
102	12	0
102	13	0
102	14	0
102	15	0
102	16	0
102	17	0
102	18	0
102	19	0
102	20	0
102	21	0
102	22	0
102	23	0
102	24	0
102	25	0
102	26	0
102	27	0
102	28	0
102	29	0
102	30	0
102	31	0
102	32	0
102	33	0
102	34	0
102	35	0
102	36	0
102	37	0
102	38	0
102	39	0
102	40	0
102	41	0
102	42	0
102	43	0
102	44	0
102	45	0
102	46	0
102	47	0.1
102	48	0.733
102	49	0.349
102	50	0.5
103	0	0.204
103	1	0.115
103	2	0.153
103	3	0.024
103	4	0
103	5	0
103	6	0
103	7	0
103	8	0
103	9	0
103	10	0
103	11	0
103	12	0
103	13	0
103	14	0
103	15	0
103	16	0
103	17	0
103	18	0
103	19	0
103	20	0
103	21	0
103	22	0
103	23	0
103	24	0
103	25	0.018
103	26	0
103	27	0
103	28	0
103	29	0
103	30	0
103	31	0
103	32	0.029
103	33	0.167
103	34	0.071
103	35	0
103	36	0.076
103	37	0.286
103	38	0
103	39	0
103	40	0
103	41	0
103	42	0.062
103	43	0
103	44	0
103	45	0
103	46	0.054
103	47	0.154
103	48	0.833
103	49	0.385
103	50	0.395
104	0	0.116
104	1	0.115
104	2	0.219
104	3	0.02
104	4	0
104	5	0
104	6	0
104	7	0
104	8	0
104	9	0
104	10	0
104	11	0
104	12	0
104	13	0
104	14	0
104	15	0
104	16	0
104	17	0
104	18	0
104	19	0
104	20	0
104	21	0
104	22	0.018
104	23	0
104	24	0.091
104	25	0.033
104	26	0
104	27	0
104	28	0
104	29	0
104	30	0
104	31	0
104	32	0.075
104	33	0.056
104	34	0.062
104	35	0.125
104	36	0.119
104	37	0.091
104	38	0
104	39	0
104	40	0.043
104	41	0
104	42	0
104	43	0.091
104	44	0
104	45	0
104	46	0.03
104	47	0.042
104	48	0.5
104	49	0.402
104	50	0.397
105	0	0.152
105	1	0.066
105	2	0.041
105	3	0
105	4	0
105	5	0
105	6	0
105	7	0
105	8	0
105	9	0
105	10	0
105	11	0
105	12	0
105	13	0
105	14	0
105	15	0
105	16	0
105	17	0
105	18	0
105	19	0
105	20	0
105	21	0
105	22	0.02
105	23	0
105	24	0.043
105	25	0.03
105	26	0
105	27	0
105	28	0
105	29	0
105	30	0
105	31	0
105	32	0.061
105	33	0
105	34	0.048
105	35	0.1
105	36	0.047
105	37	0
105	38	0
105	39	0.125
105	40	0.022
105	41	0
105	42	0
105	43	0
105	44	0
105	45	0
105	46	0
105	47	0
105	48	0.5
105	49	0.166
105	50	0.187
106	0	0.178
106	1	0.033
106	2	0.088
106	3	0
106	4	0
106	5	0
106	6	0
106	7	0
106	8	0
106	9	0
106	10	0
106	11	0
106	12	0
106	13	0
106	14	0
106	15	0
106	16	0
106	17	0
106	18	0
106	19	0
106	20	0
106	21	0
106	22	0
106	23	0
106	24	0
106	25	0
106	26	0
106	27	0
106	28	0
106	29	0
106	30	0
106	31	0
106	32	0
106	33	0
106	34	0
106	35	0
106	36	0.075
106	37	0.167
106	38	0
106	39	0
106	40	0
106	41	0
106	42	0
106	43	0
106	44	0
106	45	0
106	46	0
106	47	0.071
106	48	0.714
106	49	0.279
106	50	0.345
107	0	0.23
107	1	0.333
107	2	0.222
107	3	0.032
107	4	0
107	5	0
107	6	0
107	7	0.059
107	8	0
107	9	0
107	10	0
107	11	0.111
107	12	0
107	13	0
107	14	0
107	15	0
107	16	0
107	17	0.083
107	18	0
107	19	0
107	20	0
107	21	0
107	22	0.122
107	23	0
107	24	0.071
107	25	0.185
107	26	0
107	27	0.267
107	28	0.25
107	29	0.077
107	30	0.125
107	31	0.167
107	32	0.138
107	33	0
107	34	0.214
107	35	0
107	36	0.269
107	37	0
107	38	0
107	39	0.143
107	40	0.167
107	41	0
107	42	0.059
107	43	0
107	44	0
107	45	0.111
107	46	0.077
107	47	0.125
107	48	0.579
107	49	0.166
107	50	0.319
108	0	0.128
108	1	0.162
108	2	0.119
108	3	0.029
108	4	0
108	5	0
108	6	0
108	7	0.077
108	8	0
108	9	0
108	10	0
108	11	0
108	12	0.04
108	13	0
108	14	0
108	15	0
108	16	0
108	17	0
108	18	0.067
108	19	0
108	20	0
108	21	0
108	22	0.028
108	23	0
108	24	0
108	25	0.173
108	27	0.231
108	28	0
108	29	0.056
108	30	0.188
108	31	0
108	32	0.115
108	33	0.077
108	34	0.077
108	35	0
108	36	0.19
108	37	0.2
108	38	0
108	39	0
108	40	0.194
108	41	0
108	42	0.056
108	43	0.4
108	44	0
108	45	0.111
108	46	0.062
108	47	0.143
108	48	0.357
108	49	0.256
108	50	0.216
109	0	0.147
109	1	0.109
109	2	0.042
109	3	0.049
109	4	0
109	5	0
109	6	0
109	7	0
109	8	0
109	9	0
109	10	0
109	11	0
109	12	0
109	13	0
109	14	0
109	15	0
109	16	0
109	17	0
109	18	0
109	19	0
109	20	0
109	21	0
109	22	0.087
109	23	0
109	24	0.167
109	25	0.094
109	26	0
109	27	0
109	28	0
109	29	0.148
109	30	0
109	31	0.2
109	32	0.108
109	33	0
109	34	0
109	35	0
109	36	0
109	37	0
109	38	0
109	39	0
109	40	0
109	41	0
109	42	0
109	43	0
109	44	0
109	45	0
109	46	0
109	47	0.048
109	48	0.571
109	49	0.216
109	50	0.217
110	0	0.05
110	1	0.085
110	2	0.136
110	3	0.047
110	4	0
110	5	0
110	6	0
110	7	0
110	8	0
110	9	0
110	10	0
110	11	0
110	12	0
110	13	0
110	14	0
110	15	0
110	16	0
110	17	0.056
110	18	0
110	19	0
110	20	0
110	21	0.067
110	22	0.02
110	23	0.071
110	24	0
110	25	0.049
110	26	0.143
110	27	0
110	28	0
110	29	0
110	30	0
110	31	0
110	32	0.022
110	33	0.056
110	34	0.062
110	35	0
110	36	0.035
110	37	0
110	38	0
110	39	0
110	40	0.043
110	41	0
110	42	0.05
110	43	0
110	44	0
110	45	0
110	46	0
110	47	0
110	48	0.389
110	49	0.226
110	50	0.198
111	0	0
111	1	0
111	2	0
111	3	0
111	5	0
111	7	0
111	9	0
111	11	0
111	12	0
111	13	0
111	14	0
111	15	0
111	17	0
111	18	0
111	19	0
111	20	0
111	21	0
111	22	0
111	23	0
111	24	0
111	25	0
111	26	0
111	27	0
111	29	0
111	30	0
111	31	0
111	32	0
111	34	0
111	35	0
111	36	0
111	37	0
111	38	0
111	40	0
111	41	0
111	42	0
111	43	0
111	44	0
111	45	0
111	46	0
111	47	0
111	48	0
111	49	0.284
111	50	0.036
112	0	0.108
112	1	0.053
112	2	0.058
112	3	0
112	4	0
112	5	0
112	6	0
112	7	0.071
112	8	0
112	9	0
112	10	0
112	11	0
112	12	0
112	13	0
112	14	0
112	15	0
112	16	0.077
112	17	0
112	18	0.1
112	19	0
112	20	0.067
112	21	0
112	22	0.059
112	23	0
112	24	0
112	25	0.048
112	26	0.2
112	27	0
112	28	0
112	29	0
112	30	0
112	31	0
112	32	0.048
112	33	0
112	34	0
112	35	0.083
112	36	0.039
112	37	0
112	38	0
112	39	0
112	40	0.042
112	41	0
112	42	0.042
112	43	0
112	44	0
112	45	0
112	46	0
112	47	0
112	48	0.647
112	49	0.292
112	50	0.217
113	0	0.059
113	1	0.037
113	2	0.048
113	3	0.067
113	4	0
113	5	0
113	6	0
113	7	0
113	8	0
113	9	0
113	10	0
113	11	0
113	12	0
113	13	0
113	14	0
113	15	0
113	16	0
113	17	0
113	18	0
113	19	0
113	20	0
113	21	0
113	22	0
113	23	0
113	24	0
113	25	0
113	26	0
113	27	0
113	28	0
113	29	0
113	30	0
113	31	0
113	32	0
113	33	0
113	34	0
113	35	0
113	36	0
113	37	0
113	38	0
113	39	0
113	40	0
113	41	0
113	42	0
113	44	0
113	45	0
113	46	0
113	47	0
113	48	0.333
113	49	0.143
113	50	0.257
114	0	0
114	1	0.034
114	2	0.079
114	3	0.048
114	4	0
114	5	0
114	6	0
114	7	0.091
114	8	0
114	9	0
114	10	0
114	11	0
114	12	0
114	13	0
114	14	0
114	15	0
114	16	0
114	17	0
114	18	0
114	19	0.125
114	20	0
114	21	0
114	22	0
114	23	0
114	24	0
114	25	0
114	26	0
114	27	0
114	28	0
114	29	0
114	30	0
114	31	0
114	32	0
114	33	0
114	34	0
114	35	0
114	36	0.026
114	37	0
114	38	0
114	39	0
114	40	0
114	41	0
114	42	0
114	43	0
114	44	0
114	45	0
114	46	0
114	47	0
114	48	0.75
114	49	0.401
114	50	0.276
115	0	0.043
115	1	0.034
115	2	0.029
115	3	0.05
115	4	0
115	5	0
115	6	0
115	7	0
115	8	0
115	9	0
115	10	0
115	11	0
115	12	0
115	13	0
115	14	0
115	15	0
115	16	0
115	17	0
115	18	0
115	19	0
115	20	0
115	21	0
115	22	0
115	23	0
115	24	0
115	25	0
115	26	0
115	27	0
115	28	0
115	29	0
115	30	0
115	31	0
115	32	0
115	33	0
115	34	0
115	35	0
115	36	0.027
115	37	0
115	38	0
115	39	0
115	40	0
115	41	0
115	42	0
115	43	0
115	44	0
115	45	0
115	46	0
115	47	0
115	48	0.6
115	49	0.248
115	50	0.149
116	0	0
116	1	0
116	2	0
116	3	0
116	4	0
116	5	0
116	6	0
116	7	0
116	8	0
116	9	0
116	10	0
116	11	0
116	12	0
116	13	0
116	14	0
116	16	0
116	17	0
116	18	0
116	19	0
116	20	0
116	21	0
116	22	0
116	23	0
116	24	0
116	25	0
116	26	0
116	27	0
116	28	0
116	29	0
116	30	0
116	31	0
116	32	0
116	33	0
116	34	0
116	35	0
116	36	0
116	37	0
116	38	0
116	40	0
116	41	0
116	42	0
116	43	0
116	44	0
116	45	0
116	46	0
116	47	0
116	48	0.6
116	49	0.191
116	50	0.061
117	0	0.07
117	1	0.098
117	2	0.138
117	3	0
117	4	0
117	5	0
117	6	0
117	7	0
117	8	0
117	9	0
117	10	0
117	11	0
117	12	0
117	13	0
117	14	0
117	15	0
117	16	0
117	17	0
117	18	0
117	19	0
117	20	0
117	21	0
117	22	0
117	23	0.5
117	24	0
117	25	0.083
117	26	0.5
117	27	0
117	28	0
117	29	0.167
117	30	0
117	31	0
117	32	0.042
117	33	0
117	34	0
117	35	0.167
117	36	0.07
117	37	0
117	38	0
117	40	0.083
117	41	0
117	42	0
117	43	0
117	44	0
117	45	0
117	46	0.105
117	47	0
117	48	0.538
117	49	0.19
117	50	0.134
118	0	0.026
118	1	0.058
118	2	0.074
118	3	0.162
118	4	0
118	5	0
118	6	0
118	7	0
118	8	0
118	9	0
118	10	0
118	11	0
118	12	0
118	13	0
118	14	0
118	15	0
118	16	0
118	17	0
118	18	0
118	19	0
118	20	0
118	21	0
118	22	0
118	23	0
118	24	0
118	25	0.118
118	26	0
118	27	0
118	28	0
118	29	0.111
118	30	0.167
118	31	0
118	32	0.086
118	33	0
118	34	0
118	35	0
118	36	0.123
118	37	0
118	38	0
118	39	0
118	40	0
118	41	0.25
118	42	0.043
118	43	0
118	44	0
118	45	0
118	46	0
118	47	0
118	48	0.778
118	49	0.293
118	50	0.2
119	0	0
119	1	0
119	2	0
119	3	0
119	4	0
119	5	0
119	6	0
119	7	0
119	8	0
119	9	0
119	10	0
119	11	0
119	12	0
119	13	0
119	14	0
119	15	0
119	16	0
119	17	0
119	18	0
119	19	0
119	20	0
119	21	0
119	22	0
119	23	0
119	24	0
119	25	0
119	26	0
119	27	0
119	28	0
119	29	0
119	30	0
119	31	0
119	32	0
119	33	0
119	34	0
119	35	0
119	36	0
119	37	0
119	38	0
119	39	0
119	40	0
119	41	0
119	42	0
119	43	0
119	44	0
119	45	0
119	46	0
119	47	0
119	48	0.5
119	49	0.242
119	50	0.097
120	0	0
120	1	0
120	2	0
120	3	0
120	4	0
120	5	0
120	6	0
120	7	0
120	9	0
120	10	0
120	11	0
120	12	0
120	13	0
120	14	0
120	15	0
120	16	0
120	17	0
120	18	0
120	19	0
120	20	0
120	21	0
120	22	0
120	23	0
120	24	0
120	25	0
120	26	0
120	27	0
120	28	0
120	29	0
120	30	0
120	31	0
120	32	0
120	33	0
120	34	0
120	35	0
120	36	0
120	37	0
120	38	0
120	39	0
120	40	0
120	42	0
120	44	0
120	45	0
120	46	0
120	47	0
120	48	0.4
120	49	0.096
120	50	0.013
121	0	0
121	1	0
121	2	0.065
121	3	0
121	4	0
121	5	0
121	6	0
121	7	0
121	8	0
121	9	0
121	10	0
121	11	0
121	12	0
121	13	0
121	14	0
121	15	0
121	16	0
121	17	0
121	18	0
121	19	0
121	20	0
121	21	0
121	22	0
121	23	0
121	24	0
121	25	0
121	26	0
121	27	0
121	28	0
121	29	0
121	30	0
121	31	0
121	32	0
121	33	0
121	34	0
121	35	0
121	36	0
121	37	0
121	38	0
121	39	0
121	40	0
121	41	0
121	42	0
121	43	0
121	44	0
121	45	0
121	46	0
121	47	0
121	48	0.1
121	49	0.078
121	50	0.056
122	0	0.026
122	1	0
122	2	0
122	3	0
122	5	0
122	6	0
122	7	0
122	8	0
122	9	0
122	10	0
122	11	0
122	12	0
122	13	0
122	14	0
122	15	0
122	16	0
122	17	0
122	18	0
122	19	0
122	20	0
122	21	0
122	22	0
122	23	0
122	24	0
122	25	0
122	26	0
122	27	0
122	28	0
122	29	0
122	30	0
122	31	0
122	32	0
122	33	0
122	34	0
122	35	0
122	36	0
122	37	0
122	38	0
122	39	0
122	40	0
122	41	0
122	42	0
122	43	0
122	44	0
122	45	0
122	46	0
122	47	0
122	48	0.222
122	49	0.028
122	50	0
123	0	0
123	1	0
123	2	0
123	3	0
123	4	0
123	5	0
123	6	0
123	7	0
123	8	0
123	9	0
123	11	0
123	12	0
123	13	0
123	14	0
123	15	0
123	16	0
123	17	0
123	18	0
123	19	0
123	20	0
123	21	0
123	22	0
123	23	0
123	24	0
123	25	0
123	26	0
123	27	0
123	28	0
123	29	0
123	30	0
123	31	0
123	32	0
123	33	0
123	34	0
123	36	0
123	37	0
123	38	0
123	39	0
123	40	0
123	42	0
123	44	0
123	45	0
123	46	0
123	47	0
123	48	0
123	49	0
123	50	0
124	0	0
124	1	0
124	2	0
124	3	0
124	4	0
124	5	0
124	6	0
124	7	0
124	8	0
124	9	0
124	10	0
124	11	0
124	12	0
124	13	0
124	14	0
124	15	0
124	16	0
124	17	0
124	18	0
124	19	0
124	20	0
124	21	0
124	22	0
124	23	0
124	24	0
124	25	0
124	26	0
124	27	0
124	28	0
124	29	0
124	30	0
124	31	0
124	32	0
124	33	0
124	34	0
124	35	0
124	36	0
124	37	0
124	38	0
124	39	0
124	40	0
124	42	0
124	43	0
124	44	0
124	45	0
124	46	0
124	47	0
124	48	0
124	49	0.048
124	50	0.088
125	0	0.056
125	1	0
125	2	0.024
125	3	0
125	5	0
125	6	0
125	7	0
125	8	0
125	9	0
125	10	0
125	11	0
125	12	0
125	13	0
125	14	0
125	15	0
125	16	0
125	17	0
125	18	0
125	19	0
125	20	0
125	21	0
125	22	0
125	23	0
125	24	0
125	25	0
125	26	0
125	27	0
125	28	0
125	29	0
125	30	0
125	31	0
125	32	0
125	33	0
125	34	0
125	35	0
125	36	0
125	37	0
125	38	0
125	39	0
125	40	0
125	41	0
125	42	0
125	43	0
125	44	0
125	45	0
125	46	0
125	47	0
125	48	0.125
125	49	0.063
125	50	0.029
126	0	0.013
126	1	0
126	2	0
126	3	0
126	4	0
126	5	0
126	6	0
126	7	0
126	8	0
126	9	0
126	10	0
126	11	0
126	12	0
126	13	0
126	14	0
126	15	0
126	16	0
126	17	0
126	18	0
126	19	0
126	20	0
126	21	0
126	22	0
126	23	0
126	24	0
126	25	0
126	26	0
126	27	0
126	28	0
126	29	0
126	30	0
126	31	0
126	32	0
126	33	0
126	34	0
126	35	0
126	36	0
126	37	0
126	38	0
126	39	0
126	40	0
126	42	0
126	43	0
126	44	0
126	45	0
126	46	0
126	47	0
126	48	0.125
126	49	0.072
126	50	0
127	0	0
127	1	0
127	2	0
127	3	0
127	4	0
127	6	0
127	7	0
127	9	0
127	10	0
127	11	0
127	12	0
127	13	0
127	14	0
127	16	0
127	17	0
127	18	0
127	20	0
127	22	0
127	23	0
127	24	0
127	25	0
127	27	0
127	29	0
127	30	0
127	32	0
127	34	0
127	36	0
127	38	0
127	40	0
127	43	0
127	44	0
127	46	0
127	47	0
127	48	0
127	49	0.2
127	50	0
128	0	0
128	1	0
128	2	0
128	3	0.069
128	4	0
128	5	0
128	6	0
128	7	0
128	8	0
128	9	0
128	10	0
128	11	0
128	12	0
128	13	0
128	14	0
128	15	0
128	16	0
128	17	0
128	18	0
128	19	0
128	20	0
128	21	0
128	22	0
128	23	0
128	24	0
128	25	0
128	26	0
128	27	0
128	28	0
128	29	0
128	30	0
128	31	0
128	32	0
128	33	0
128	34	0
128	35	0
128	36	0.017
128	37	0
128	38	0
128	39	0
128	40	0
128	41	0
128	42	0
128	43	0
128	44	0
128	45	0
128	46	0
128	47	0
128	48	0
128	49	0.059
128	50	0.028
129	0	0
129	1	0
129	2	0
129	3	0
129	4	0
129	5	0
129	6	0
129	7	0
129	8	0
129	9	0
129	10	0
129	11	0
129	12	0
129	13	0
129	14	0
129	15	0
129	16	0
129	17	0
129	18	0
129	19	0
129	20	0
129	21	0
129	22	0
129	23	0
129	24	0
129	25	0
129	26	0
129	27	0
129	28	0
129	29	0
129	30	0
129	31	0
129	32	0
129	33	0
129	34	0
129	35	0
129	36	0
129	37	0
129	38	0
129	39	0
129	40	0
129	42	0
129	43	0
129	44	0
129	45	0
129	46	0
129	47	0
129	48	0.2
129	49	0.109
129	50	0.108
130	0	0.037
130	1	0
130	2	0.174
130	3	0
130	4	0
130	5	0
130	6	0
130	7	0
130	8	0
130	9	0
130	10	0
130	11	0
130	12	0
130	13	0
130	14	0
130	15	0
130	16	0
130	17	0
130	18	0
130	19	0
130	20	0
130	21	0
130	22	0
130	23	0
130	24	0
130	25	0
130	26	0
130	27	0
130	28	0
130	29	0
130	30	0
130	32	0.077
130	33	0
130	34	0
130	35	0
130	36	0.3
130	37	0
130	38	0.143
130	39	0
130	40	0
130	41	0
130	42	0
130	43	0
130	44	0
130	45	0
130	46	0
130	47	0
130	48	0.5
130	49	0.151
130	50	0.071
131	0	0.019
131	1	0
131	2	0
131	3	0
131	4	0
131	5	0
131	6	0
131	7	0
131	8	0
131	9	0
131	10	0
131	11	0
131	12	0
131	13	0
131	14	0
131	15	0
131	16	0
131	17	0
131	18	0
131	19	0
131	20	0
131	21	0
131	22	0
131	23	0
131	24	0
131	25	0
131	26	0
131	27	0
131	28	0
131	29	0
131	30	0
131	31	0
131	32	0.048
131	33	0
131	34	0
131	35	0
131	36	0.049
131	37	0
131	38	0.091
131	39	0
131	40	0
131	41	0
131	42	0
131	43	0
131	44	0
131	45	0
131	46	0
131	47	0
131	48	0.111
131	49	0.069
131	50	0.129
132	0	0
132	1	0
132	2	0
132	3	0
132	4	0
132	5	0
132	6	0
132	7	0
132	8	0
132	9	0
132	11	0
132	12	0
132	13	0
132	14	0
132	15	0
132	16	0
132	17	0
132	18	0
132	19	0
132	20	0
132	21	0
132	22	0
132	23	0
132	24	0
132	25	0
132	26	0
132	27	0
132	29	0
132	30	0
132	31	0
132	32	0
132	33	0
132	34	0
132	35	0
132	36	0.038
132	37	0
132	38	0
132	39	0
132	40	0
132	41	0
132	42	0
132	43	0
132	44	0
132	45	0
132	46	0
132	47	0
132	48	0.5
132	49	0.097
132	50	0.105
133	0	0
133	1	0
133	2	0
133	3	0
133	4	0
133	5	0
133	6	0
133	7	0
133	9	0
133	10	0
133	11	0
133	12	0
133	14	0
133	15	0
133	16	0
133	17	0
133	18	0
133	19	0
133	20	0
133	21	0
133	22	0
133	25	0
133	27	0
133	28	0
133	29	0
133	30	0
133	31	0
133	32	0
133	33	0
133	34	0
133	36	0
133	37	0
133	38	0
133	40	0
133	42	0
133	44	0
133	46	0
133	47	0
133	48	0
133	49	0
133	50	0.065
134	0	0
134	1	0
134	2	0
134	3	0
134	4	0
134	5	0
134	6	0
134	7	0
134	8	0
134	9	0
134	10	0
134	11	0
134	12	0
134	13	0
134	14	0
134	15	0
134	16	0
134	17	0
134	18	0
134	19	0
134	20	0
134	21	0
134	22	0
134	23	0
134	24	0
134	25	0
134	26	0
134	27	0
134	28	0
134	29	0
134	30	0
134	31	0
134	32	0
134	33	0
134	34	0
134	35	0
134	36	0
134	37	0
134	38	0
134	39	0
134	40	0
134	41	0
134	42	0
134	43	0
134	44	0
134	45	0
134	46	0
134	47	0
134	48	0.385
134	49	0.113
134	50	0.071
135	0	0
135	1	0
135	2	0
135	3	0
135	4	0
135	5	0
135	6	0
135	7	0
135	8	0
135	9	0
135	11	0
135	12	0
135	13	0
135	14	0
135	15	0
135	16	0
135	17	0
135	18	0
135	19	0
135	20	0
135	21	0
135	22	0
135	23	0
135	24	0
135	25	0
135	26	0
135	27	0
135	28	0
135	29	0
135	30	0
135	31	0
135	32	0
135	33	0
135	34	0
135	35	0
135	36	0
135	37	0
135	38	0
135	40	0
135	42	0
135	43	0
135	44	0
135	45	0
135	46	0
135	47	0
135	48	0
135	49	0.102
135	50	0.114
136	0	0
136	1	0
136	2	0.1
136	3	0
136	4	0
136	5	0
136	6	0
136	7	0
136	8	0
136	9	0
136	11	0
136	12	0
136	14	0
136	15	0
136	16	0
136	17	0
136	18	0
136	19	0
136	20	0
136	21	0
136	22	0
136	23	0
136	24	0
136	25	0
136	26	0
136	27	0
136	29	0
136	30	0
136	31	0
136	32	0
136	33	0
136	34	0
136	35	0
136	36	0
136	38	0
136	39	0
136	40	0
136	42	0
136	44	0
136	45	0
136	46	0
136	47	0
136	48	0
136	49	0.182
136	50	0.105
137	0	0.04
137	1	0
137	2	0
137	3	0
137	4	0
137	5	0
137	6	0
137	7	0
137	8	0
137	9	0
137	10	0
137	11	0
137	12	0
137	13	0
137	14	0.03
137	15	0
137	16	0
137	17	0
137	18	0
137	19	0
137	20	0
137	21	0
137	22	0
137	23	0
137	24	0
137	25	0
137	27	0
137	28	0
137	29	0
137	30	0
137	31	0
137	32	0
137	33	0
137	34	0
137	35	0
137	36	0
137	38	0
137	39	0
137	40	0
137	42	0
137	43	0
137	44	0
137	45	0
137	46	0
137	47	0
137	48	0.333
137	49	0.087
137	50	0.032
138	0	0
138	1	0
138	2	0
138	3	0
138	4	0
138	5	0
138	6	0
138	7	0
138	8	0
138	9	0
138	10	0
138	11	0
138	12	0
138	13	0
138	14	0
138	15	0
138	16	0
138	17	0
138	18	0
138	19	0
138	20	0
138	21	0
138	22	0
138	23	0
138	24	0
138	25	0
138	26	0
138	27	0
138	28	0
138	29	0
138	30	0
138	31	0
138	32	0
138	33	0
138	34	0
138	35	0
138	36	0
138	37	0
138	38	0
138	39	0
138	40	0
138	41	0
138	42	0
138	44	0
138	45	0
138	46	0
138	47	0
138	48	0
138	49	0.033
138	50	0
139	0	0
139	1	0
139	2	0.033
139	3	0
139	4	0
139	5	0
139	6	0
139	7	0
139	8	0
139	9	0
139	10	0
139	11	0
139	12	0
139	13	0
139	14	0
139	15	0
139	16	0
139	17	0
139	18	0
139	19	0
139	20	0
139	21	0
139	22	0
139	23	0
139	24	0
139	25	0
139	26	0
139	27	0
139	28	0
139	29	0
139	30	0
139	31	0
139	32	0
139	33	0
139	34	0
139	35	0
139	36	0
139	37	0
139	38	0
139	39	0
139	40	0
139	41	0
139	42	0
139	43	0
139	44	0
139	45	0
139	46	0
139	47	0
139	48	0.25
139	49	0.214
139	50	0.066
140	0	0
140	1	0
140	2	0
140	3	0
140	4	0
140	5	0
140	6	0
140	7	0
140	8	0
140	9	0
140	10	0
140	11	0
140	12	0
140	13	0
140	14	0
140	15	0
140	16	0
140	17	0
140	18	0
140	19	0
140	20	0
140	21	0
140	22	0
140	23	0
140	24	0
140	25	0
140	26	0
140	27	0
140	28	0
140	29	0
140	30	0
140	31	0
140	32	0
140	33	0
140	34	0
140	35	0
140	36	0
140	37	0
140	38	0
140	39	0
140	40	0
140	42	0
140	43	0
140	44	0
140	45	0
140	46	0
140	47	0
140	48	0.333
140	49	0.129
140	50	0.078
141	0	0
141	1	0
141	2	0
141	3	0
141	5	0
141	7	0
141	9	0
141	10	0
141	12	0
141	13	0
141	14	0
141	16	0
141	17	0
141	18	0
141	20	0
141	21	0
141	22	0
141	23	0
141	24	0
141	25	0
141	26	0
141	29	0
141	31	0
141	32	0
141	33	0
141	34	0
141	36	0
141	38	0
141	39	0
141	40	0
141	42	0
141	43	0
141	44	0
141	46	0
141	47	0
141	48	1
141	49	0.278
141	50	0
