"time"	"distance"	"value"
36	0	0.4
36	1	0.667
36	2	0.333
36	3	0.444
36	4	0.462
36	13	1
36	14	0.625
36	15	0.5
36	16	0
36	17	0.143
36	18	0.5
36	19	0.5
36	20	0.667
36	21	1
36	22	0.545
36	23	0
36	24	0.64
36	25	0.386
36	26	0.143
36	27	0.444
36	28	0.167
36	29	0.667
36	30	0.286
36	31	0.077
36	32	0
36	33	0
36	34	0
36	35	0
36	36	0
36	37	0
36	38	0
36	39	0
36	40	0
36	41	0
36	42	0
36	43	0
36	44	0
36	45	0
36	46	0
36	47	0
36	48	0
36	49	0
36	52	0
36	53	0
36	54	0
36	55	0
36	56	0
36	57	0
36	58	0
36	59	0
36	60	0
36	61	0
36	62	0.167
36	63	0
36	64	0
36	66	0
36	68	0
36	69	0
36	70	0
36	71	0
36	72	0
36	73	0
37	5	0.333
37	6	0
37	7	0.222
37	9	0.4
37	10	0.471
37	11	0.5
37	12	0.75
37	13	0.667
37	14	0.545
37	15	0.75
37	16	0.667
37	17	0.4
37	18	0.333
37	19	0.556
37	20	1
37	21	0.8
37	22	0.733
37	23	1
37	24	0.829
37	25	0.483
37	26	0.529
37	27	0.308
37	28	0.25
37	29	0.444
37	30	0.455
37	31	0.188
37	32	0.5
37	33	0
37	34	0.286
37	35	0
37	36	0.25
37	37	0
37	38	0.071
37	39	0
37	40	0
37	41	0
37	42	0
37	43	0
37	44	0
37	45	0
37	46	0
37	47	0
37	48	0
37	49	0
37	50	0
37	52	0
37	53	0
37	55	0
37	56	0
37	57	0.25
38	0	0.2
38	1	0.48
38	2	0.556
38	3	0.182
38	4	0.312
38	5	0.333
38	6	0.333
38	7	0.143
38	8	0
38	9	0.2
38	10	0.364
38	11	0.421
38	12	0.273
38	13	0.333
38	14	0.294
38	15	0.4
38	16	1
38	17	0.25
38	18	0
38	19	0.25
38	20	0
38	21	0.167
38	22	0.308
38	23	0.5
38	24	0.391
38	25	0.238
38	26	0.067
38	27	0.077
38	28	0
38	29	0
38	30	0.231
38	31	0.111
38	32	0.25
38	33	0.222
38	34	0
38	35	0
38	36	0
38	37	0.3
38	38	0.095
38	57	0
38	58	0.2
38	59	0
38	60	0.25
38	61	0.125
38	62	0.077
38	63	0
38	64	0
38	66	0
38	67	0
38	68	0
38	69	0
38	70	0
38	71	0
38	72	0
38	73	0
39	0	0.655
39	1	0.588
39	2	0.727
39	3	0.333
39	4	0.667
39	5	0.455
39	6	0.667
39	7	0.556
39	8	0.5
39	9	0
39	10	0.615
39	11	0.789
39	12	0.923
39	13	0.92
39	14	1
39	15	1
39	16	1
39	17	0.5
39	18	0.667
39	19	0.75
39	20	0.667
39	21	0.667
39	22	0.727
39	23	1
39	24	0.7
39	25	0.667
39	26	0.588
39	27	0.444
39	28	0.143
39	29	0.143
39	30	0.2
39	31	0.389
39	32	0.25
39	33	0.125
39	34	0.333
39	35	0
39	36	0.333
39	37	0.1
39	38	0
39	39	0
39	40	0
39	41	0
39	42	0
39	43	0
39	44	0
39	45	0
39	46	0
39	47	0
39	48	0
39	49	0
39	50	0
39	51	0
39	52	0
39	53	0
39	54	0
39	55	0
39	56	0
39	57	0
39	58	0
39	59	0
39	60	0
39	61	0
39	62	0.059
39	63	0
39	64	0
39	66	0
39	67	0
39	68	0
39	69	0
39	70	0
39	71	0
39	72	0
39	73	0
40	0	0.208
40	1	0.606
40	2	0.176
40	3	0.308
40	4	0.231
40	5	0
40	6	0.2
40	7	0.273
40	8	0.2
40	9	0.571
40	10	0.263
40	11	0.167
40	12	0.357
40	13	0.393
40	14	0.412
40	15	0.25
40	16	1
40	17	0.2
40	18	0.167
40	19	0.444
40	20	0.333
40	21	0.5
40	22	0.412
40	23	0.857
40	24	0.5
40	25	0.219
40	26	0.154
40	27	0
40	38	0.043
40	39	0.125
40	40	0.071
40	41	0.2
40	42	0.143
40	43	0
40	44	0.143
40	45	0
40	46	0.25
40	47	0
40	48	0.2
40	49	0
40	51	0.333
40	52	0
40	53	0.2
40	54	0
40	55	0
40	56	0
40	57	0
40	58	0
40	59	0
40	60	0
40	61	0
40	62	0
40	64	0
40	66	0
40	68	0
40	70	0
40	71	0
40	72	0
40	73	0
41	0	0.292
41	1	0.259
41	2	0.167
41	3	0.083
41	4	0
41	5	0.25
41	6	0.125
41	7	0
41	8	0
41	9	0.25
41	27	0.125
41	28	0
41	29	0
41	30	0
41	31	0.105
41	32	0.143
41	33	0.286
41	34	0
41	35	0.2
41	36	0.167
41	37	0.095
41	38	0
41	39	0
41	40	0
41	41	0
41	42	0
41	43	0
41	44	0
41	45	0
41	46	0
41	47	0
41	48	0
41	49	0
41	50	0
41	51	0
41	52	0
41	53	0
41	54	0
41	55	0
41	56	0
41	57	0
41	58	0
41	59	0
41	60	0
41	61	0
41	62	0.05
41	63	0
41	64	0
41	66	0
41	67	0
41	68	0
41	69	0
41	70	0
41	71	0
41	72	0
41	73	0.048
42	10	0.214
42	11	0.2
42	12	0.308
42	13	0.3
42	14	0.429
42	15	0.222
42	16	0
42	17	0
42	18	0.167
42	19	0
42	20	0
42	21	0.167
42	22	0.158
42	23	0.286
42	24	0.256
42	25	0.057
42	26	0
42	27	0
42	28	0
42	29	0.133
42	30	0
42	31	0
42	32	0
42	33	0
42	34	0
42	35	0
42	36	0
42	37	0.037
42	38	0.061
42	39	0.053
42	40	0.1
42	41	0
42	42	0.154
42	43	0
42	44	0.143
42	45	0
42	46	0.125
42	47	0.5
42	48	0
42	49	0
42	50	0.5
42	51	0
42	52	0
42	53	0.111
42	55	0
42	56	0
42	57	0
42	58	0
42	59	0
42	60	0
42	61	0
42	62	0
42	63	0
42	64	0
42	65	0
42	68	0
42	69	0
42	70	0
42	71	0
42	72	0
42	73	0
43	0	0.265
43	1	0.5
43	2	0.364
43	3	0.273
43	4	0.438
43	5	0.5
43	6	0.143
43	7	0.333
43	8	0
43	9	0.25
43	10	0.5
43	11	0.308
43	12	0.429
43	13	0.385
43	14	0.5
43	15	0.5
43	16	0
43	17	0
43	18	0.5
43	19	0.167
43	20	1
43	21	0.167
43	22	0.364
43	23	0.667
43	24	0.441
43	25	0.389
43	26	0.211
43	27	0
43	28	0.125
43	29	0.167
43	30	0.091
43	31	0.048
43	33	0
43	34	0
43	35	0
43	36	0
43	37	0
43	38	0
43	39	0
43	40	0
43	41	0
43	42	0
43	43	0
43	44	0
43	45	0
43	46	0
43	47	0
43	48	0
43	51	0
43	53	0
43	55	0
43	56	0
43	57	0
43	58	0
43	59	0
43	60	0
43	61	0
43	62	0
43	63	0
43	65	0
43	66	0
43	68	0
43	69	0
43	70	0
43	72	0
43	73	0.031
44	0	0.429
44	1	0.696
44	2	0.5
44	3	0.083
44	4	0.583
44	5	0.455
44	6	0.5
44	7	0.222
44	8	0.667
44	9	0.5
44	10	0.692
44	11	0.667
44	12	0.778
44	13	0.679
44	14	0.462
44	15	0.6
44	16	0
44	17	0
44	18	0
44	19	0.429
44	20	0.2
44	21	0.4
44	22	0.533
44	23	0.8
44	24	0.615
44	25	0.316
44	26	0.3
44	27	0.091
44	28	0.143
44	29	0
44	30	0.214
44	31	0.323
44	32	0
44	33	0.286
44	34	0.214
44	35	0
44	36	0.154
44	37	0.125
44	38	0
44	39	0
44	40	0.069
44	41	0
44	42	0
44	43	0
44	44	0
44	45	0
44	46	0
44	47	0
44	48	0
44	49	0
44	50	0
44	51	0
44	52	0
44	53	0
44	55	0
44	56	0
44	57	0
44	58	0
44	59	0
44	60	0
44	61	0
44	62	0
44	63	0
44	66	0
44	69	0
44	70	0
44	72	0
44	73	0
45	0	0.341
45	1	0.444
45	2	0.133
45	3	0.143
45	4	0.294
45	5	0.444
45	6	0.111
45	7	0.273
45	8	0.5
45	9	0.222
45	10	0.385
45	11	0.385
45	12	0.55
45	13	0.464
45	14	0.474
45	15	0.333
45	17	0.154
45	18	0
45	19	0.571
45	20	0.091
45	21	0
45	22	0.348
45	23	0.625
45	24	0.74
45	25	0.487
45	26	0.286
45	27	0.211
45	28	0.1
45	29	0.125
45	30	0.4
45	40	0
45	41	0
45	42	0
45	43	0
45	44	0
45	45	0
45	46	0
45	47	0
45	48	0
45	49	0
45	50	0
45	51	0
45	52	0
45	53	0
45	55	0
45	56	0
45	57	0
45	58	0
45	59	0
45	60	0
45	61	0
45	62	0
45	63	0
45	64	0
45	66	0
45	67	0
45	68	0
45	69	0
45	70	0
45	71	0
45	72	0
45	73	0.333
46	0	0.6
46	1	0.737
46	2	0.6
46	3	0.412
46	4	0.444
46	5	0.5
46	6	0.292
46	7	0.222
46	8	0.286
46	9	0.1
46	10	0.714
46	11	0.591
46	30	0.333
46	31	0.361
46	32	0.5
46	33	0.133
46	34	0.2
46	35	0.25
46	36	0.3
46	37	0.087
46	38	0.081
46	39	0
46	40	0
46	41	0
46	42	0
46	43	0
46	44	0
46	45	0
46	46	0
46	47	0
46	48	0
46	49	0
46	50	0
46	51	0
46	52	0
46	53	0
46	55	0
46	56	0
46	57	0
46	58	0
46	59	0
46	60	0
46	61	0
46	62	0.05
46	63	0
46	64	0
46	65	0
46	66	0
46	67	0
46	68	0
46	69	0
46	70	0
46	71	0
46	72	0
46	73	0
47	11	0.5
47	12	0.438
47	13	0.655
47	14	0.625
47	15	0.6
47	16	1
47	17	0.4
47	18	0.5
47	19	0.273
47	20	0.429
47	21	0.429
47	22	0.652
47	23	0.625
47	24	0.833
47	25	0.761
47	26	0.375
47	27	0.5
47	28	0.091
47	29	0.333
47	30	0.176
47	31	0.405
47	32	0.375
47	33	0.364
47	34	0.444
47	35	0.571
47	36	0.375
47	37	0.233
47	38	0.167
47	39	0.2
47	40	0.25
47	41	0
47	42	0.125
47	43	0
47	44	0
47	45	0
47	46	0.222
47	47	0
47	48	0
47	49	0
47	51	0
47	52	0.25
47	53	0.154
47	55	0.111
47	56	0.214
47	57	0
47	58	0.167
47	59	0.111
47	60	0.333
47	61	0.1
47	62	0.056
47	63	0
47	64	0
48	0	0.24
48	1	0.324
48	2	0.154
48	3	0.083
48	4	0
48	5	0
48	6	0.143
48	7	0.111
48	8	0.25
48	9	0.5
48	10	0.25
48	11	0.188
48	12	0.333
48	13	0.35
48	14	0.389
48	15	0
48	16	0
48	17	0
48	18	0.25
48	19	0.143
48	20	0.25
48	21	0.375
48	22	0.333
48	23	0.625
48	24	0.357
48	25	0.258
48	26	0.067
48	27	0
48	28	0
48	29	0.091
48	30	0
48	31	0
48	32	0
48	33	0
48	34	0
48	35	0.333
48	36	0.222
48	37	0
48	38	0
48	39	0
48	40	0
48	41	0
48	42	0
48	43	0
48	44	0
48	45	0
48	46	0
48	47	0
48	48	0
48	49	0
48	51	0
48	52	0
48	53	0
48	54	0
48	55	0
48	56	0
48	57	0
48	58	0
48	59	0
48	60	0
48	61	0.25
48	62	0
48	63	0
48	64	0
48	65	0
48	66	0
48	67	0
48	68	0
48	69	0
48	70	0
48	71	0
48	72	0
48	73	0.333
49	0	0.464
49	1	0.606
49	2	0.333
49	3	0.25
49	4	0.091
49	5	0.286
49	6	0.091
49	7	0.5
49	8	0.583
49	9	0.467
49	10	0.625
49	11	0.667
49	12	0.722
49	13	0.545
49	14	0.4
49	15	0.556
49	16	0.5
49	17	0.5
49	18	0.5
49	19	0.545
49	20	0.4
49	21	0.286
49	22	0.421
49	23	0.818
49	24	0.791
49	25	0.545
49	26	0.211
49	27	0.154
49	28	0
49	29	0
49	30	0.312
49	31	0.333
49	32	0
49	33	0.2
49	34	0.2
49	35	0.2
49	36	0
49	37	0.158
49	38	0.16
49	39	0
49	40	0
49	41	0
49	42	0
49	43	0
49	44	0
49	45	0
49	46	0
49	47	0
49	48	0
49	49	0
49	50	0
49	52	0
49	53	0
49	55	0
49	56	0
49	57	0
49	59	0
49	60	0
49	61	0
49	62	0
49	64	0
49	65	0
49	67	0
49	69	0
49	70	0
49	71	0
49	72	0
49	73	0
50	0	0.583
50	1	0.644
50	2	0.556
50	3	0.5
50	4	0.538
50	5	0.364
50	6	0.286
50	7	0.333
50	8	0.429
50	9	0.471
50	10	0.767
50	11	0.522
50	12	0.625
50	13	0.63
50	14	0.619
50	15	0.545
50	16	0
50	17	0.455
50	18	0.429
50	19	0.538
50	20	0.5
50	21	0.385
50	22	0.414
50	23	0.636
50	24	0.703
50	25	0.659
50	26	0.375
50	27	0.5
50	28	0.154
50	29	0.222
50	30	0.222
50	31	0.314
50	32	0
50	33	0
50	34	0
50	35	0.2
50	55	0
50	56	0
50	57	0
50	58	0
50	59	0
50	60	0
50	61	0
50	62	0.083
50	63	0
50	66	0
50	69	0
50	70	0
50	72	0
50	73	0.029
51	0	0.548
51	1	0.853
51	2	0.571
51	3	0.455
51	4	0.333
51	5	0.444
51	6	0.222
51	7	0.5
51	8	0.4
51	9	0.571
51	10	0.842
51	11	0.733
51	12	0.938
51	13	0.909
51	14	0.846
51	15	0.778
51	16	1
51	17	0.5
51	18	0.6
51	19	0.429
51	20	0
51	21	0.8
51	22	0.688
51	23	0.867
51	24	0.515
51	25	0.228
51	26	0
51	27	0
51	28	0
51	29	0
51	30	0
51	31	0
51	32	0
51	33	0
51	34	0
51	35	0.056
51	36	0.154
51	37	0
51	38	0.043
51	39	0.017
51	40	0
51	41	0
51	42	0
51	43	0
51	44	0
51	45	0.048
51	46	0
51	47	0.1
51	48	0
51	49	0
51	50	0
51	51	0
51	52	0
51	53	0
51	54	0
51	55	0
51	56	0
51	57	0
51	58	0
51	59	0
51	60	0
51	61	0
51	62	0
51	63	0
51	64	0
51	65	0
51	66	0
51	67	0
51	68	0
51	69	0
51	70	0
51	71	0
51	72	0
51	73	0
52	0	0.542
52	1	0.708
52	2	0.556
52	3	0.222
52	4	0.143
52	5	0.2
52	6	0.375
52	7	0.5
52	8	0.7
52	9	0.6
52	10	0.5
52	11	0.273
52	12	0.4
52	13	0.294
52	14	0.556
52	15	0.333
52	16	0
52	17	0
52	18	0
52	19	0.222
52	20	0
52	21	0.333
52	22	0.267
52	23	0.571
52	24	0.615
52	25	0.629
52	26	0.25
52	27	0.286
52	28	0.231
52	29	0.071
52	30	0.12
52	31	0.114
52	32	0.25
52	33	0
52	34	0.083
52	35	0
52	36	0.091
52	37	0.154
52	38	0
52	39	0
52	40	0
52	41	0
52	42	0
52	43	0
52	44	0
52	45	0
52	46	0
52	47	0
52	48	0
52	49	0.167
52	50	0
52	51	0
52	52	0.333
52	53	0
52	55	0
52	56	0
52	57	0
52	58	0
52	59	0
52	60	0
52	61	0.143
52	62	0
52	63	0
52	64	0
52	65	0
52	66	0
52	67	0
52	68	0
52	69	0
52	70	0
52	71	0
52	72	0
52	73	0
53	0	0.096
53	1	0.101
53	2	0.077
53	3	0.059
53	4	0
53	5	0
53	6	0
53	7	0
53	8	0.375
53	9	0.059
53	10	0.107
53	11	0.073
53	12	0.154
53	13	0.194
53	14	0.111
53	15	0.222
53	16	1
53	17	0.25
53	18	0.5
53	19	0
53	20	0.25
53	21	0.429
53	22	0.25
53	23	0.444
53	24	0.31
53	25	0.19
53	26	0.143
53	27	0.1
53	28	0.111
53	29	0
53	30	0.071
53	31	0.095
53	32	0
53	33	0
53	34	0.143
53	35	0
53	36	0.3
53	37	0
53	38	0
53	39	0
53	40	0
53	41	0
53	42	0
53	43	0
53	44	0
53	45	0.1
53	46	0
53	47	0
53	48	0.1
53	49	0
53	50	0
53	51	0
53	52	0
53	53	0
53	54	0
53	55	0
53	56	0
53	57	0
53	58	0
53	59	0
53	60	0
53	61	0
53	62	0
53	63	0
53	64	0
53	65	0
53	66	0
53	67	0
53	68	0
53	69	0
53	70	0
53	71	0
53	72	0.091
53	73	0
54	0	0.517
54	1	0.68
54	2	0.231
54	3	0
54	4	0.182
54	5	0.286
54	6	0.444
54	7	0.25
54	8	0.75
54	9	0.688
54	10	0.846
54	11	0.647
54	12	0.636
54	13	0.262
54	14	0.267
54	15	0.238
54	16	0
54	17	0
54	18	0.25
54	19	0.235
54	20	0.176
54	21	0.154
54	22	0.238
54	23	0.2
54	24	0.481
54	25	0.347
54	26	0.205
54	27	0.154
54	28	0.069
54	29	0.118
54	30	0.088
54	31	0.15
54	32	0
54	33	0
54	34	0
54	35	0
54	36	0.05
54	37	0.111
54	38	0
54	39	0
54	40	0
54	41	0
54	42	0
54	43	0
54	44	0
54	45	0
54	46	0
54	47	0
54	48	0
54	49	0
54	50	0
54	51	0
54	52	0
54	53	0
54	54	0
54	55	0
54	56	0
54	57	0
54	58	0
54	59	0
54	60	0
54	61	0
54	62	0
54	63	0
54	64	0
54	73	0
55	0	0.5
55	1	0.75
55	2	0.526
55	3	0.222
55	4	0.333
55	5	0.25
55	6	0.455
55	7	0.556
55	8	0.8
55	9	0.471
55	10	0.607
55	11	0.407
55	12	0.591
55	13	0.7
55	14	0.6
55	15	0.6
55	16	0.667
55	17	0.333
55	18	0.4
55	19	0.7
55	20	0.4
55	21	0.333
55	22	0.462
55	23	0.933
55	24	0.649
55	25	0.545
55	26	0.529
55	27	0.1
55	28	0.5
55	29	0.4
55	30	0.444
55	31	0.333
55	32	0
55	33	0.167
55	34	0.2
55	35	0
55	36	0.125
55	37	0.133
55	38	0
55	39	0
55	40	0
55	41	0
55	42	0
55	43	0
55	44	0
55	45	0
55	46	0
55	47	0
55	48	0
55	49	0.2
55	52	0.25
55	53	0
55	55	0
55	56	0
55	57	0
55	58	0
55	59	0
55	60	0
55	61	0
55	62	0
55	63	0
55	64	0
55	65	0
55	66	0
55	67	0
55	68	0
55	69	0
55	70	0
55	71	0
55	72	0
55	73	0
56	0	0.188
56	1	0.209
56	2	0.242
56	3	0.125
56	4	0.12
56	5	0.088
56	6	0
56	7	0.154
56	8	0
56	9	0.389
56	10	0.257
56	11	0.234
56	12	0.231
56	13	0.316
56	14	0.125
56	15	0
56	16	0
56	17	0
56	18	0.143
56	19	0.067
56	20	0
56	21	0.111
56	22	0.25
56	23	0.778
56	24	0.651
56	25	0.58
56	26	0.24
56	27	0.25
56	28	0.143
56	29	0.231
56	30	0.188
56	31	0.133
56	32	0
56	33	0
56	34	0.167
56	35	0
56	36	0
56	37	0
56	38	0
56	39	0
56	40	0
56	41	0
56	42	0
56	43	0
56	44	0
56	45	0
56	46	0
56	47	0
56	48	0
56	49	0
56	50	0
56	51	0
56	52	0
56	53	0
56	55	0
56	56	0
56	57	0
56	58	0
56	59	0
56	60	0
56	61	0
56	62	0
56	63	0
56	64	0
56	66	0
56	67	0
56	68	0
56	69	0
56	70	0
56	71	0
56	72	0
56	73	0.01
57	0	0.278
57	1	0.261
57	2	0.1
57	3	0
57	4	0.111
57	5	0.222
57	6	0.143
57	7	0.333
57	8	0
57	9	0.143
57	10	0.286
57	11	0.154
57	12	0.333
57	13	0.25
57	14	0.333
57	15	0.25
57	16	0
57	17	0.286
57	18	0.25
57	19	0.167
57	20	0
57	21	0.4
57	22	0.115
57	23	0.167
57	24	0.153
57	25	0.105
57	26	0
57	27	0.086
57	28	0.125
57	29	0.118
57	30	0.088
57	31	0.106
57	32	0
57	33	0
57	34	0
57	35	0
57	36	0.053
57	37	0
57	38	0
57	39	0
57	40	0
57	41	0
57	42	0
57	43	0
57	44	0
57	45	0
57	46	0
57	47	0
57	48	0
57	49	0
57	50	0
57	51	0
57	52	0
57	53	0
57	55	0
57	56	0
57	57	0
57	58	0
57	59	0
57	60	0
57	61	0
57	62	0
57	63	0
57	64	0
57	65	0
57	66	0
57	68	0
57	69	0
57	70	0
57	71	0
57	72	0
57	73	0.041
58	0	0.161
58	1	0.364
58	2	0.091
58	3	0.167
58	4	0.083
58	5	0.083
58	6	0.429
58	7	0
58	8	0.2
58	9	0
58	10	0.381
58	11	0.238
58	12	0.077
58	13	0.05
58	14	0
58	15	0.1
58	17	0
58	18	0
58	19	0.125
58	20	0
58	21	0
58	22	0
58	23	0
58	24	0.481
58	25	0.391
58	26	0.125
58	27	0.125
58	28	0
58	29	0.167
58	30	0.077
58	31	0.034
58	32	0
58	33	0
58	34	0
58	35	0
58	36	0
58	37	0
58	38	0
58	39	0
58	40	0
58	41	0
58	42	0
58	43	0
58	44	0
58	45	0
58	46	0
58	47	0
58	48	0
58	49	0
58	50	0
58	51	0
58	52	0
58	53	0
58	54	0
58	55	0
58	56	0
58	57	0
58	58	0
58	59	0
58	60	0
58	61	0
58	62	0
58	63	0
58	64	0
58	65	0
58	66	0
58	67	0
58	68	0
58	69	0
58	70	0
58	71	0
58	72	0
58	73	0
59	0	0.567
59	1	0.542
59	2	0.423
59	3	0.238
59	4	0.4
59	5	0.125
59	6	0.213
59	7	0.385
59	8	0.167
59	9	0.545
59	10	0.533
59	11	0.406
59	12	0.333
59	13	0.211
59	14	0.35
59	15	0.267
59	16	1
59	17	0.286
59	18	0.333
59	19	0.2
59	20	0.3
59	21	0.182
59	22	0.526
59	23	0.533
59	24	0.569
59	25	0.531
59	26	0.3
59	27	0.304
59	28	0.333
59	29	0.267
59	30	0.368
59	31	0.194
59	32	0.25
59	33	0.091
59	34	0.167
59	35	0
59	36	0.125
59	37	0.086
59	38	0.029
59	39	0.043
59	40	0
59	41	0
59	42	0
59	43	0
59	44	0
59	45	0
59	46	0
59	47	0
59	48	0
59	49	0
59	50	0
59	51	0
59	52	0
59	53	0
59	54	0
59	55	0
59	56	0
59	57	0
59	58	0
59	59	0
59	60	0
59	61	0
59	62	0
59	63	0
59	64	0
59	65	0
59	66	0
59	67	0
59	68	0
59	69	0
59	70	0
59	71	0
59	72	0
59	73	0
60	0	0.676
60	1	0.584
60	2	0.316
60	3	0.2
60	4	0.192
60	5	0.273
60	6	0.111
60	7	0.227
60	8	0.462
60	9	0.5
60	10	0.574
60	11	0.421
60	12	0.375
60	13	0.415
60	14	0.467
60	15	0.5
60	16	0.667
60	17	0
60	18	0.5
60	19	0
60	20	0
60	21	0.25
60	22	0.6
60	23	1
60	24	0.769
60	25	0.5
60	26	0.667
60	27	0.25
60	28	0.667
60	29	0.333
60	30	0.4
60	31	0.333
60	33	0
60	34	1
60	35	0
60	36	0.5
60	37	0.125
60	38	0
60	39	0
60	40	0
60	41	0
60	42	0
60	43	0
60	44	0
60	45	0
60	46	0
60	47	0
60	48	0
60	49	0
60	50	0
60	51	0
60	52	0
60	53	0
60	54	0
60	55	0
60	56	0
60	57	0
60	58	0
60	59	0
60	60	0
60	61	0
60	62	0
60	63	0
60	64	0
60	65	0
60	66	0
60	67	0
60	68	0
60	69	0
60	70	0
60	71	0
60	72	0.111
60	73	0.095
61	13	0.267
61	14	0.235
61	15	0.333
61	16	0.6
61	17	0.211
61	18	0.4
61	19	0.417
61	20	0.25
61	21	0.455
61	22	0.444
61	23	0.579
61	24	0.587
61	25	0.351
61	26	0.179
61	27	0.207
61	28	0.1
61	29	0.389
61	30	0.333
61	31	0.213
61	32	0.125
61	33	0.067
61	34	0
61	35	0.125
61	36	0.3
61	37	0.05
61	38	0.054
61	39	0
61	40	0
61	41	0
61	42	0
61	43	0
61	44	0
61	45	0
61	46	0
61	47	0
61	48	0
61	49	0
61	50	0
61	51	0
61	52	0
61	53	0
61	54	0
61	55	0
61	56	0
61	57	0
61	58	0
61	59	0
61	60	0
61	61	0
61	62	0
61	63	0
61	64	0
61	65	0
61	66	0
61	67	0
61	68	0
61	69	0
61	70	0
61	71	0
61	72	0
61	73	0.043
62	0	0.411
62	1	0.333
62	2	0.205
62	3	0.161
62	4	0.179
62	5	0.2
62	6	0.08
62	7	0.043
62	8	0
62	9	0.471
62	10	0.625
62	11	0.263
62	12	0.273
62	13	0.348
62	14	0.389
62	15	0.545
62	16	0
62	17	0.182
62	18	0.2
62	19	0.333
62	20	0.125
62	21	0.167
62	22	0.353
62	23	0.667
62	24	0.548
62	25	0.464
62	26	0.533
62	27	0.182
62	28	0.091
62	29	0
62	30	0.077
62	31	0.233
62	32	0.4
62	33	0
62	34	0
62	35	0
62	36	0.1
62	37	0.13
62	38	0
62	39	0
62	40	0
62	41	0
62	42	0
62	43	0
62	44	0
62	45	0
62	46	0
62	47	0
62	48	0
62	49	0
62	50	0
62	51	0
62	52	0
62	53	0
62	54	0
62	55	0
62	56	0.143
62	57	0
62	58	0
62	59	0
62	60	0
62	61	0
62	62	0
62	63	0
62	64	0
62	65	0
62	66	0
62	67	0
62	68	0
62	69	0
62	70	0
62	71	0
62	72	0
62	73	0.043
63	0	0.45
63	1	0.68
63	2	0.667
63	3	0.375
63	4	0.333
63	5	0.167
63	6	0.4
63	7	0.75
63	8	0.5
63	9	0.143
63	10	0.256
63	11	0.225
63	12	0.208
63	13	0.209
63	14	0.2
63	15	0.154
63	16	0
63	17	0.111
63	18	0.4
63	19	0.091
63	20	0
63	21	0.214
63	22	0.304
63	23	0.2
63	24	0.383
63	25	0.059
63	26	0.108
63	27	0.057
63	28	0
63	29	0.05
63	30	0.038
63	31	0.029
63	32	0
63	33	0
63	34	0
63	35	0
63	36	0
63	37	0.029
63	38	0
63	39	0
63	40	0
63	41	0
63	42	0
63	43	0
63	44	0
63	45	0
63	46	0
63	47	0
63	48	0
63	49	0
63	50	0
63	51	0
63	52	0
63	53	0
63	55	0
63	56	0
63	57	0
63	58	0.333
63	59	0
63	60	0.25
63	61	0
63	62	0
63	63	0
63	65	0
63	66	0
63	68	0
63	69	0
63	70	0
63	71	0
63	72	0
63	73	0.014
64	0	0.39
64	1	0.5
64	2	0.346
64	3	0.067
64	4	0.15
64	5	0.1
64	6	0.286
64	7	0.143
64	8	0.25
64	9	0.4
64	10	0.421
64	11	0.25
64	12	0.364
64	13	0.417
64	14	0.471
64	15	0.667
64	16	0.5
64	17	0.3
64	18	0.222
64	19	0.333
64	20	0.333
64	21	0.5
64	22	0.5
64	23	0.286
64	24	0.688
64	25	0.273
64	26	0.312
64	27	0.077
64	28	0
64	41	0
64	42	0
64	43	0
64	44	0
64	45	0
64	46	0
64	47	0
64	48	0
64	49	0
64	51	0
64	52	0
64	53	0
64	54	0
64	55	0.077
64	56	0
64	57	0.077
64	58	0
64	59	0
64	60	0.077
64	61	0
64	62	0
64	63	0
64	64	0
64	66	0
64	67	0
64	68	0
64	69	0
64	70	0
64	71	0
64	72	0
64	73	0.145
65	0	0.431
65	1	0.479
65	2	0.346
65	3	0.3
65	4	0.24
65	5	0
65	6	0.111
65	7	0.083
65	8	0
65	9	0.182
65	10	0.429
65	11	0.214
65	12	0.308
65	13	0.185
65	14	0.125
65	15	0.1
65	16	0
65	17	0
65	18	0
65	19	0
65	20	0
65	21	0
65	22	0.333
65	23	0.2
65	24	0.222
65	25	0
65	26	0
65	27	0
65	28	0.167
65	29	0.25
65	30	0.176
65	31	0.25
65	32	0
65	33	0.333
65	34	0
65	35	0
65	36	0.3
65	37	0.033
65	38	0
65	39	0
65	40	0
65	41	0
65	42	0
65	43	0
65	44	0
65	45	0
65	46	0
65	47	0
65	48	0
65	49	0
65	50	0
65	51	0
65	52	0
65	53	0
65	54	0
65	55	0
65	56	0
65	57	0
65	58	0
65	59	0
65	60	0
65	61	0
65	62	0
65	63	0
65	64	0
65	65	0
65	66	0
65	67	0
65	68	0
65	69	0
65	70	0
65	71	0
65	72	0
65	73	0.162
66	4	0.5
66	5	0.194
66	6	0.125
66	7	0.167
66	8	0.5
66	9	0.375
66	10	0.462
66	11	0.214
66	12	0.333
66	13	0.444
66	14	0.6
66	15	0.4
66	16	1
66	17	0.231
66	18	0.2
66	19	0.143
66	20	0.167
66	21	0
66	22	0.321
66	23	0.455
66	24	0.411
66	25	0.03
66	26	0
66	27	0
66	28	0
66	29	0
66	30	0
66	31	0.026
66	32	0
66	33	0
66	34	0
66	35	0
66	36	0
66	37	0
66	38	0
66	39	0
66	40	0
66	41	0
66	42	0
66	43	0
66	44	0
66	45	0
66	46	0
66	47	0
66	48	0
66	49	0
66	50	0
66	51	0
66	52	0
66	53	0
66	55	0
66	56	0
66	57	0
66	58	0
66	59	0
66	60	0
66	61	0
66	62	0
66	63	0
66	64	0
66	66	0
66	67	0
66	68	0
66	69	0
66	70	0
66	71	0
66	72	0.143
66	73	0.083
67	0	0.464
67	1	0.662
67	2	0.514
67	3	0.154
67	4	0.25
67	5	0.067
67	6	0.231
67	7	0.048
67	8	0
67	9	0.526
67	10	0.561
67	11	0.357
67	12	0.333
67	13	0.326
67	14	0.318
67	15	0.391
67	16	1
67	17	0.077
67	18	0.182
67	19	0.25
67	20	0.143
67	21	0.5
67	22	0.333
67	23	0.389
67	24	0.596
67	25	0.27
67	26	0.316
67	27	0.077
67	28	0.5
67	29	0.333
67	30	0.8
67	31	0.667
67	32	0.5
67	33	1
67	34	0.333
67	35	0
67	36	0
67	37	0.222
67	38	0
67	39	0
67	40	0
67	41	0
67	42	0
67	43	0
67	44	0
67	45	0
67	46	0
67	48	0
67	49	0
67	51	0
67	52	0
67	53	0
67	56	0
67	57	0
67	58	0
67	59	0
67	60	0
67	61	0
67	62	0
67	63	0
67	64	0
67	66	0
67	67	0
67	68	0
67	69	0
67	70	0
67	71	0
67	72	0
67	73	0.099
68	0	0.744
68	1	0.783
68	2	0.615
68	3	0.286
68	4	0.444
68	5	0.143
68	6	0.333
68	7	0.143
68	8	0.25
68	9	0
68	10	0.75
68	11	0.583
68	12	0.571
68	13	0.438
68	14	0.556
68	15	0.2
68	16	0
68	17	0
68	18	0.75
68	19	0
68	20	1
68	21	0.2
68	22	0.2
68	23	0
68	24	0.35
68	25	0.231
68	26	0
68	27	0.091
68	28	0.111
68	29	0.053
68	30	0.111
68	31	0.111
68	32	0
68	33	0.059
68	34	0.067
68	35	0
68	36	0.1
68	37	0.02
68	38	0
68	39	0
68	40	0
68	41	0
68	42	0
68	43	0
68	44	0
68	45	0
68	46	0
68	47	0
68	48	0
68	49	0
68	50	0
68	51	0
68	52	0
68	53	0
68	54	0
68	55	0
68	56	0
68	57	0
68	58	0
68	59	0
68	60	0
68	61	0
68	62	0
68	63	0
68	64	0
68	65	0
68	66	0
68	68	0
68	69	0
68	70	0
68	71	0
68	72	0.2
68	73	0.162
69	0	0.215
69	1	0.414
69	2	0.333
69	3	0.2
69	4	0.154
69	5	0.5
69	6	0.3
69	7	0.4
69	8	1
69	9	0.333
69	10	0.25
69	11	0.217
69	12	0.4
69	13	0.286
69	14	0.143
69	15	0.2
69	16	0
69	17	0.5
69	18	0.333
69	19	0.222
69	20	0.429
69	21	0.167
69	22	0.571
69	23	0.455
69	24	0.444
69	25	0.235
69	26	0
69	27	0.062
69	28	0.125
69	29	0
69	30	0.071
69	31	0.105
69	32	0.167
69	33	0.1
69	34	0
69	35	0.25
69	36	0
69	37	0.05
69	38	0
69	39	0
69	40	0
69	41	0
69	42	0
69	43	0
69	44	0
69	45	0
69	46	0
69	47	0
69	48	0
69	49	0
69	50	0
69	51	0
69	52	0
69	53	0
69	54	0
69	55	0
69	56	0
69	57	0
69	58	0
69	59	0
69	60	0
69	61	0
69	62	0
69	63	0
69	64	0
69	65	0
69	66	0
69	67	0
69	68	0
69	69	0
69	70	0
69	71	0
69	72	0.091
69	73	0.106
70	0	0.2
70	1	0.512
70	2	0.263
70	3	0.182
70	4	0.133
70	5	0.3
70	6	0.083
70	7	0.083
70	8	0.333
70	9	0.071
70	10	0.194
70	11	0.182
70	12	0.238
70	13	0.481
70	14	0.4
70	15	0.385
70	16	0.333
70	17	0.188
70	18	0.222
70	19	0.375
70	20	0.2
70	21	0.2
70	22	0.4
70	23	0.154
70	24	0.41
70	25	0.241
70	26	0.208
70	27	0.158
70	28	0
70	29	0.231
70	30	0.141
70	31	0.256
70	32	0
70	33	0.083
70	34	0.2
70	35	0.25
70	36	0.214
70	37	0.133
70	38	0.034
70	39	0
70	40	0
70	41	0
70	42	0
70	43	0
70	44	0
70	45	0
70	46	0
70	47	0
70	48	0
70	49	0
70	50	0
70	51	0
70	52	0
70	53	0
70	55	0
70	56	0
70	57	0
70	58	0
70	59	0
70	60	0
70	61	0
70	62	0
70	63	0
70	64	0
70	66	0
70	67	0
70	68	0
70	69	0
70	70	0
70	71	0
70	72	0.111
70	73	0.014
71	0	0.17
71	1	0.316
71	2	0.25
71	3	0.263
71	4	0.111
71	5	0.188
71	6	0.25
71	7	0.056
71	9	0.188
71	10	0.276
71	11	0.206
71	12	0.176
71	13	0.286
71	14	0.348
71	15	0.25
71	16	0
71	17	0
71	18	0
71	19	0.167
71	20	0
71	21	0.216
71	22	0.16
71	23	0.25
71	24	0.348
71	25	0.103
71	26	0.129
71	27	0.167
71	28	0.273
71	29	0.133
71	30	0.238
71	31	0.182
71	32	0.25
71	33	0.2
71	34	0
71	35	0.125
71	36	0
71	37	0.033
71	38	0
71	39	0
71	40	0
71	41	0
71	42	0
71	43	0
71	44	0
71	45	0
71	46	0
71	47	0
71	48	0
71	49	0
71	50	0
71	51	0
71	52	0
71	53	0
71	54	0
71	55	0
71	56	0
71	57	0
71	58	0
71	59	0
71	60	0
71	61	0
71	62	0
71	63	0
71	64	0
71	65	0
71	66	0
71	67	0
71	68	0
71	69	0
71	70	0
71	71	0
71	72	0
71	73	0.06
72	0	0.224
72	1	0.484
72	2	0.279
72	3	0.185
72	4	0.167
72	5	0.1
72	6	0.077
72	7	0.154
72	8	0
72	9	0.333
72	10	0.417
72	11	0.167
72	12	0.174
72	13	0.31
72	14	0.304
72	15	0.25
72	16	0
72	17	0.1
72	18	0.091
72	19	0.3
72	20	0.25
72	21	0.111
72	22	0.25
72	23	0.7
72	24	0.314
72	25	0
72	26	0
72	27	0.1
72	28	0
72	29	0
72	30	0.062
72	31	0.133
72	32	0
72	33	0.25
72	34	0
72	35	0
72	36	0
72	37	0
72	38	0
72	39	0
72	40	0
72	42	0
72	43	0
72	44	0
72	45	0
72	46	0
72	47	0
72	48	0
72	49	0
72	51	0
72	52	0
72	53	0
72	54	0
72	55	0
72	56	0
72	57	0
72	58	0
72	59	0
72	60	0
72	61	0
72	62	0
72	63	0
72	64	0
72	65	0
72	66	0
72	67	0
72	68	0
72	69	0
72	70	0
72	71	0
72	72	0
72	73	0.007
73	0	0.484
73	1	0.5
73	2	0.526
73	3	0.455
73	4	0.316
73	5	0
73	6	0.385
73	7	0.15
73	8	0
73	9	0.25
73	10	0.259
73	11	0.211
73	12	0.227
73	13	0.371
73	14	0.31
73	15	0.333
73	16	0.667
73	17	0.182
73	18	0.231
73	19	0.222
73	20	0.222
73	21	0.167
73	22	0.15
73	23	0.125
73	24	0.273
73	25	0.256
73	26	0.121
73	27	0.185
73	28	0.042
73	29	0.1
73	30	0.154
73	31	0.163
73	32	0.143
73	33	0.077
73	34	0.077
73	35	0.2
73	36	0.2
73	37	0
73	38	0
73	39	0
73	40	0
73	41	0
73	42	0
73	43	0
73	44	0
73	45	0
73	46	0
73	47	0
73	48	0
73	49	0
73	50	0
73	51	0
73	52	0
73	53	0
73	54	0
73	55	0
73	56	0
73	57	0
73	58	0
73	59	0
73	60	0
73	61	0
73	62	0
73	63	0
73	64	0
73	65	0
73	66	0
73	67	0
73	68	0
73	69	0
73	70	0
73	71	0
73	72	0.077
73	73	0.154
74	0	0.552
74	1	0.784
74	2	0.6
74	3	0.455
74	4	0.636
74	5	0.7
74	6	0.429
74	7	0.5
74	8	0
74	9	0.375
74	10	0.409
74	11	0.571
74	12	0.611
74	13	0.643
74	14	0.421
74	15	0.308
74	16	0.5
74	17	0.429
74	18	0.286
74	19	0.083
74	20	0.111
74	21	0.167
74	22	0.444
74	23	0.4
74	24	0.468
74	25	0.088
74	26	0.222
74	27	0.13
74	28	0.077
74	29	0
74	30	0.208
74	31	0.152
74	32	0.111
74	33	0.278
74	34	0.125
74	35	0.111
74	36	0.1
74	37	0.075
74	38	0
74	39	0
74	40	0
74	41	0
74	42	0
74	43	0
74	44	0
74	45	0
74	46	0
74	47	0
74	48	0
74	49	0
74	50	0
74	51	0
74	52	0
74	53	0
74	54	0
74	55	0
74	56	0
74	57	0
74	58	0
74	59	0
74	60	0
74	61	0
74	62	0
74	63	0
74	64	0
74	66	0
74	67	0
74	68	0
74	69	0
74	70	0
74	71	0
74	72	0
74	73	0.076
75	0	0.343
75	1	0.614
75	2	0.5
75	3	0.231
75	4	0.261
75	5	0.3
75	6	0.333
75	7	0.167
75	8	0.2
75	9	0.667
75	10	0.435
75	11	0.379
75	12	0.385
75	13	0.45
75	14	0.545
75	15	0.5
75	16	1
75	17	0.167
75	18	0.375
75	19	0.333
75	20	0.333
75	21	0.2
75	22	0.467
75	23	0.333
75	24	0.44
75	25	0.273
75	26	0.308
75	27	0.273
75	28	0.444
75	29	0.1
75	30	0.2
75	31	0.174
75	32	0
75	33	0.083
75	34	0.125
75	35	0
75	36	0
75	37	0.056
75	38	0
75	39	0
75	40	0
75	41	0
75	42	0
75	43	0
75	44	0
75	45	0
75	46	0
75	47	0
75	48	0
75	49	0
75	50	0
75	51	0
75	52	0
75	53	0
75	54	0
75	55	0
75	56	0
75	57	0
75	58	0
75	59	0
75	60	0
75	61	0
75	62	0
75	63	0
75	64	0
75	65	0
75	66	0
75	67	0
75	68	0
75	69	0
75	70	0
75	71	0
75	72	0.182
75	73	0.229
76	0	0.23
76	1	0.339
76	2	0.29
76	3	0.222
76	4	0.143
76	5	0.071
76	6	0
76	7	0.214
76	8	0.333
76	9	0.118
76	10	0.481
76	11	0.379
76	12	0.25
76	13	0.316
76	14	0.222
76	15	0.333
76	16	0.5
76	17	0.462
76	18	0.429
76	19	0.364
76	20	0.143
76	21	0.375
76	22	0.444
76	23	0.462
76	24	0.457
76	25	0.238
76	26	0.158
76	27	0.111
76	28	0.167
76	29	0.273
76	30	0.278
76	31	0.143
76	32	0
76	33	0
76	34	0
76	35	0
76	36	0.25
76	37	0.05
76	38	0
76	39	0
76	40	0
76	41	0
76	42	0
76	43	0
76	44	0
76	45	0
76	46	0
76	47	0
76	48	0
76	49	0
76	50	0
76	51	0
76	52	0
76	53	0
76	55	0
76	56	0
76	57	0
76	58	0
76	59	0
76	60	0
76	61	0
76	62	0
76	63	0
76	64	0
76	65	0
76	66	0
76	67	0
76	68	0
76	69	0
76	70	0
76	71	0
76	72	0
76	73	0.258
77	0	0.486
77	1	0.729
77	2	0.581
77	3	0.391
77	4	0.167
77	5	0.077
77	6	0.143
77	7	0
77	8	0
77	9	0.286
77	10	0.333
77	11	0.308
77	12	0.111
77	13	0.125
77	14	0.345
77	15	0.167
77	16	0.333
77	17	0.545
77	18	0.133
77	19	0.167
77	20	0.333
77	21	0
77	22	0.244
77	23	0.273
77	24	0.283
77	25	0.069
77	26	0.182
77	27	0.087
77	28	0.111
77	29	0.167
77	30	0
77	31	0
77	32	0
77	33	0.04
77	34	0.083
77	35	0
77	36	0.167
77	37	0
77	38	0.031
77	39	0.083
77	40	0
77	41	0
77	42	0
77	43	0
77	44	0
77	45	0
77	46	0
77	47	0
77	48	0
77	49	0
77	50	0
77	51	0
77	52	0
77	53	0
77	54	0
77	55	0
77	56	0
77	57	0
77	58	0
77	59	0
77	60	0
77	61	0
77	62	0
77	63	0
77	64	0
77	66	0
77	67	0
77	68	0
77	69	0
77	70	0
77	71	0
77	72	0
77	73	0
78	0	0.043
78	1	0
78	2	0
78	3	0
78	4	0
78	5	0
78	6	0.1
78	7	0.25
78	8	0.143
78	9	0.391
78	10	0.48
78	11	0.447
78	12	0.333
78	13	0.225
78	14	0.32
78	15	0.188
78	16	0
78	17	0.167
78	18	0.333
78	19	0.235
78	20	0
78	21	0.417
78	22	0.167
78	23	0.4
78	24	0.293
78	25	0.067
78	26	0.048
78	27	0.15
78	28	0.056
78	29	0
78	30	0.074
78	31	0.056
78	32	0
78	33	0.111
78	34	0
78	35	0.111
78	36	0
78	37	0
78	38	0
78	39	0
78	40	0
78	41	0
78	42	0
78	43	0
78	44	0
78	45	0
78	46	0
78	47	0.2
78	48	0.091
78	49	0
78	50	0
78	51	0
78	52	0
78	53	0
78	54	0
78	55	0
78	56	0
78	57	0
78	58	0
78	59	0
78	60	0
78	61	0
78	62	0
78	63	0
78	66	0
78	67	0
78	69	0
78	70	0
78	71	0
78	72	0
78	73	0
79	0	0.329
79	1	0.53
79	2	0.425
79	3	0.25
79	4	0.281
79	5	0.174
79	6	0.333
79	7	0.136
79	8	0.471
79	9	0.588
79	10	0.657
79	11	0.302
79	12	0.485
79	13	0.348
79	14	0.436
79	15	0.095
79	16	0.2
79	17	0.045
79	18	0.048
79	19	0.15
79	20	0
79	21	0.125
79	22	0.25
79	23	0
79	24	0.25
79	25	0
79	26	0
79	27	0
79	28	0
79	29	0
79	30	0
79	31	0
79	32	0
79	33	0.333
79	34	0.333
79	36	0
79	37	0.5
79	38	0.5
79	39	0.333
79	40	0
79	41	0
79	42	0
79	44	0
79	45	0
79	46	0
79	47	0
79	48	0
79	49	0
79	50	0
79	51	0
79	52	0
79	53	0
79	55	0
79	56	0
79	57	0
79	58	0
79	59	0
79	60	0
79	61	0.083
79	62	0.038
79	63	0
79	64	0
79	65	0
79	66	0
79	68	0
79	70	0
79	71	0
79	72	0.154
79	73	0.026
80	0	0.389
80	1	0.739
80	2	0.571
80	3	0.4
80	4	0.571
80	5	0.4
80	6	0.143
80	7	0.5
80	21	0.2
80	22	0.158
80	23	0.364
80	24	0.31
80	25	0.062
80	26	0.038
80	27	0
80	28	0.048
80	29	0.125
80	30	0.067
80	31	0.105
80	32	0
80	33	0.069
80	34	0
80	35	0.083
80	36	0
80	37	0.036
80	38	0
80	39	0
80	40	0
80	41	0
80	42	0
80	43	0
80	44	0
80	45	0
80	46	0
80	47	0
80	48	0
80	49	0
80	50	0
80	51	0
80	52	0
80	53	0
80	54	0
80	55	0
80	56	0
80	57	0
80	58	0
80	59	0
80	60	0
80	61	0
80	62	0
80	64	0
80	65	0
80	66	0
80	67	0
80	68	0
80	69	0
80	70	0
80	71	0
80	72	0.167
80	73	0.061
81	0	0.368
81	1	0.615
81	2	0.458
81	3	0.429
81	4	0.4
81	5	0.4
81	6	0.444
81	7	0.3
81	8	0.4
81	9	0.556
81	10	0.577
81	11	0.462
81	12	0.588
81	13	0.651
81	14	0.833
81	15	0.667
81	16	0
81	17	0.375
81	18	0.222
81	19	0.25
81	20	0
81	21	0
81	22	0.35
81	23	0.5
81	24	0.475
81	25	0.115
81	26	0.143
81	27	0.111
81	28	0.133
81	29	0.25
81	30	0.167
81	31	0.148
81	32	0.25
81	33	0.091
81	34	0.111
81	35	0.143
81	36	0.333
81	37	0.111
81	38	0
81	39	0
81	40	0
81	41	0
81	42	0
81	43	0
81	44	0
81	45	0
81	46	0
81	47	0
81	48	0
81	49	0
81	50	0
81	51	0
81	52	0
81	53	0
81	54	0
81	55	0
81	56	0
81	57	0
81	58	0
81	59	0
81	60	0
81	61	0
81	62	0
81	63	0
81	64	0
81	65	0
81	66	0
81	67	0
81	68	0
81	69	0
81	70	0
81	71	0
81	72	0
81	73	0
82	0	0.26
82	1	0.431
82	2	0.286
82	3	0.152
82	4	0.167
82	5	0.179
82	6	0.125
82	7	0.095
82	8	0
82	9	0.333
82	10	0.345
82	11	0.233
82	12	0.263
82	13	0.243
82	14	0.35
82	15	0.2
82	16	0.2
82	17	0.25
82	18	0.1
82	19	0.154
82	20	0.375
82	21	0.071
82	22	0.235
82	23	0.667
82	24	0.321
82	25	0.158
82	26	0.273
82	27	0.083
82	28	0.111
82	29	0.2
82	30	0
82	31	0.158
82	32	0
82	33	0.222
82	34	0
82	35	0.143
82	36	0.25
82	37	0.214
82	38	0.042
82	39	0
82	40	0
82	41	0
82	42	0
82	43	0
82	44	0
82	45	0
82	46	0
82	47	0
82	48	0
82	49	0
82	50	0
82	52	0
82	53	0
82	54	0
82	55	0
82	56	0
82	57	0
82	58	0
82	59	0
82	60	0
82	61	0
82	62	0
82	63	0
82	64	0
82	65	0
82	66	0
82	67	0
82	68	0
82	69	0
82	70	0
82	71	0
82	72	0
82	73	0
83	0	0.167
83	1	0.385
83	2	0.5
83	3	0.167
83	4	0.167
83	5	0.2
83	6	0
83	7	0.25
83	9	0
83	10	0.333
83	11	0.5
83	12	0.571
83	13	0.5
83	14	0.333
83	15	0.273
83	16	0
83	17	0.2
83	18	0.125
83	19	0.375
83	20	0.222
83	21	0.2
83	22	0.227
83	23	0.385
83	24	0.283
83	25	0.297
83	26	0.25
83	27	0.227
83	28	0.3
83	29	0.067
83	30	0.2
83	31	0.22
83	32	0.143
83	33	0.15
83	34	0.077
83	35	0.267
83	36	0
83	37	0
83	38	0.02
83	39	0
83	40	0
83	41	0
83	42	0
83	43	0
83	44	0
83	45	0
83	46	0
83	47	0
83	48	0
83	49	0
83	50	0
83	51	0
83	52	0
83	53	0
83	55	0
83	56	0
83	57	0
83	58	0
83	59	0
83	60	0
83	61	0
83	62	0
83	63	0
83	64	0
83	65	0
83	66	0
83	67	0
83	68	0
83	69	0
83	70	0
83	71	0
83	72	0
83	73	0
84	0	0.524
84	1	0.623
84	2	0.333
84	3	0.154
84	4	0.167
84	5	0.143
84	6	0.25
84	7	0.231
84	8	0.4
84	9	0.5
84	10	0.474
84	11	0.308
84	12	0.333
84	13	0.382
84	14	0.3
84	15	0.333
84	16	0.5
84	17	0.167
84	18	0
84	19	0.083
84	20	0
84	21	0.111
84	22	0.077
84	23	0.375
84	24	0.467
84	25	0.182
84	26	0.143
84	27	0.167
84	28	0
84	29	0.2
84	30	0.083
84	31	0.08
84	32	0.5
84	33	0.1
84	34	0
84	35	0.25
84	36	0
84	37	0.05
84	38	0.032
84	39	0
84	40	0
84	41	0
84	42	0
84	43	0
84	44	0
84	45	0
84	46	0
84	47	0
84	48	0
84	49	0
84	50	0
84	51	0
84	52	0
84	53	0
84	54	0
84	55	0
84	56	0
84	57	0
84	58	0
84	59	0
84	60	0
84	61	0
84	62	0
84	63	0
84	64	0
84	66	0
84	67	0
84	68	0
84	69	0
84	70	0
84	71	0
84	72	0
84	73	0
85	0	0.158
85	1	0.375
85	2	0.25
85	3	0.211
85	4	0.059
85	5	0.222
85	6	0.053
85	7	0.118
85	8	0.167
85	9	0.417
85	10	0.32
85	11	0.296
85	12	0.261
85	13	0.179
85	14	0.15
85	15	0
85	16	0
85	17	0.077
85	18	0.125
85	19	0.273
85	20	0
85	21	0.182
85	22	0.115
85	23	0.375
85	24	0.304
85	25	0.172
85	26	0.111
85	27	0.167
85	28	0.143
85	29	0.091
85	30	0.167
85	31	0.225
85	32	0.25
85	33	0.111
85	34	0.2
85	35	0.2
85	36	0.333
85	37	0
85	38	0
85	39	0
85	40	0
85	41	0
85	42	0
85	43	0
85	44	0
85	45	0
85	46	0
85	47	0
85	48	0
85	49	0
85	50	0
85	51	0
85	52	0
85	53	0
85	54	0
85	55	0
85	56	0
85	57	0
85	58	0
85	59	0
85	60	0
85	61	0
85	62	0
85	63	0
85	64	0
85	65	0
85	66	0
85	67	0
85	68	0
85	69	0
85	70	0
85	71	0
85	72	0
85	73	0
86	0	0.306
86	1	0.366
86	2	0.458
86	3	0.111
86	4	0.312
86	5	0.167
86	6	0.357
86	7	0.176
86	8	0
86	9	0.304
86	10	0.667
86	11	0.378
86	12	0.269
86	13	0.357
86	14	0.308
86	15	0.263
86	16	0.25
86	17	0.125
86	18	0.143
86	19	0.188
86	20	0
86	21	0
86	22	0.125
86	23	0.333
86	24	0.429
86	25	0.095
86	26	0.154
86	27	0.105
86	28	0.154
86	29	0.167
86	30	0.1
86	31	0.095
86	32	0.2
86	33	0
86	34	0.077
86	35	0
86	36	0
86	37	0
86	38	0
86	39	0
86	40	0
86	41	0
86	42	0
86	43	0
86	44	0
86	45	0
86	46	0
86	47	0
86	48	0
86	49	0
86	50	0
86	51	0
86	52	0
86	53	0
86	54	0
86	55	0
86	56	0
86	57	0
86	58	0
86	59	0
86	60	0
86	61	0
86	62	0
86	63	0
86	64	0
86	65	0
86	66	0
86	67	0
86	68	0
86	69	0
86	70	0
86	71	0
86	72	0
86	73	0
87	0	0.458
87	1	0.59
87	2	0.409
87	3	0.318
87	4	0.368
87	5	0.267
87	6	0.5
87	7	0.273
87	8	0.286
87	9	0.455
87	10	0.652
87	11	0.559
87	12	0.522
87	13	0.576
87	14	0.458
87	15	0.308
87	16	1
87	17	0.294
87	18	0.5
87	19	0.4
87	20	0.267
87	21	0.167
87	22	0.4
87	23	0.412
87	24	0.346
87	25	0.211
87	26	0.111
87	27	0.172
87	28	0.286
87	29	0.444
87	30	0.278
87	31	0.462
87	32	0
87	33	0.417
87	34	0
87	35	0.143
87	36	0.167
87	37	0.1
87	38	0.138
87	39	0.048
87	40	0
87	41	0
87	42	0
87	43	0
87	44	0
87	45	0
87	46	0
87	47	0
87	48	0
87	49	0
87	50	0
87	51	0
87	52	0
87	53	0.071
87	55	0.2
87	56	0.083
87	57	0
87	58	0
87	59	0
87	60	0.059
87	61	0.1
87	62	0
87	63	0
87	64	0
87	65	0
87	66	0
87	67	0
87	68	0
87	69	0
87	70	0
87	71	0
87	72	0
87	73	0
88	0	0.241
88	1	0.293
88	2	0.217
88	3	0.258
88	4	0.176
88	5	0.158
88	6	0.231
88	7	0.083
88	8	0.2
88	9	0.429
88	10	0.483
88	11	0.243
88	12	0.208
88	13	0.222
88	14	0.24
88	15	0.273
88	16	0.75
88	17	0.067
88	18	0.273
88	19	0
88	20	0
88	21	0.25
88	22	0.133
88	23	0.25
88	24	0.222
88	25	0.1
88	26	0.071
88	27	0.062
88	28	0.042
88	29	0.071
88	30	0.042
88	31	0.103
88	32	0
88	33	0.067
88	34	0
88	35	0.111
88	36	0
88	37	0.045
88	38	0
88	39	0
88	40	0
88	41	0
88	42	0
88	43	0
88	44	0
88	45	0
88	46	0
88	47	0
88	48	0
88	49	0
88	51	0
88	52	0
88	53	0
88	54	0
88	55	0
88	56	0
88	57	0
88	58	0.286
88	59	0
88	60	0.222
88	61	0.143
88	62	0.136
88	63	0
88	64	0.286
88	65	0
88	66	0
88	67	0.222
88	68	0
88	69	0.4
88	70	0
88	71	0
88	72	0.111
88	73	0.014
89	0	0.212
89	1	0.222
89	2	0.333
89	3	0.091
89	4	0.167
89	5	0.083
89	6	0.143
89	7	0.1
89	8	0.167
89	9	0
89	10	0.214
89	11	0.294
89	12	0.263
89	13	0.233
89	14	0.25
89	15	0
89	16	0
89	17	0
89	18	0
89	19	0.143
89	20	0
89	21	0.125
89	22	0.118
89	23	0.143
89	24	0.303
89	25	0.069
89	26	0.045
89	27	0.045
89	28	0.067
89	29	0
89	30	0.036
89	31	0.093
89	32	0.4
89	33	0.083
89	34	0.125
89	35	0
89	36	0.111
89	37	0.042
89	38	0
89	39	0
89	40	0
89	41	0
89	42	0
89	43	0
89	44	0
89	45	0
89	46	0
89	47	0
89	48	0
89	49	0
89	50	0
89	51	0
89	52	0.077
89	53	0
89	54	0
89	55	0.062
89	56	0.029
89	57	0
89	58	0
89	59	0
89	60	0
89	61	0
89	62	0
89	63	0
89	64	0
89	66	0
89	67	0
89	68	0
89	69	0
89	70	0
89	71	0
89	72	0
89	73	0
90	0	0.071
90	1	0.101
90	2	0.196
90	3	0.265
90	4	0.281
90	5	0.214
90	6	0.219
90	7	0.115
90	8	0.125
90	9	0.211
90	10	0.25
90	11	0.346
90	12	0.158
90	13	0.214
90	14	0.222
90	15	0.214
90	16	0
90	17	0.071
90	18	0
90	19	0.167
90	20	0.083
90	21	0.25
90	22	0.316
90	23	0.333
90	24	0.415
90	25	0.095
90	26	0.125
90	27	0.095
90	28	0.077
90	29	0.111
90	30	0.087
90	31	0.156
90	32	0
90	33	0.071
90	34	0.125
90	35	0.083
90	36	0.25
90	37	0.15
90	38	0.028
90	39	0
90	40	0.067
90	41	0
90	42	0
90	43	0
90	44	0
90	45	0
90	46	0
90	47	0
90	48	0.067
90	49	0
90	50	0
90	51	0
90	52	0.143
90	53	0
90	54	0
90	55	0
90	56	0.062
90	57	0.083
90	58	0
90	59	0
90	60	0
90	61	0
90	62	0.036
90	63	0
90	64	0
90	65	0
90	66	0
90	67	0
90	68	0
90	69	0
90	70	0
90	71	0
90	72	0
90	73	0.043
91	0	0.225
91	1	0.273
91	2	0.25
91	3	0.25
91	4	0.125
91	5	0.2
91	6	0
91	7	0.143
91	8	0.333
91	9	0.125
91	10	0.391
91	11	0.111
91	12	0.257
91	13	0.091
91	14	0.194
91	15	0
91	16	0.167
91	17	0.167
91	18	0.235
91	19	0.1
91	20	0.167
91	21	0.083
91	22	0.211
91	23	0.2
91	24	0.169
91	25	0.065
91	26	0.069
91	27	0.067
91	28	0.074
91	29	0.048
91	30	0.054
91	31	0.043
91	32	0
91	33	0
91	34	0
91	35	0
91	36	0.143
91	37	0.028
91	38	0.021
91	39	0.1
91	40	0
91	41	0
91	42	0
91	43	0
91	44	0
91	45	0
91	46	0
91	47	0
91	48	0.053
91	49	0
91	50	0
91	51	0
91	52	0.083
91	53	0
91	54	0
91	55	0
91	56	0.053
91	57	0.1
91	58	0
91	59	0
91	60	0
91	61	0.059
91	62	0
91	63	0
91	64	0
91	65	0
91	66	0
91	67	0
91	68	0
91	69	0
91	70	0
91	71	0
91	72	0
91	73	0
92	0	0.137
92	1	0.19
92	2	0.179
92	3	0.207
92	4	0.143
92	5	0.071
92	6	0.042
92	7	0.25
92	8	0.125
92	9	0.154
92	10	0.211
92	11	0.2
92	12	0.269
92	13	0.297
92	14	0.316
92	15	0.667
92	16	0.667
92	17	0.182
92	18	0.167
92	19	0.222
92	20	0.125
92	21	0.125
92	22	0.381
92	23	0.4
92	24	0.383
92	25	0.037
92	26	0.053
92	27	0.056
92	28	0.077
92	29	0
92	30	0.053
92	31	0
92	32	0
92	33	0
92	34	0
92	35	0.143
92	36	0
92	37	0
92	38	0
92	39	0
92	40	0
92	41	0
92	42	0
92	43	0
92	44	0
92	45	0
92	46	0
92	47	0
92	48	0
92	49	0
92	50	0
92	51	0
92	52	0
92	53	0
92	55	0
92	56	0
92	57	0
92	58	0
92	59	0
92	60	0
92	61	0
92	62	0
92	63	0
92	64	0
92	65	0
92	66	0
92	67	0
92	68	0
92	69	0
92	70	0
92	71	0
92	72	0
92	73	0.004
93	0	0.276
93	1	0.423
93	2	0.421
93	3	0.257
93	4	0.242
93	5	0.238
93	6	0.167
93	7	0.154
93	8	0.333
93	9	0.125
93	10	0.417
93	11	0.292
93	12	0.227
93	13	0.16
93	14	0.242
93	15	0.2
93	16	0
93	17	0
93	18	0.077
93	19	0.105
93	20	0
93	21	0.308
93	22	0.172
93	23	0.222
93	24	0.241
93	25	0.095
93	26	0.125
93	27	0.056
93	28	0.091
93	29	0.111
93	30	0.167
93	31	0.1
93	32	0.286
93	33	0
93	34	0
93	35	0.4
93	36	0
93	37	0.05
93	38	0.034
93	39	0
93	40	0
93	41	0
93	42	0
93	43	0
93	44	0
93	45	0
93	46	0
93	47	0
93	48	0
93	49	0
93	51	0
93	52	0
93	53	0
93	55	0
93	56	0
93	57	0
93	58	0
93	59	0
93	60	0
93	61	0
93	62	0
93	63	0
93	64	0
93	65	0
93	66	0
93	67	0
93	68	0
93	69	0
93	70	0
93	71	0
93	72	0.045
93	73	0.011
94	0	0.16
94	1	0.484
94	2	0.389
94	3	0.286
94	4	0.222
94	5	0.143
94	6	0.2
94	7	0
94	8	0
94	9	0.167
94	10	0.429
94	11	0.326
94	12	0.303
94	13	0.377
94	14	0.31
94	15	0.357
94	16	0.25
94	17	0.188
94	18	0.2
94	19	0.316
94	20	0.286
94	21	0.4
94	22	0.407
94	23	0.25
94	24	0.491
94	25	0.206
94	26	0.156
94	27	0.133
94	28	0.172
94	29	0.048
94	30	0.194
94	31	0.256
94	32	0.154
94	33	0.238
94	34	0.056
94	35	0
94	36	0
94	37	0.054
94	38	0.018
94	39	0
94	40	0
94	41	0
94	42	0
94	43	0
94	44	0
94	45	0
94	46	0
94	47	0
94	48	0
94	49	0
94	50	0
94	51	0
94	52	0
94	53	0
94	54	0
94	55	0
94	56	0
94	57	0
94	58	0.077
94	59	0
94	60	0
94	61	0.167
94	62	0
94	63	0
94	64	0
94	65	0
94	66	0
94	67	0
94	68	0
94	69	0
94	70	0
94	71	0
94	72	0
94	73	0.012
95	0	0.101
95	1	0.112
95	2	0.088
95	3	0
95	4	0.036
95	5	0.062
95	6	0
95	7	0.059
95	8	0
95	9	0
95	10	0.111
95	11	0.02
95	12	0.031
95	13	0.094
95	14	0.032
95	15	0
95	16	0.25
95	17	0.05
95	18	0.2
95	19	0.095
95	20	0.2
95	21	0
95	22	0.176
95	23	0.222
95	24	0.41
95	25	0.143
95	26	0.125
95	27	0.143
95	28	0.2
95	29	0.077
95	30	0.158
95	31	0.045
95	32	0.167
95	33	0.053
95	34	0.364
95	35	0
95	36	0
95	37	0.111
95	38	0.031
95	39	0.048
95	40	0
95	41	0
95	42	0
95	43	0.091
95	44	0
95	45	0
95	46	0
95	47	0
95	48	0
95	49	0.125
95	50	0
95	51	0
95	52	0
95	53	0.083
95	54	0
95	55	0
95	56	0.077
95	57	0
95	58	0
95	59	0
95	60	0
95	61	0
95	62	0
95	63	0
95	64	0
95	65	0
95	66	0
95	67	0
95	68	0
95	69	0
95	70	0
95	71	0
95	72	0
95	73	0
96	0	0
96	1	0
96	2	0.139
96	3	0.115
96	4	0.125
96	5	0.2
96	6	0.235
96	7	0.158
96	8	0.111
96	9	0
96	10	0.333
96	11	0.237
96	12	0.2
96	13	0.233
96	14	0.241
96	15	0.1
96	16	0.5
96	17	0.214
96	18	0.2
96	19	0.3
96	20	0.154
96	21	0.111
96	22	0.273
96	23	0.333
96	24	0.146
96	25	0.103
96	26	0.116
96	27	0.079
96	28	0.091
96	29	0.071
96	30	0.13
96	31	0.194
96	32	0
96	33	0.029
96	34	0.136
96	35	0
96	36	0.1
96	37	0.093
96	38	0.054
96	39	0.055
96	40	0.057
96	41	0
96	42	0
96	43	0.038
96	44	0
96	45	0
96	46	0
96	47	0
96	48	0
96	49	0.083
96	50	0
96	51	0
96	52	0
96	53	0.067
96	54	0
96	55	0
96	56	0.062
96	57	0
96	58	0
96	59	0
96	60	0
96	61	0
96	62	0
96	63	0
96	64	0
96	66	0
96	67	0
96	68	0
96	69	0
96	70	0
96	71	0
96	72	0
96	73	0
97	0	0.226
97	1	0.18
97	2	0.222
97	3	0.088
97	4	0.087
97	5	0.158
97	6	0
97	7	0.105
97	8	0
97	9	0.056
97	10	0.2
97	11	0.306
97	12	0.211
97	13	0.226
97	14	0.167
97	15	0.214
97	16	0.5
97	17	0.118
97	18	0.111
97	19	0.133
97	20	0.111
97	21	0.133
97	22	0.214
97	23	0.75
97	24	0.229
97	25	0
97	26	0.154
97	27	0
97	28	0.083
97	29	0.077
97	30	0.091
97	31	0.125
97	32	0.25
97	33	0
97	34	0.154
97	35	0
97	36	0
97	37	0
97	38	0
97	39	0
97	40	0
97	41	0
97	42	0
97	43	0
97	44	0
97	45	0
97	46	0
97	47	0
97	48	0
97	49	0
97	50	0
97	51	0
97	52	0
97	53	0
97	54	0
97	55	0
97	56	0
97	57	0.038
97	58	0
97	59	0
97	60	0.042
97	61	0.071
97	62	0.018
97	63	0
97	64	0
97	65	0
97	66	0
97	67	0
97	68	0
97	69	0
97	70	0
97	71	0
97	72	0
97	73	0
98	0	0.297
98	1	0.398
98	2	0.27
98	3	0.184
98	4	0.22
98	5	0.263
98	6	0.206
98	7	0.179
98	8	0.182
98	9	0.179
98	10	0.296
98	11	0.25
98	12	0.34
98	13	0.338
98	14	0.353
98	15	0.25
98	16	0.333
98	17	0.333
98	18	0.214
98	19	0.269
98	20	0.154
98	21	0.353
98	22	0.278
98	23	0.4
98	24	0.304
98	25	0
98	26	0
98	27	0
98	28	0
98	29	0
98	30	0
98	31	0
98	32	0
98	33	0
98	34	0
98	35	0
98	36	0
98	37	0.043
98	38	0
98	39	0
98	40	0
98	41	0
98	42	0
98	43	0
98	44	0
98	45	0
98	46	0
98	47	0
98	48	0
98	49	0
98	50	0
98	51	0
98	52	0
98	53	0
98	55	0
98	56	0
98	57	0
98	58	0
98	59	0
98	60	0
98	61	0
98	62	0
98	63	0
98	64	0
98	65	0
98	66	0
98	67	0
98	68	0
98	69	0
98	70	0
98	71	0
98	72	0
98	73	0
99	0	0.185
99	1	0.185
99	2	0.2
99	3	0.308
99	4	0.083
99	5	0.2
99	6	0
99	7	0.154
99	8	0
99	9	0.333
99	10	0.111
99	11	0.2
99	12	0.2
99	13	0.312
99	14	0
99	15	0
99	19	0
99	22	0
99	24	0.64
99	25	0.037
99	26	0
99	27	0.059
99	28	0
99	29	0.1
99	30	0.048
99	31	0.086
99	32	0
99	33	0
99	34	0
99	35	0
99	36	0.25
99	37	0
99	38	0
99	39	0
99	40	0
99	41	0
99	42	0
99	43	0
99	44	0
99	45	0
99	46	0
99	47	0
99	48	0
99	49	0
99	50	0
99	51	0
99	52	0
99	53	0
99	54	0
99	55	0
99	56	0
99	57	0
99	58	0
99	59	0
99	60	0
99	61	0
99	62	0
99	63	0
99	64	0
99	65	0
99	66	0
99	67	0
99	68	0
99	69	0
99	70	0
99	71	0
99	72	0
99	73	0
100	0	0.217
100	1	0.158
100	2	0.143
100	3	0.111
100	4	0.091
100	5	0
100	6	0
100	7	0
100	8	0
100	9	0
100	10	0.25
100	11	0
100	12	0.125
100	13	0.16
100	14	0.207
100	15	0.071
100	16	0.667
100	17	0.182
100	18	0.091
100	19	0
100	20	0
100	21	0
100	22	0.095
100	23	0.154
100	24	0.122
100	25	0
100	26	0.056
100	27	0
100	28	0
100	29	0
100	30	0
100	31	0
100	32	0
100	33	0
100	34	0
100	35	0
100	36	0
100	37	0
100	38	0
100	39	0
100	40	0
100	41	0
100	42	0
100	43	0
100	44	0
100	45	0
100	46	0
100	47	0
100	48	0
100	49	0
100	50	0
100	51	0
100	52	0
100	53	0
100	55	0
100	56	0
100	57	0
100	58	0
100	59	0
100	60	0
100	61	0
100	62	0
100	63	0
100	64	0
100	66	0
100	67	0
100	68	0
100	69	0
100	70	0
100	71	0
100	72	0
100	73	0
101	0	0.227
101	1	0.16
101	2	0.083
101	3	0.231
101	4	0.2
101	5	0.167
101	6	0.182
101	7	0.111
101	8	0
101	9	0
101	10	0.2
101	11	0.15
101	12	0.182
101	13	0.095
101	14	0.083
101	15	0.091
101	17	0
101	18	0
101	19	0
101	20	0
101	21	0
101	22	0.167
101	23	0.25
101	24	0.278
101	25	0
101	26	0.167
101	27	0.067
101	28	0.083
101	29	0
101	30	0.125
101	31	0.08
101	32	0
101	33	0
101	34	0
101	35	0
101	36	0
101	37	0
101	38	0
101	39	0
101	40	0
101	41	0
101	42	0
101	43	0
101	44	0
101	45	0
101	46	0
101	47	0
101	48	0
101	49	0
101	50	0
101	51	0
101	52	0
101	53	0
101	55	0
101	56	0
101	57	0
101	58	0
101	59	0
101	60	0
101	61	0
101	62	0
101	63	0
101	64	0
101	65	0
101	66	0
101	67	0
101	68	0
101	69	0
101	70	0
101	71	0
101	72	0
101	73	0
102	0	0.114
102	1	0.033
102	2	0.071
102	3	0
102	4	0
102	5	0
102	6	0
102	7	0
102	8	0
102	9	0
102	10	0.071
102	11	0
102	12	0.062
102	13	0.087
102	14	0.083
102	15	0.143
102	16	0.333
102	17	0.083
102	18	0
102	19	0
102	20	0
102	21	0.167
102	22	0.2
102	23	0.5
102	24	0.5
102	25	0.15
102	26	0.214
102	27	0.083
102	28	0.2
102	29	0.222
102	30	0.2
102	31	0.273
102	32	0
102	33	0.2
102	34	0
102	35	0
102	36	0
102	37	0.048
102	38	0
102	39	0
102	40	0
102	41	0
102	42	0
102	43	0
102	44	0
102	45	0
102	46	0
102	47	0
102	48	0
102	49	0
102	50	0
102	51	0
102	52	0
102	53	0
102	54	0
102	55	0
102	56	0
102	57	0
102	58	0
102	59	0
102	60	0
102	61	0
102	62	0
102	63	0
102	64	0
102	65	0
102	66	0
102	67	0
102	68	0
102	69	0
102	70	0
102	71	0
102	72	0
102	73	0
103	0	0.182
103	1	0.179
103	2	0.161
103	3	0.053
103	4	0
103	5	0.167
103	6	0
103	7	0
103	8	0
103	9	0
103	10	0.059
103	11	0.071
103	12	0.143
103	13	0.27
103	14	0.08
103	15	0.05
103	16	0
103	17	0
103	18	0
103	19	0.143
103	20	0
103	21	0.333
103	22	0.13
103	23	0.5
103	24	0.323
103	25	0.167
103	26	0
103	27	0.143
103	28	0
103	29	0.143
103	30	0.167
103	31	0.188
103	32	0
103	33	0.167
103	34	0
103	35	0.25
103	36	0
103	37	0
103	38	0
103	39	0
103	40	0
103	41	0
103	42	0
103	43	0
103	44	0
103	45	0
103	46	0
103	47	0
103	48	0
103	49	0
103	50	0
103	51	0
103	52	0
103	53	0
103	54	0
103	55	0
103	56	0
103	57	0
103	58	0
103	59	0
103	60	0
103	61	0
103	62	0
103	63	0
103	64	0
103	66	0
103	67	0
103	68	0
103	69	0
103	70	0
103	71	0
103	72	0
103	73	0
104	0	0.308
104	1	0.529
104	2	0.444
104	3	0.308
104	4	0.364
104	5	0.308
104	6	0.5
104	7	0.364
104	8	0
104	9	0.286
104	10	0.375
104	11	0.278
104	12	0.308
104	13	0.407
104	14	0.364
104	15	0.333
104	16	0
104	17	0.111
104	18	0.2
104	19	0.222
104	23	0.5
104	24	0.156
104	25	0.048
104	26	0.059
104	27	0.133
104	28	0
104	29	0.125
104	30	0
104	31	0
104	32	0
104	33	0
104	34	0
104	35	0
104	36	0
104	37	0
104	38	0
104	39	0
104	40	0
104	41	0
104	42	0
104	43	0
104	44	0
104	45	0
104	46	0
104	47	0
104	48	0
104	49	0
104	50	0
104	51	0
104	52	0
104	53	0
104	55	0
104	56	0
104	57	0
104	58	0
104	59	0
104	60	0
104	61	0
104	62	0
104	63	0
104	64	0
104	65	0
104	66	0
104	67	0
104	68	0
104	69	0
104	70	0
104	71	0
104	72	0
104	73	0
105	0	0.35
105	1	0.5
105	2	0.409
105	3	0.316
105	4	0.286
105	5	0.667
105	6	0.5
105	7	0.333
105	8	0
105	9	1
105	10	0.5
105	11	0.75
105	12	0.8
105	13	0.778
105	14	0.75
105	15	0.5
105	17	0
105	18	0.5
105	19	0.125
105	20	0.8
105	21	0.167
105	22	0.467
105	23	0.429
105	24	0.508
105	25	0.161
105	26	0.143
105	27	0.077
105	28	0.071
105	29	0.143
105	30	0.125
105	31	0.043
105	32	0.1
105	33	0.083
105	34	0
105	35	0
105	36	0.2
105	37	0
105	38	0
105	39	0
105	40	0
105	41	0
105	42	0
105	43	0.167
105	44	0
105	45	0
105	46	0
105	47	0
105	48	0
105	49	0
105	50	0
105	51	0
105	52	0
105	53	0
105	55	0
105	56	0
105	57	0
105	58	0.125
105	59	0
105	60	0.1
105	61	0
105	62	0.042
105	63	0
105	64	0
105	66	0
105	67	0
105	68	0
105	69	0
105	70	0
105	71	0
105	72	0
105	73	0
106	4	0.5
106	5	0.286
106	6	0.1
106	7	0.2
106	8	0
106	9	0.286
106	10	0.222
106	11	0.423
106	12	0.294
106	13	0.423
106	14	0.5
106	15	0.571
106	16	1
106	17	0.25
106	18	0.25
106	19	0.5
106	20	0.2
106	21	0.222
106	22	0.188
106	23	0.5
106	24	0.405
106	25	0.19
106	26	0.067
106	27	0.077
106	28	0.091
106	29	0.091
106	30	0.056
106	31	0.154
106	32	0
106	33	0.1
106	34	0
106	35	0
106	36	0.125
106	37	0
106	38	0
106	39	0
106	40	0
106	41	0
106	42	0.071
106	43	0
106	44	0
106	45	0
106	46	0
106	47	0
106	48	0
106	49	0
106	51	0
106	52	0
106	53	0
106	55	0
106	56	0
106	57	0
106	58	0.167
106	59	0
106	60	0.091
106	61	0
106	62	0.034
106	63	0
106	64	0
106	65	0
106	66	0
106	67	0
106	68	0
106	69	0
107	0	0.241
107	1	0.393
107	2	0.19
107	3	0.118
107	4	0.091
107	5	0
107	6	0
107	7	0
107	8	0
107	9	0.143
107	10	0.077
107	11	0.185
107	12	0.059
107	13	0.227
107	14	0.15
107	15	0
107	16	0
107	17	0.2
107	18	0.4
107	19	0.154
107	20	0
107	21	0.143
107	22	0.267
107	23	0.5
107	24	0.444
107	25	0.091
107	26	0
107	27	0
107	28	0
107	29	0
107	30	0.091
107	31	0.154
107	32	0
107	33	0
107	34	0
107	35	0
107	36	0.4
107	37	0
107	38	0
107	39	0
107	40	0
107	41	0
107	42	0
107	43	0
107	44	0
107	45	0
107	46	0
107	47	0
107	48	0
107	49	0
107	51	0
107	52	0
107	53	0
107	55	0
107	56	0
107	57	0
107	58	0
107	59	0
107	60	0
107	61	0
107	62	0
107	63	0
107	64	0
107	66	0
107	67	0
107	68	0
107	69	0
107	70	0
107	71	0
107	72	0
107	73	0
108	0	0.258
108	1	0.25
108	2	0.312
108	3	0.077
108	4	0.071
108	5	0.5
108	6	0.25
108	7	0
108	8	0
108	9	0.25
108	10	0.25
108	11	0.333
108	12	0.2
108	13	0.368
108	14	0.286
108	15	0.25
108	16	0.333
108	17	0.25
108	18	0.2
108	19	0.286
108	20	0
108	21	0.375
108	22	0.444
108	23	0.429
108	24	0.414
108	25	0.16
108	26	0.059
108	27	0.05
108	28	0.067
108	29	0
108	30	0.087
108	31	0.067
108	32	0
108	33	0.132
108	34	0
108	35	0
108	36	0.333
108	37	0
108	38	0
108	39	0
108	40	0
108	41	0
108	42	0
108	43	0
108	44	0
108	45	0
108	46	0
108	48	0
108	49	0
108	51	0
108	53	0
108	54	0
108	55	0
108	56	0
108	57	0
108	58	0
108	59	0
108	60	0
108	61	0
108	62	0
108	63	0
108	64	0
108	66	0
108	68	0
108	69	0
108	70	0
108	71	0
108	72	0
108	73	0
109	0	0.091
109	1	0
109	2	0
109	3	0
109	4	0
109	5	0
109	6	0
109	7	0
109	8	0
109	9	0
109	10	0
109	11	0.091
109	12	0.1
109	13	0.143
109	14	0.111
109	15	0.143
109	16	0
109	17	0.2
109	18	0
109	19	0
109	20	0
109	21	0
109	22	0
109	23	0
109	24	0.043
109	25	0
109	26	0
109	27	0
109	28	0
109	29	0
109	30	0
109	31	0.067
109	32	0
109	33	0.059
109	34	0
109	35	0.2
109	36	0
109	37	0.05
109	38	0
109	39	0
109	40	0
109	41	0
109	42	0
109	43	0
109	44	0
109	45	0
109	46	0
109	47	0
109	48	0
109	49	0
109	50	0
109	51	0
109	52	0
109	53	0
109	55	0
109	56	0
109	57	0
109	58	0
109	59	0
109	60	0
109	61	0
109	62	0
109	63	0
109	64	0
109	65	0
109	66	0
109	67	0
109	68	0
109	69	0
109	70	0
109	71	0
109	72	0
109	73	0
110	0	0.25
110	1	0.318
110	2	0.222
110	3	0.333
110	4	0.2
110	5	0.222
110	6	0.5
110	7	0
110	8	0
110	9	0.333
110	10	0.111
110	11	0.3
110	12	0.273
110	13	0.312
110	14	0.421
110	15	0
110	16	0
110	17	0.2
110	18	0
110	19	0.2
110	20	0.333
110	21	0.25
110	22	0.143
110	23	0.833
110	24	0.667
110	25	0.279
110	26	0.375
110	27	0.111
110	28	0.25
110	29	0.333
110	30	0.25
110	31	0.2
110	32	1
110	33	0.2
110	34	0.167
110	35	0.333
110	37	0.222
110	38	0
110	39	0
110	40	0
110	41	0
110	42	0
110	43	0
110	44	0
110	45	0
110	46	0
110	47	0
110	48	0
110	49	0
110	50	0
110	51	0
110	52	0
110	53	0
110	54	0
110	55	0
110	56	0
110	57	0
110	58	0
110	59	0
110	60	0
110	61	0
110	62	0
110	63	0
110	64	0
110	66	0
110	67	0
110	68	0
110	69	0
110	70	0
110	71	0
110	72	0
110	73	0
111	0	0.383
111	1	0.475
111	2	0.476
111	3	0.278
111	4	0.292
111	5	0.385
111	6	0.333
111	7	0.417
111	8	0.286
111	9	0.25
111	10	0.421
111	11	0.419
111	12	0.44
111	13	0.487
111	14	0.312
111	15	0.231
111	16	0.6
111	17	0.182
111	18	0.1
111	19	0.182
111	20	0
111	21	0.2
111	22	0.444
111	23	0.571
111	24	0.623
111	25	0.379
111	26	0.174
111	27	0.286
111	66	0
111	68	0
111	69	0
111	70	0
111	71	0
111	72	0
111	73	0
112	0	0.143
112	1	0.75
112	2	1
112	27	0.25
112	28	0.25
112	29	0.455
112	30	0.36
112	31	0.241
112	32	0.2
112	33	0.312
112	34	0.111
112	35	0
112	36	0.333
112	37	0.048
112	38	0
112	39	0
112	40	0
112	41	0
112	42	0
112	43	0
112	44	0
112	45	0
112	46	0
112	47	0
112	48	0
112	49	0
112	50	0
112	51	0
112	52	0
112	53	0
112	54	0
112	55	0
112	56	0
112	57	0
112	58	0
112	59	0
112	60	0
112	61	0
112	62	0
112	63	0
112	64	0
112	66	0
112	67	0
112	68	0
112	69	0
112	70	0
112	71	0
112	72	0
112	73	0
113	0	0.643
113	1	0.423
113	2	0.467
113	3	0.125
113	4	0.214
113	5	0.125
113	6	0
113	7	0
113	9	0.25
113	10	0
113	11	0.333
113	12	0.182
113	13	0.273
113	14	0.4
113	15	0.286
113	16	0
113	17	0
113	18	0
113	19	0
113	20	0
113	21	0
113	22	0
113	23	0.2
113	24	0.273
113	25	0
113	26	0.182
113	27	0
113	28	0
113	29	0
113	30	0.125
113	31	0.167
113	32	0
113	33	0.4
113	34	0
113	35	0
113	36	0.5
113	37	0
113	38	0
113	39	0
113	40	0
113	41	0
113	42	0
113	43	0
113	44	0
113	45	0
113	46	0
113	47	0
113	48	0
113	49	0
113	50	0
113	51	0
113	53	0
113	54	0
113	55	0
113	56	0
113	57	0
113	58	0
113	59	0
113	60	0
113	61	0
113	62	0
113	64	0
113	66	0
113	68	0
113	69	0
113	70	0
113	72	0
113	73	0.085
114	0	0.333
114	1	0.425
114	2	0
114	5	0
114	6	0.5
114	7	0.143
114	8	0
114	9	0
114	10	0.714
114	11	0.154
114	12	0.273
114	13	0.417
114	14	0.429
114	15	0.5
114	16	1
114	17	1
114	19	0.444
114	20	0.5
114	21	0.4
114	22	0.667
114	23	0.667
114	24	0.381
114	25	0.091
114	26	0.3
114	27	0
114	28	0.167
114	29	0.167
114	30	0.182
114	31	0.077
114	32	0
114	33	0
114	34	0
114	35	0.25
114	36	0
114	37	0
114	38	0
114	39	0
114	40	0
114	41	0
114	42	0
114	43	0
114	44	0
114	45	0
114	46	0
114	47	0
114	48	0
114	49	0
114	50	0
114	51	0
114	52	0
114	53	0
114	54	0
114	55	0
114	56	0
114	57	0
114	58	0
114	59	0
114	60	0
114	61	0
114	62	0
114	63	0
114	64	0
114	66	0
114	67	0
114	68	0
114	69	0
114	70	0
114	71	0
114	72	0
114	73	0
115	2	0.385
115	3	0.385
115	4	0.286
115	5	0.25
115	6	0.25
115	7	0.286
115	8	0
115	9	0
115	10	0.267
115	11	0.348
115	12	0.562
115	13	0.259
115	14	0.333
115	15	0.2
115	16	1
115	17	0
115	18	0
115	19	0
115	20	0.333
115	21	0
115	22	0.214
115	23	0.2
115	24	0.463
115	25	0.25
115	26	0.125
115	27	0.111
115	28	0.133
115	29	0.071
115	30	0.143
115	31	0.25
115	32	0.167
115	33	0.25
115	34	0.25
115	35	0.333
115	36	0.2
115	37	0.059
116	0	0.5
116	1	0.25
116	2	0
116	3	0
116	4	0
116	5	0
116	6	0
116	7	0
116	8	0
116	10	0
116	11	0.25
116	12	0.333
116	13	0.444
116	14	0.5
116	15	0
116	17	0
116	18	0
116	19	0
116	21	0
116	22	0
116	23	0
116	24	0.111
116	25	0
116	26	0
116	27	0
116	28	0
116	37	0
116	38	0.036
116	39	0
116	40	0
116	41	0
116	42	0
116	43	0
116	44	0
116	45	0
116	46	0
116	47	0
116	48	0
116	49	0
116	50	0
116	51	0
116	52	0
116	53	0
116	54	0
116	55	0
116	56	0
116	57	0
116	58	0
116	59	0
116	60	0
116	61	0
116	62	0
116	63	0
116	64	0
116	65	0
116	66	0
116	67	0
116	68	0
116	69	0
116	70	0
116	71	0
116	72	0
116	73	0
117	0	0.263
117	1	0.273
117	2	0.25
117	3	0.25
117	4	0
117	5	0.375
117	6	0
117	7	0
117	8	0
117	9	0.333
117	10	0.143
117	11	0.25
117	12	0.222
117	13	0.214
117	14	0.231
117	15	0.167
117	16	0
117	17	0.125
117	18	0.25
117	19	0
117	20	0.25
117	21	0.429
117	22	0.125
117	23	0.286
117	24	0.176
117	25	0.182
117	26	0.182
117	27	0.4
117	28	0
117	29	0.143
117	30	0
117	31	0
117	32	0
117	33	0
117	34	0
117	35	0
117	36	0.5
117	37	0
117	38	0
117	39	0
117	40	0
117	41	0
117	42	0
117	43	0
117	44	0
117	45	0
117	46	0
117	47	0
117	48	0
117	49	0
117	51	0
117	52	0
117	53	0
117	55	0
117	56	0
117	57	0
117	58	0
117	59	0
117	60	0
117	61	0
117	62	0
117	63	0
117	64	0
117	66	0
117	67	0
117	69	0
117	70	0
117	71	0
117	72	0
117	73	0
118	0	0.182
118	1	0.24
118	2	0.25
118	3	0.25
118	4	0.214
118	5	0.222
118	6	0.2
118	7	0.2
118	8	0.2
118	9	0
118	10	0
118	11	0.231
118	12	0.214
118	13	0.333
118	14	0.385
118	15	0.167
118	17	0
118	18	0
118	19	0
118	20	0
118	21	0
118	22	0.167
118	23	0.333
118	24	0.423
118	25	0.053
118	32	0
118	33	0
118	34	0
118	35	0
118	36	0
118	37	0
118	38	0
118	39	0
118	40	0
118	41	0
118	42	0
118	43	0
118	44	0
118	45	0
118	46	0
118	48	0
118	49	0
118	50	0
118	52	0
118	53	0
118	55	0
118	56	0
118	57	0
118	58	0
118	59	0
118	60	0
118	61	0
118	62	0
118	63	0
118	64	0
118	66	0
118	67	0
118	68	0
118	70	0
118	71	0
118	72	0.5
118	73	0
119	0	0.133
119	1	0.333
119	2	0.5
119	3	0.3
119	4	0.222
119	5	0.2
119	6	0
119	7	0.167
119	9	0
119	10	0.5
119	11	0.333
119	12	0.571
119	25	0
119	26	0
119	27	0
119	28	0.111
119	29	0.2
119	30	0.083
119	31	0.2
119	32	0.333
119	33	0.125
119	34	0
119	35	0.2
119	36	0
119	37	0.059
119	38	0
119	39	0
119	40	0
119	41	0
119	42	0
119	43	0
119	44	0
119	45	0
119	46	0
119	47	0
119	48	0
119	49	0
119	50	0
119	51	0
119	52	0
119	53	0
119	55	0
119	56	0
119	57	0
119	58	0
119	59	0
119	60	0
119	61	0
119	62	0
119	63	0
119	66	0
119	68	0
119	69	0
119	70	0
119	71	0
119	72	0
119	73	0
120	0	0.333
120	1	0.5
120	2	0.5
120	3	0.25
120	4	0.333
120	5	0
120	6	0.25
120	7	0
120	8	0
120	9	0
120	10	0
120	11	0.286
120	12	0.167
120	13	0.292
120	14	0.154
120	15	0
120	16	1
120	17	0.2
120	18	0.2
120	19	0.444
120	20	0
120	21	0.333
120	22	0.286
120	23	0.25
120	24	0.5
120	25	0.231
120	26	0
120	27	0.4
120	28	0
120	29	0
120	30	0.1
120	31	0.333
120	32	0.5
120	33	0.2
120	34	0.5
120	35	0
120	36	0.2
120	37	0.25
120	38	0
120	39	0
120	40	0
120	41	0
120	42	0
120	43	0
120	44	0
120	45	0
120	46	0
120	47	0
120	48	0
120	49	0
120	50	0
120	51	0
120	52	0
120	53	0
120	55	0
120	56	0
120	57	0
120	58	0
120	59	0
120	60	0
120	61	0
120	62	0
120	65	0
120	66	0
120	70	0
120	71	0
120	72	0
121	0	0.368
121	1	0.333
121	2	0.25
121	3	0.375
121	4	0.167
121	5	0
121	6	0.286
121	7	0.2
121	8	0
121	9	0
121	10	0.286
121	11	0.182
121	12	0.125
121	13	0.125
121	14	0.182
121	15	0
121	16	0
121	17	0.125
121	18	0
121	19	0
121	20	0
121	21	0
121	22	0
121	23	0.25
121	24	0.3
121	25	0.091
121	26	0.333
121	27	0
121	28	0
121	29	0
121	30	0
121	31	0
121	32	0
121	33	0
121	34	0
121	35	0
121	36	0
121	37	0
121	38	0
121	39	0
121	40	0
121	41	0
121	42	0
121	43	0
121	44	0
121	45	0
121	46	0
121	47	0
121	48	0
121	49	0
121	51	0
121	52	0
121	53	0
121	55	0
121	56	0
121	57	0
121	58	0
121	60	0
121	61	0
121	62	0
121	63	0
121	64	0
121	66	0
121	68	0
121	70	0
121	72	0
121	73	0
122	0	0.04
122	1	0
122	2	0
122	3	0
122	25	0
122	26	0
122	27	0
122	28	0
122	29	0
122	30	0
122	31	0
122	32	0
122	33	0
122	34	0
122	35	0
122	36	0
122	37	0
122	38	0
122	39	0
122	40	0
122	41	0
122	42	0
122	43	0
122	44	0
122	45	0
122	46	0
122	47	0
122	48	0
122	49	0
122	50	0
122	51	0
122	52	0
122	53	0
122	54	0
122	55	0
122	56	0
122	57	0
122	58	0
122	59	0
122	60	0
122	61	0
122	62	0
122	63	0
122	64	0
122	66	0
122	67	0
122	68	0
122	69	0
122	70	0
122	71	0
122	72	0
122	73	0.273
123	3	0
123	4	0
123	5	0
123	6	0
123	7	0
123	8	0
123	9	0
123	10	0
123	11	0.071
123	12	0.353
123	13	0
123	14	0
123	15	0
123	16	0
123	17	0
123	18	0
123	19	0
123	20	0
123	21	0
123	22	0
123	23	0
123	24	0.194
123	25	0.312
123	26	0.333
123	27	0.182
123	28	0
123	29	0.143
123	30	0.125
123	31	0.211
123	32	0.2
123	33	0.667
123	34	0.167
123	35	0
123	36	0.167
123	37	0.077
124	0	0.552
124	1	0.615
124	2	0.556
124	3	0.333
124	4	0.385
124	5	0.2
124	6	0.25
124	7	0.4
124	8	0.5
124	9	0
124	10	0.286
124	11	0.692
124	12	0.375
124	13	0.5
124	14	0.5
124	37	0
124	38	0
124	39	0
124	40	0
124	41	0
124	42	0
124	43	0
124	44	0
124	45	0
124	46	0
124	47	0
124	48	0
124	49	0
124	50	0
124	51	0
124	52	0
124	53	0
124	55	0
124	56	0
124	57	0
124	58	0
124	59	0
124	60	0
124	61	0
124	62	0
124	63	0
124	64	0
124	66	0
124	69	0
124	70	0
124	73	0
125	14	0.6
125	15	0.167
125	17	0
125	18	0.167
125	19	0.333
125	20	0
125	21	0.556
125	22	0.833
125	23	1
125	24	0.575
125	25	0.4
125	26	0.5
125	27	0.455
125	28	0.333
125	29	0.429
125	30	0.333
125	31	0.2
125	32	0
125	33	0.167
125	34	0
125	35	0
125	36	0.333
125	37	0
125	38	0
125	39	0
125	40	0
125	41	0
125	42	0
125	43	0
125	44	0
125	45	0
125	46	0
125	47	0
125	48	0
125	49	0
125	51	0
125	52	0
125	53	0
125	54	0
125	55	0
125	56	0
125	57	0
126	0	0.429
126	1	0.28
126	2	0.111
126	3	0.111
126	4	0.059
126	5	0
126	6	0
126	7	0
126	8	0
126	9	0
126	10	0.267
126	11	0.211
126	12	0
126	13	0.28
126	14	0.25
126	15	0
126	16	0
126	17	0
126	18	0.25
126	19	0.333
126	20	0.333
126	21	0.286
126	22	0.385
126	58	0
126	59	0
126	60	0
126	61	0
126	62	0
127	23	0.667
127	24	0.267
127	25	0
127	26	0
127	27	0
127	28	0
127	29	0
127	30	0
127	31	0
127	32	0
127	33	0
127	34	0
127	35	0
127	36	0
127	37	0
127	38	0
127	39	0
127	40	0
127	41	0
127	42	0
127	43	0
127	44	0
127	45	0
127	46	0
127	47	0
127	48	0
127	49	0
127	50	0
127	51	0
128	0	0.531
128	1	0.645
128	2	0.688
128	3	0.421
128	4	0.312
128	5	0.375
128	6	0.222
128	7	0.5
128	8	0.5
128	9	0.25
128	10	0.636
128	11	0.1
128	51	0
128	52	0
128	53	0
128	54	0
128	55	0
128	56	0
128	57	0
128	58	0
128	59	0
128	60	0
128	61	0
128	62	0
128	63	0
128	64	0
128	65	0
128	66	0
128	67	0
128	68	0
128	69	0
128	70	0
128	71	0
128	72	0
128	73	0
129	11	0.714
129	12	0.462
129	13	0.615
129	14	0.444
129	15	0.273
129	16	0.5
129	17	0.286
129	18	0.571
129	19	0.444
129	20	0.167
129	21	0.75
129	22	0.381
129	23	0.571
129	24	0.652
129	25	0.375
129	26	0.182
129	27	0.125
129	28	0.2
129	29	0.385
129	30	0.357
130	30	0
130	31	0.25
130	32	0
130	33	0.1
130	34	0.125
130	35	0.111
130	36	0
130	37	0.161
130	38	0.077
130	39	0.15
130	40	0.167
130	41	0
130	42	0.154
130	43	0
130	44	0.222
130	45	0
130	46	0.25
130	47	0.333
130	48	0
130	49	0.333
130	50	0
130	51	0
130	52	0
130	53	0
130	55	0.182
130	56	0
130	57	0
130	58	0
130	59	0
130	60	0
130	61	0
131	0	0.385
131	1	0.333
131	2	0.5
131	3	0.167
131	4	0.333
131	5	0.667
131	6	0
131	7	0.667
131	8	0
131	9	0.5
131	10	0.4
131	11	0.556
131	12	0.333
131	13	0.455
131	14	0.5
131	15	0
131	17	0.667
131	18	0.5
131	19	0.333
131	20	0.5
131	21	0.5
131	22	0.571
131	23	0.5
131	24	0.421
131	25	0
131	26	0
131	27	0
131	28	0
131	29	0
131	30	0
131	31	0
131	32	0
131	33	0
131	34	0
131	36	0
131	37	0
131	38	0
131	39	0
131	40	0
131	41	0
131	42	0
131	43	0
131	44	0
131	45	0
131	46	0
131	47	0
131	48	0
131	62	0.087
131	63	0
131	66	0
131	68	0
131	70	0
131	71	0
131	72	0
131	73	0
132	0	0.4
132	1	0.235
132	2	0.125
132	3	0.167
132	4	0.3
132	5	0.2
132	6	0.5
132	7	0.4
132	8	0
132	9	0
132	10	0.2
132	11	0.222
132	12	0.167
132	13	0.5
132	14	0.143
132	15	0.167
132	16	0
132	17	0.667
132	18	0.25
132	19	0.25
132	20	0.5
132	21	0
132	22	1
132	23	1
132	24	1
132	25	1
132	26	0.5
132	27	1
132	28	1
132	29	1
132	30	0
132	31	0.75
132	32	1
132	33	1
132	34	1
132	37	0.5
132	38	0
132	39	0
132	40	0
132	41	0
132	42	0
132	43	0
132	44	0
132	45	0
132	46	0
132	48	0
132	49	0
132	50	0
132	51	0
132	52	0
132	53	0
132	55	0
132	56	0
132	57	0
132	58	0
132	59	0
132	60	0
132	61	0
132	62	0
132	63	0
132	64	0
132	66	0
132	68	0
132	69	0
132	70	0
132	71	0
132	72	0
132	73	0
133	0	0.391
133	1	0.704
133	2	0
133	21	0.5
133	22	0.5
133	23	0.5
133	24	0.667
133	25	0.25
133	26	0.5
133	27	0.25
133	28	0.2
133	29	0.5
133	30	0.5
133	31	0.385
133	32	0.25
133	33	0
133	34	0.333
133	35	0
133	36	1
133	37	0
133	38	0
133	39	0
133	40	0
133	41	0
133	42	0
133	43	0
133	44	0
133	45	0
133	46	0
133	47	0
133	48	0
133	49	0
133	51	0
133	52	0
133	53	0
133	55	0
133	56	0
133	57	0
133	58	0
133	59	0
133	60	0
133	61	0
133	62	0
133	63	0
133	64	0
133	67	0
133	69	0
133	71	0
133	72	0
133	73	0.02
134	2	0.5
134	3	0.25
134	4	0.182
134	5	0.222
134	6	0.167
134	7	0.143
134	8	1
134	9	0.143
134	10	0.25
134	11	0.333
134	12	0.333
134	13	0.5
134	14	0.462
134	15	0.2
134	17	0
134	18	0
134	19	0
134	20	0.25
134	21	0.167
134	22	0.4
134	23	0
134	24	0.571
134	25	0.586
134	26	0.438
134	27	0.455
134	28	0.429
134	29	0.667
134	30	0
135	30	0.538
135	31	0.579
135	32	0.25
135	33	0.231
135	34	0.333
135	35	0.5
135	36	0.333
135	37	0.133
135	38	0
135	39	0
135	40	0
135	41	0
135	42	0
135	43	0
135	44	0
135	45	0
135	46	0
135	47	0
135	48	0
135	49	0
135	50	0
135	51	0
135	52	0
135	53	0
135	55	0
135	56	0
135	57	0
135	58	0
135	59	0
135	60	0
135	61	0
135	62	0
136	0	0.333
136	1	0.562
136	2	0.125
136	3	0.3
136	4	0.182
136	5	0.25
136	6	0
136	7	0.111
136	9	0.429
136	10	0.444
136	11	0.667
136	12	0.583
136	13	0.75
136	14	0.4
136	15	0.167
136	16	0
136	17	0
136	18	0.2
136	19	0.5
136	20	0
136	21	0.5
136	22	0.667
136	23	0.5
136	24	0.538
136	62	0
136	64	0
136	66	0
136	67	0
136	69	0
136	70	0
136	71	0
136	72	0
136	73	0
137	25	0.562
137	26	0.5
137	27	0.25
137	28	0.333
137	29	0.2
137	30	0.273
137	31	0.412
137	32	0.4
137	33	0.143
137	34	0
137	35	0.25
137	36	0.333
137	37	0.071
137	38	0
137	39	0
137	40	0
137	41	0
137	42	0
137	43	0
137	44	0
137	45	0
137	46	0
137	47	0
137	48	0
137	49	0
137	50	0
137	52	0
137	53	0
137	54	0
137	55	0
137	56	0
137	57	0
137	58	0
137	59	0
137	60	0
137	61	0
137	62	0
138	0	0.35
138	1	0.324
138	2	0.25
138	3	0.2
138	4	0.167
138	5	0.1
138	6	0.273
138	7	0
138	9	0
138	10	0.333
138	11	0
138	12	1
138	13	0.75
138	14	0.667
138	15	1
138	16	1
138	17	0.5
138	19	0
138	20	0
138	22	0.333
138	23	0.333
138	24	0
138	25	0
138	26	0
138	27	0
138	28	0
138	29	0
138	30	0
138	31	0
138	32	0
138	33	0
138	34	0
138	35	0
138	37	0
138	38	0
138	39	0
138	40	0
138	42	0
138	43	0
138	44	0
138	45	0
138	46	0
138	47	0
138	49	0
138	50	0
138	52	0
138	53	0
138	54	0
138	55	0
138	56	0
138	58	0
138	59	0
138	61	0
138	62	0
138	63	0
138	64	0
138	66	0
138	68	0
138	70	0
138	72	0
138	73	0
139	6	0
139	7	0.3
139	8	0
139	9	0.143
139	10	0.412
139	11	0.458
139	12	0.562
139	13	0.464
139	14	0.4
139	15	0.625
139	16	0.333
139	17	0.417
139	18	0
139	19	0.417
139	20	0.5
139	21	0.75
139	22	0.5
139	23	0.75
139	24	0.55
139	25	0.107
139	26	0.143
140	26	0.091
140	27	0.118
140	28	0
140	29	0.167
140	30	0.167
140	31	0.083
140	32	0
140	33	0
140	34	0
140	35	0
140	36	0
140	37	0.143
140	38	0
140	39	0
140	40	0
140	41	0
140	42	0
140	43	0
140	44	0
140	45	0
140	46	0
140	47	0
140	48	0
140	49	0
140	50	0
141	0	0.222
141	1	0.364
141	2	0.444
141	3	0.667
141	4	0.5
141	5	0.5
141	6	0.2
141	7	0.5
141	8	0
141	9	0.5
141	10	0.667
141	11	0.556
141	12	0.4
141	13	0.714
141	50	0
141	51	0
141	52	0
141	53	0
141	55	0
141	56	0
141	57	0
141	58	0
141	59	0
141	60	0
141	61	0
141	62	0
141	63	0
141	64	0
141	65	0
141	66	0
141	67	0
141	68	0
141	69	0
141	70	0
141	71	0
141	72	0
141	73	0
142	13	0.667
142	14	0.375
142	15	0.5
142	17	0
142	18	1
142	19	0.6
142	20	0.25
142	21	0.5
142	22	0.6
142	23	0.333
142	24	0.562
142	25	0
142	26	0
142	27	0
142	28	0
142	29	0
142	30	0
142	31	0
142	32	0
142	33	0
142	34	0
142	35	0
142	36	0
142	37	0
142	38	0
142	39	0
142	40	0
142	41	0
142	42	0
142	43	0
142	44	0
142	45	0
142	46	0
142	47	0
142	48	0
142	49	0
142	51	0
142	52	0
142	53	0
142	55	0
142	56	0
142	57	0
142	58	0
142	59	0
142	60	0
143	0	0.429
143	1	0.5
143	2	0.375
143	3	0.143
143	4	0.125
143	5	0.286
143	6	0.2
143	7	0.375
143	8	0
143	9	0.667
143	10	0.667
143	11	0.7
143	12	0.889
143	13	0.533
143	60	0
143	61	0
143	62	0
143	66	0
143	68	0
143	71	0
143	72	0
