"time"	"distance"	"value"
36	0	0
36	1	0
36	2	0
36	3	0
36	4	0
36	5	0
36	6	0
36	7	0
36	8	0
36	9	0
36	10	0
36	11	0
36	12	0
36	13	0
36	14	0
36	15	0
36	16	0
36	17	0
36	18	0
36	19	0
36	20	0
36	21	0
36	22	0
36	23	0
36	24	0
36	25	0
36	26	0
36	27	0
36	29	0
36	30	0
36	31	0
36	32	0
36	33	0.167
36	34	0.095
36	35	0.1
36	36	0
36	37	0
36	38	0.091
36	39	0.286
36	40	0.062
36	42	0
36	43	0
36	44	0
36	45	0
36	46	0
36	47	0
36	48	0.143
36	49	0
36	50	0
36	51	0
36	52	0
36	53	0
36	54	0
36	55	0
36	56	0
36	57	0.25
36	58	0.276
36	59	0.273
36	60	0.222
37	0	0
37	1	0
37	2	0
37	3	0
37	4	0
37	5	0
37	6	0
37	7	0
37	8	0
37	9	0
37	10	0
37	11	0
37	12	0
37	13	0
37	14	0
37	15	0
37	16	0
37	17	0
37	18	0
37	19	0
37	20	0
37	21	0
37	22	0
37	23	0
37	24	0
37	25	0
37	26	0
37	27	0
37	28	0
37	29	0
37	30	0
37	31	0
37	32	0
37	33	0.308
37	34	0.083
37	35	0.125
37	36	0.333
37	37	0.167
37	38	0
37	39	0.125
37	40	0.062
37	41	0
37	42	0
37	43	0.333
37	44	0.043
37	45	0.1
37	46	0.12
37	47	0.062
37	48	0.143
37	49	0.5
37	50	0.167
37	51	0.059
37	52	0.111
37	53	0.167
37	54	0.25
37	55	0.429
37	56	0.222
37	57	0.133
37	58	0.143
37	59	0.133
37	60	0.167
38	0	0
38	1	0
38	2	0
38	3	0
38	4	0
38	5	0
38	6	0
38	7	0
38	8	0
38	9	0
38	10	0
38	11	0
38	12	0
38	13	0
38	14	0
38	15	0
38	16	0
38	17	0
38	18	0
38	19	0
38	20	0
38	21	0
38	22	0
38	23	0
38	24	0
38	25	0
38	26	0.056
38	27	0
38	28	0.125
38	29	0
38	30	0.125
38	31	0.059
38	32	0.043
38	33	0.13
38	34	0.05
38	35	0.077
38	36	0.333
38	37	0.091
38	38	0.077
38	39	0.111
38	40	0.059
38	41	0
38	42	0.333
38	43	0.222
38	44	0.095
38	45	0.13
38	46	0.111
38	47	0
38	48	0.091
38	49	0.2
38	50	0
38	51	0
38	52	0
38	53	0
38	54	0
38	55	0
38	56	0.071
38	57	0.085
38	58	0.136
38	59	0.125
38	60	0.107
39	0	0
39	1	0
39	2	0
39	3	0.091
39	4	0
39	5	0
39	6	0
39	7	0
39	8	0
39	9	0.056
39	10	0
39	11	0
39	12	0
39	13	0
39	14	0
39	15	0
39	16	0
39	17	0
39	18	0
39	19	0
39	20	0
39	21	0
39	22	0
39	23	0
39	24	0
39	25	0
39	26	0
39	27	0
39	28	0
39	29	0.333
39	30	0
39	31	0.091
39	32	0
39	33	0.143
39	34	0.1
39	35	0
39	36	0
39	37	0
39	38	0.125
39	39	0
39	40	0
39	41	0
39	42	0
39	43	0
39	44	0.083
39	45	0.154
39	46	0
39	47	0
39	48	0
39	49	0.333
39	50	0.059
39	51	0.167
39	52	0.062
39	53	0.071
39	54	0
39	55	0.053
39	56	0.2
39	57	0.231
39	58	0.111
39	59	0.077
39	60	0.143
40	0	0
40	1	0
40	2	0
40	3	0
40	4	0
40	5	0
40	6	0
40	7	0
40	8	0
40	9	0
40	10	0
40	11	0
40	12	0
40	13	0
40	14	0
40	15	0
40	16	0
40	17	0
40	18	0
40	19	0
40	20	0
40	21	0
40	22	0
40	23	0
40	24	0
40	25	0
40	26	0
40	27	0
40	28	0
40	29	0
40	30	0
40	31	0
40	32	0
40	33	0.25
40	34	0.571
40	35	0.2
40	37	0
40	38	0
40	39	0.4
40	40	0.444
40	41	1
40	42	1
40	43	0
40	44	0.4
40	45	0.667
40	46	0.333
40	47	0
40	48	0
40	49	0
40	50	0
40	51	0.333
40	52	0.25
40	53	0
40	54	0.2
40	55	0.6
40	56	0.25
40	57	0.538
40	58	0.429
40	59	0.5
40	60	0.391
41	0	0.034
41	1	0
41	2	0
41	3	0
41	4	0
41	5	0
41	6	0
41	7	0
41	8	0
41	9	0
41	10	0
41	11	0
41	12	0
41	13	0
41	14	0
41	15	0
41	16	0
41	17	0
41	18	0.078
41	19	0
41	20	0
41	21	0
41	22	0
41	23	0
41	24	0
41	25	0
41	26	0
41	27	0
41	28	0
41	29	0
41	30	0
41	31	0
41	32	0
41	33	0.276
41	34	0.231
41	35	0
41	36	0.4
41	37	0.133
41	38	0.1
41	39	0.4
41	40	0.226
41	41	0
41	42	0
41	43	0.133
41	44	0.306
41	45	0.407
41	46	0.294
41	47	0.167
41	48	0.154
41	49	0.1
41	50	0.222
41	51	0.167
41	52	0.3
41	53	0.2
41	54	0.25
41	55	0.294
41	56	0.3
41	57	0.412
41	58	0.69
41	59	0.529
41	60	0.55
42	0	0
42	1	0
42	2	0
42	3	0
42	4	0
42	5	0
42	6	0
42	7	0
42	8	0
42	9	0.029
42	10	0
42	11	0
42	12	0
42	13	0
42	14	0
42	15	0
42	16	0
42	17	0
42	18	0
42	19	0
42	20	0
42	21	0
42	22	0
42	23	0
42	24	0
42	25	0
42	26	0.042
42	27	0
42	28	0
42	29	0
42	30	0
42	31	0
42	32	0.031
42	33	0.321
42	34	0.25
42	35	0.111
42	36	0.2
42	37	0.214
42	38	0.111
42	39	0.231
42	40	0.333
42	41	0.5
42	42	0.2
42	43	0.1
42	44	0.2
42	45	0.375
42	46	0.333
42	47	0.333
42	48	0.4
42	50	0.5
42	51	0.5
42	52	0.333
42	53	0.5
42	54	0.2
42	55	0.5
42	56	0.667
42	57	0.444
42	58	0.625
42	59	0.778
42	60	0.8
43	0	0.012
43	1	0
43	2	0
43	3	0
43	4	0
43	5	0
43	6	0
43	7	0
43	8	0
43	9	0
43	10	0
43	11	0
43	12	0
43	13	0
43	14	0
43	15	0
43	16	0
43	17	0
43	18	0
43	19	0
43	20	0
43	21	0
43	22	0
43	23	0
43	24	0
43	25	0
43	26	0
43	27	0
43	28	0
43	30	0
43	31	0
43	32	0
43	33	0
43	34	0
43	35	0.167
43	37	1
43	38	0
43	39	0.111
43	40	0.111
43	41	0
43	42	0
43	43	0
43	44	0.152
43	45	0.24
43	46	0.229
43	47	0.417
43	48	0.286
43	49	0
43	50	0.25
43	51	0.067
43	52	0.357
43	53	0.13
43	54	0.167
43	55	0.25
43	56	0.174
43	57	0.438
43	58	0.488
43	59	0.42
43	60	0.412
44	0	0
44	1	0
44	2	0
44	3	0
44	4	0
44	5	0
44	6	0
44	7	0
44	8	0
44	9	0
44	10	0
44	11	0
44	12	0
44	13	0
44	14	0
44	15	0
44	16	0
44	17	0
44	18	0.083
44	19	0
44	20	0
44	21	0
44	22	0
44	23	0
44	24	0
44	25	0
44	26	0
44	27	0
44	28	0
44	29	0
44	30	0
44	31	0
44	32	0
44	33	0.111
44	34	0.042
44	35	0
44	36	0.2
44	37	0
44	38	0
44	39	0
44	40	0.049
44	41	0
44	42	0
44	43	0
44	44	0.036
44	45	0.08
44	46	0.042
44	47	0
44	48	0.059
44	49	0
44	50	0
44	51	0
44	52	0
44	53	0
44	54	0.048
44	55	0
44	56	0.12
44	57	0.058
44	58	0.042
44	59	0
44	60	0
45	0	0
45	1	0
45	2	0
45	3	0
45	4	0
45	5	0
45	6	0
45	7	0
45	8	0
45	9	0
45	10	0
45	11	0
45	12	0
45	13	0
45	14	0
45	15	0
45	16	0
45	17	0
45	18	0
45	19	0
45	20	0
45	21	0
45	22	0
45	23	0
45	24	0
45	25	0
45	26	0
45	27	0
45	28	0
45	29	0
45	30	0
45	31	0
45	32	0
45	33	0
45	34	0
45	35	0
45	36	0
45	37	0
45	38	0
45	39	0
45	40	0
45	42	0
45	43	0
45	44	0
45	45	0
45	46	0
45	47	0
45	48	0
45	49	0
45	50	0
45	51	0
45	52	0
45	53	0
45	54	0
45	55	0
45	56	0.2
45	57	0.263
45	58	0.216
45	59	0.153
45	60	0.192
46	0	0.011
46	1	0
46	2	0
46	3	0
46	4	0
46	5	0
46	6	0
46	7	0
46	8	0
46	9	0.025
46	10	0
46	11	0
46	12	0
46	13	0
46	14	0
46	15	0
46	16	0
46	17	0
46	18	0.04
46	19	0
46	20	0
46	21	0
46	22	0
46	23	0
46	24	0
46	25	0
46	26	0
46	27	0
46	28	0
46	29	0
46	30	0
46	31	0
46	32	0
46	33	0.048
46	34	0.042
46	35	0
46	36	0
46	37	0
46	38	0
46	39	0
46	40	0
46	41	0
46	42	0.25
46	43	0
46	44	0
46	45	0
46	46	0
46	47	0
46	48	0
46	50	0
46	51	0
46	52	0
46	53	0
46	54	0
46	55	0
46	56	0.25
46	57	0.182
46	58	0.25
46	59	0
46	60	0
47	20	0
47	21	0
47	22	0
47	23	0
47	24	0
47	25	0
47	26	0
47	27	0
47	28	0
47	29	0
47	30	0
47	31	0
47	32	0
47	33	0.353
47	34	0.357
47	35	0.059
47	36	0
47	37	0.091
47	38	0.097
47	39	0.176
47	40	0.192
47	41	0.667
47	42	0.333
47	43	0.222
47	44	0.151
47	45	0.22
47	46	0.196
47	47	0.217
47	48	0.086
47	49	0.4
47	50	0.137
47	51	0.172
47	52	0.167
47	53	0.2
47	54	0.322
47	55	0.267
47	56	0.5
48	0	0
48	1	0
48	2	0
48	3	0
48	4	0
48	5	0
48	6	0
48	7	0
48	8	0
48	9	0
48	10	0
48	11	0
48	12	0
48	13	0
48	14	0
48	15	0
48	16	0
48	17	0
48	18	0
48	19	0
48	20	0
48	21	0
48	22	0
48	23	0
48	24	0
48	25	0
48	26	0
48	28	0
48	29	0
48	30	0
48	31	0
48	32	0
48	33	0.528
48	34	0.444
48	35	0.286
48	36	0
48	37	0.143
48	38	0
48	39	0.25
48	40	0.231
48	41	0
48	42	0.4
48	43	0
48	44	0.333
48	45	0.375
48	46	0.133
48	47	0.1
48	48	0.286
48	49	0.5
48	50	0
48	51	0
48	52	0.2
48	53	0
48	54	0.125
48	55	0.077
48	56	0.211
48	57	0.32
48	58	0.337
48	59	0.33
48	60	0.281
49	0	0
49	1	0
49	2	0
49	3	0
49	4	0
49	5	0
49	6	0
49	7	0
49	8	0
49	9	0
49	10	0
49	11	0
49	12	0.071
49	13	0
49	14	0
49	15	0
49	16	0
49	17	0
49	18	0
49	19	0
49	20	0
49	21	0
49	22	0
49	23	0
49	24	0
49	25	0
49	26	0
49	27	0
49	28	0
49	29	0
49	30	0
49	31	0
49	32	0.04
49	33	0.162
49	34	0.2
49	35	0.077
49	36	0
49	37	0.083
49	38	0
49	39	0.214
49	40	0.069
49	41	1
49	42	0.25
49	43	0.333
49	44	0
49	45	0.091
49	46	0
49	47	0
49	48	0.125
49	49	0
49	50	0
49	51	0
49	52	0
49	53	0.105
49	54	0.222
49	55	0.118
49	56	0.1
49	57	0.355
49	58	0.375
49	59	0.25
49	60	0.333
50	0	0
50	1	0
50	2	0
50	3	0
50	4	0
50	5	0
50	6	0
50	7	0
50	8	0
50	9	0
50	10	0
50	11	0
50	12	0.1
50	13	0
50	14	0
50	15	0
50	16	0
50	17	0
50	18	0
50	19	0
50	20	0
50	21	0
50	22	0
50	23	0
50	24	0
50	25	0
50	26	0.031
50	27	0
50	28	0
50	29	0
50	30	0
50	31	0
50	32	0
50	33	0.268
50	34	0.129
50	35	0.067
50	36	0
50	37	0.118
50	38	0.133
50	39	0.105
50	40	0.25
50	42	0
50	43	0.2
50	44	0.273
50	45	0.273
50	46	0.273
50	47	0.273
50	48	0
50	49	0
50	50	0.25
50	51	0.25
50	52	0
50	53	0.333
50	54	0.286
50	55	0.444
50	56	0.4
50	57	0.421
50	58	0.44
50	59	0.524
50	60	0.5
51	0	0
51	1	0
51	2	0
51	3	0
51	4	0
51	5	0
51	6	0
51	7	0
51	8	0
51	9	0
51	10	0
51	11	0
51	12	0
51	13	0
51	14	0
51	15	0
51	16	0
51	17	0
51	18	0
51	19	0
51	20	0
51	21	0
51	22	0
51	23	0
51	24	0
51	25	0
51	26	0
51	27	0
51	28	0
51	29	0
51	30	0
51	31	0
51	32	0
51	33	0.538
51	34	0.5
51	35	0.667
51	36	0.5
51	37	0.286
51	38	0.333
51	39	0.667
51	40	0.471
51	42	0.4
51	43	0.333
51	44	0.176
51	45	0.312
51	46	0.188
51	47	0.147
51	48	0.25
51	49	0
51	50	0.25
51	51	0.182
51	52	0.333
51	53	0.19
51	54	0.269
51	55	0.364
51	56	0.433
51	57	0.25
51	58	0.154
51	59	0.105
51	60	0.214
52	0	0
52	1	0
52	2	0
52	3	0
52	4	0
52	5	0
52	6	0
52	7	0
52	8	0
52	9	0
52	10	0
52	11	0
52	12	0
52	13	0
52	14	0
52	15	0
52	16	0
52	17	0
52	18	0
52	19	0
52	20	0
52	21	0
52	22	0
52	23	0
52	24	0
52	25	0
52	26	0.053
52	27	0
52	28	0.059
52	29	0
52	30	0.067
52	31	0.091
52	32	0.037
52	33	0.115
52	34	0.167
52	35	0.053
52	36	0.333
52	37	0.182
52	38	0.077
52	39	0.235
52	40	0.1
52	41	0.25
52	42	0.25
52	43	0.143
52	44	0.333
52	45	0.353
52	46	0.333
52	47	0.467
52	48	0.083
52	49	0
52	50	0.125
52	51	0.2
52	52	0.111
52	53	0.364
52	54	0
52	55	0.267
52	56	0.25
52	57	0.554
52	58	0.73
52	59	0.676
52	60	0.394
53	0	0
53	1	0
53	2	0
53	3	0
53	4	0
53	5	0
53	6	0
53	7	0
53	8	0
53	9	0
53	10	0
53	11	0
53	12	0
53	13	0
53	14	0
53	15	0
53	16	0
53	17	0
53	18	0
53	19	0
53	20	0
53	21	0
53	22	0
53	23	0
53	24	0
53	25	0
53	26	0
53	27	0
53	28	0
53	29	0
53	30	0
53	31	0
53	32	0
53	33	0.138
53	34	0.095
53	35	0.077
53	36	0
53	37	0.067
53	38	0.1
53	39	0
53	40	0.182
53	41	0
53	42	0.5
53	43	0
53	44	0.034
53	45	0
53	46	0.053
53	47	0.053
53	48	0
53	49	0
53	50	0.056
53	51	0.071
53	52	0
53	53	0
53	54	0
54	0	0.022
54	1	0
54	2	0
54	3	0
54	4	0
54	5	0
54	6	0
54	7	0
54	8	0
54	9	0.333
54	10	0
54	11	0
54	12	0
54	13	0
54	14	0
54	15	0
54	16	0
54	17	0
54	18	0
54	19	0
54	20	0
54	21	0
54	22	0
54	23	0
54	24	0
54	25	0
54	26	0
54	27	0
54	28	0
54	29	0
54	30	0
54	31	0
54	32	0
54	33	0.273
54	34	0.125
54	35	0
54	37	0.167
54	38	0.25
54	39	0.143
54	40	0.333
54	41	1
54	42	0
54	43	0.333
54	44	0.444
54	45	0.5
54	46	0.556
54	47	0.667
54	48	0.75
54	49	0.75
54	50	0.25
54	51	0.8
54	52	0.667
54	53	0.667
54	54	0.214
54	55	0.292
54	56	0.357
54	57	0.41
54	58	0.388
54	59	0.434
54	60	0.17
55	0	0.027
55	1	0
55	2	0
55	3	0
55	4	0
55	5	0
55	6	0
55	7	0
55	8	0
55	9	0
55	10	0
55	11	0
55	12	0
55	13	0
55	14	0
55	15	0
55	16	0
55	17	0
55	18	0
55	19	0
55	20	0
55	21	0
55	22	0
55	23	0
55	24	0
55	25	0
55	26	0
55	27	0
55	28	0
55	29	0
55	30	0
55	31	0
55	32	0
55	33	0.5
56	33	0.2
56	34	0.148
56	35	0.133
56	36	0.167
56	37	0.125
56	38	0.286
56	39	0.133
56	40	0.316
56	41	0.667
56	42	0.286
56	43	0
56	44	0.148
56	45	0.259
56	46	0.125
56	47	0.087
56	48	0.222
56	49	1
56	50	0.231
56	51	0.312
56	52	0.2
56	53	0.267
56	54	0.125
56	55	0.364
56	56	0.375
56	57	0.612
56	58	0.468
56	59	0.395
56	60	0.258
57	0	0.07
57	1	0
57	2	0
57	3	0
57	4	0
57	5	0
57	6	0
57	7	0
57	8	0
57	9	0
57	10	0
57	11	0
57	12	0
57	13	0
57	14	0
57	15	0
57	16	0
57	17	0
57	18	0
57	19	0
57	20	0
57	21	0
57	22	0
57	23	0
57	24	0
57	25	0
57	26	0
57	27	0
57	28	0
57	29	0
57	30	0
57	31	0
57	32	0
57	33	0.25
57	34	0.143
57	35	0
57	36	0
57	37	0
57	38	0
57	39	0
57	40	0.125
57	42	0
57	43	0
57	44	0
57	45	0
57	46	0.167
57	47	0.1
57	48	0
57	50	0.091
57	51	0.125
57	52	0
57	53	0.286
57	54	0.167
57	55	0.125
57	56	0.222
57	57	0.15
57	58	0.304
57	59	0.25
57	60	0.25
58	3	0
58	4	0
58	5	0
58	6	0
58	7	0
58	8	0
58	9	0.048
58	10	0
58	11	0
58	12	0
58	13	0
58	14	0
58	15	0
58	16	0
58	17	0
58	18	0
58	19	0
58	20	0
58	21	0
58	22	0
58	23	0
58	24	0
58	25	0
58	26	0
58	27	0
58	28	0
58	29	0
58	30	0
58	31	0
58	32	0
58	33	0.44
58	34	0.353
58	35	0.375
58	36	0
58	37	0.182
58	38	0.2
58	39	0.182
58	40	0.45
58	41	0.25
58	42	0
58	43	0.222
58	44	0.278
58	45	0.471
58	46	0.263
58	47	0.235
58	48	0.111
58	49	0
58	50	0.267
58	51	0.333
58	52	0.5
58	53	0.375
58	54	0.312
58	55	0.1
58	56	0.143
59	0	0.039
59	1	0
59	2	0
59	3	0
59	4	0
59	5	0
59	6	0
59	7	0
59	8	0
59	9	0
59	10	0
59	11	0
59	12	0
59	13	0
59	14	0
59	15	0
59	16	0
59	17	0
59	18	0
59	19	0
59	20	0
59	21	0
59	22	0
59	23	0
59	25	0
59	26	0
59	27	0
59	28	0
59	30	0
59	31	0
59	32	0
59	33	0.8
59	34	0.333
59	35	0.333
59	37	0
59	38	0.25
59	39	0.5
59	40	0.143
59	43	1
59	44	0.5
59	45	0.6
59	46	0.4
59	47	0.2
59	48	0.667
59	50	0.286
59	51	0
59	52	0
59	53	0
59	54	0
59	55	0.143
59	56	0.417
59	57	0.622
59	58	0.575
59	59	0.486
59	60	0.615
60	0	0.047
60	1	0.111
60	2	0
60	3	0
60	4	0
60	5	0
60	6	0
60	7	0
60	8	0
60	9	0.1
60	10	0
60	23	0
60	24	0
60	25	0
60	26	0
60	27	0
60	28	0
60	29	0
60	30	0
60	31	0
60	32	0
60	33	0.316
60	34	0.077
60	35	0
60	36	0
60	37	0
60	38	0
60	39	0
60	40	0
60	41	0
60	42	0.333
60	43	0.182
60	44	0.077
60	45	0
60	46	0
60	47	0
60	48	0
60	49	0
60	50	0
60	51	0
60	52	0
60	53	0
60	54	0.091
60	55	0
60	56	0.2
60	57	0.158
60	58	0.217
60	59	0.238
60	60	0.176
61	10	0
61	11	0
61	12	0
61	13	0
61	14	0
61	15	0
61	16	0
61	17	0
61	18	0
61	19	0
61	20	0
61	21	0
61	22	0
61	23	0
61	24	0
61	25	0
61	26	0.059
61	27	0
61	28	0.25
61	29	0
61	30	0.143
61	31	0.083
61	32	0.062
61	33	0.31
61	34	0.154
61	35	0.3
61	36	0
61	37	0.4
61	38	0.3
61	39	0.3
61	40	0.278
61	43	0.5
61	44	0.357
61	45	0.389
61	46	0.333
61	47	0.357
61	48	0.3
61	49	0
61	50	0.294
61	51	0.25
61	52	0.167
61	53	0.357
61	54	0.45
61	55	0.364
61	56	0.231
61	57	0.625
62	0	0
62	1	0
62	2	0
62	3	0
62	4	0
62	5	0
62	6	0
62	7	0
62	8	0
62	9	0
62	10	0
62	11	0
62	12	0
62	13	0
62	14	0
62	15	0.083
62	16	0
62	17	0.167
62	18	0
62	19	0
62	20	0.091
62	21	0
62	22	0
62	23	0.045
62	24	0
62	25	0
62	26	0.1
62	27	0
62	28	0
62	29	0
62	30	0
62	31	0
62	32	0.143
62	33	0.417
62	34	0.5
62	35	0.5
62	36	0
62	37	0.2
62	38	0.2
62	39	0.5
62	40	0.5
62	41	0
62	42	0.5
62	43	0.333
62	44	0.4
62	45	0.4
62	46	0.143
62	47	0.333
62	48	0
62	49	0.333
62	50	0.375
62	51	0.333
62	52	0.5
62	53	0.4
62	54	0.25
62	55	0.5
62	56	0.2
62	57	0.556
62	58	0.824
62	59	1
62	60	1
63	0	0
63	1	0
63	2	0
63	3	0
63	4	0
63	5	0
63	6	0
63	7	0
63	8	0
63	9	0
63	10	0
63	11	0
63	12	0
63	13	0
63	14	0
63	15	0
63	16	0
63	17	0
63	18	0
63	19	0
63	20	0
63	21	0
63	22	0
63	23	0
63	24	0
63	25	0
63	26	0.143
63	27	0
63	28	0
63	29	0
63	30	0
63	31	0
63	32	0
63	33	0.417
63	34	0.222
63	35	0
63	36	0
63	37	0.25
63	38	0
63	39	0
63	40	0
63	41	0
63	42	0.2
63	43	0.333
63	44	0.286
63	45	0
63	46	0.25
63	47	0.167
63	48	0.2
63	49	0
63	50	0.167
63	51	0.167
63	52	0
63	53	0.167
63	54	0
63	55	0.2
63	56	0
63	57	0.067
63	58	0.182
63	59	0.312
63	60	0.364
64	0	0
64	1	0
64	2	0
64	3	0
64	4	0
64	5	0
64	6	0
64	7	0
64	8	0
64	9	0
64	10	0
64	11	0
64	12	0
64	13	0
64	14	0
64	15	0
64	16	0
64	17	0
64	18	0
64	26	0.091
64	27	0
64	28	0
64	29	0
64	30	0.091
64	31	0.1
64	32	0.062
64	33	0.391
64	34	0.214
64	35	0
64	36	0
64	37	0
64	38	0.1
64	39	0.222
64	40	0.105
64	41	0
64	42	0
64	43	0.286
64	44	0.158
64	45	0.125
64	46	0.235
64	47	0.077
64	48	0.083
64	49	0
64	50	0.125
64	51	0.091
64	52	0.286
64	53	0.143
64	54	0.267
64	55	0.214
64	56	0.2
64	57	0.194
64	58	0.136
64	59	0.25
64	60	0.261
65	0	0
65	1	0
65	2	0
65	3	0
65	4	0
65	5	0
65	6	0
65	7	0
65	8	0
65	9	0
65	10	0
65	11	0
65	12	0
65	13	0
65	14	0
65	15	0.25
65	16	0
65	17	0
65	18	0.077
65	19	0
65	20	0
65	21	0.067
65	22	0
65	23	0.043
65	24	0
65	25	0
65	26	0
65	27	0.125
65	28	0
65	29	0
65	30	0
65	31	0
65	32	0
65	33	0.056
65	34	0.167
65	35	0.083
65	36	0
65	37	0.2
65	38	0.5
65	39	0
65	40	0.211
65	41	0
65	42	0
65	43	0.333
65	44	0.278
65	45	0.562
65	46	0.25
65	47	0.417
65	48	0.333
65	49	0.5
65	50	0.4
65	51	0
65	52	0.25
65	53	0.167
65	54	0.222
65	55	0.167
65	56	0
65	57	0.294
65	58	0.522
65	59	0.571
65	60	0.5
66	0	0
66	1	0
66	2	0
66	3	0
66	4	0
66	5	0
66	6	0
66	7	0
66	8	0
66	9	0
66	10	0
66	11	0
66	12	0
66	13	0
66	14	0
66	15	0
66	16	0
66	17	0
66	18	0
66	19	0
66	20	0
66	21	0
66	22	0
66	23	0
66	24	0
66	25	0
66	26	0
66	27	0
66	28	0
66	29	0
66	30	0
66	31	0
66	32	0
66	33	0.36
66	34	0.688
66	35	0.25
66	36	1
66	37	0.556
66	38	0.857
66	49	0.333
66	50	0.667
66	51	0.333
66	52	0.667
66	53	0.333
66	54	0.4
66	55	0.5
66	56	0.5
66	57	0.375
66	58	0.714
66	59	0.556
66	60	0.545
67	0	0
67	1	0
67	2	0
67	3	0
67	4	0
67	5	0
67	6	0
67	7	0
67	8	0
67	9	0
67	10	0
67	11	0
67	12	0
67	13	0
67	14	0
67	15	0
67	16	0
67	17	0
67	18	0
67	19	0
67	20	0
67	21	0
67	22	0
67	23	0
67	24	0
67	25	0
67	26	0
67	28	0
67	30	0
67	31	0
67	32	0
67	33	0.286
67	34	0.222
67	35	0
67	36	0
67	37	0
67	38	0.25
67	39	0.429
67	40	0.37
67	41	0
67	42	0
67	43	0
67	44	0.448
67	45	0.565
67	46	0.36
67	47	0.4
67	48	0.455
67	49	0.25
67	50	0.467
67	51	0.556
67	52	0.333
67	53	0.727
67	54	0.562
67	55	0.545
67	56	0.385
67	57	0.531
67	58	0.652
67	59	0.545
67	60	0.5
68	0	0
68	1	0
68	2	0
68	3	0
68	4	0
68	5	0
68	6	0
68	7	0
68	8	0
68	9	0
68	10	0
68	11	0
68	12	0
68	13	0
68	14	0
68	15	0
68	16	0
68	17	0
68	18	0
68	19	0
68	20	0
68	21	0
68	22	0
68	23	0
68	24	0
68	25	0
68	26	0
68	27	0
68	28	0
68	29	0
68	30	0
68	31	0
68	32	0
68	33	0.222
68	34	0.3
68	35	0.2
68	37	0
68	38	0.2
68	39	0.5
68	40	0.2
68	43	0
68	44	0.25
68	45	0.5
68	46	0.364
68	47	0.357
68	48	0
68	49	0
68	50	0.3
68	51	0.286
68	52	0.5
68	53	0.4
68	54	0.231
68	55	0.364
68	56	0.273
68	57	0.357
68	58	0.7
68	59	0.611
68	60	0.4
69	0	0
69	1	0
69	2	0
69	3	0
69	4	0
69	5	0
69	6	0
69	7	0
69	8	0
69	9	0
69	10	0
69	11	0
69	12	0
69	13	0
69	14	0
69	15	0
69	16	0
69	17	0
69	18	0
69	19	0
69	20	0
69	21	0
69	22	0
69	23	0
69	24	0
69	25	0
69	26	0
69	27	0
69	28	0
69	29	0
69	30	0
69	31	0.25
69	32	0.25
69	33	0.6
69	34	0.833
69	35	0.333
69	36	0
69	37	0
69	38	0.333
69	39	0.333
69	40	0.286
69	41	0
69	42	0
69	43	0
69	44	0.429
69	45	0.5
69	46	0.8
69	47	0.545
69	48	0.5
69	49	0.333
69	50	0.562
69	51	0.4
69	52	0.5
69	53	0.429
69	54	0.417
69	55	0.778
69	56	0.667
69	57	0.818
69	58	0.818
69	59	0.522
69	60	0.524
70	8	0
70	9	0
70	10	0
70	11	0
70	12	0
70	13	0
70	14	0
70	15	0
70	16	0
70	17	0
70	18	0
70	19	0
70	20	0
70	21	0
70	22	0
70	23	0
70	24	0
70	25	0
70	26	0
70	27	0
70	28	0
70	29	0
70	30	0
70	31	0
70	32	0
70	33	0.192
70	34	0.235
70	35	0
70	36	0.333
70	37	0.1
70	38	0.833
70	39	0.133
70	40	0.19
70	41	0
70	42	0
70	43	0.167
70	44	0.32
70	45	0.381
70	46	0.435
70	47	0.36
70	48	0.083
70	49	0.333
70	50	0.083
70	51	0.273
71	0	0
71	1	0
71	2	0
71	3	0
71	4	0
71	5	0
71	6	0
71	7	0
71	8	0
71	9	0
71	10	0
71	11	0
71	12	0
71	13	0
71	14	0
71	15	0
71	16	0
71	17	0
71	18	0
71	19	0
71	21	0
71	22	0
71	23	0
71	25	0
71	27	0
71	28	0
71	30	0
71	32	0
71	33	1
71	34	1
71	37	0
71	39	1
71	40	1
71	41	1
71	42	1
71	44	0.5
71	45	0
71	46	0
71	48	0
71	49	0
71	51	0.25
71	52	0.111
71	53	0.267
71	54	0.333
71	55	0.211
71	56	0.5
71	57	0.667
71	58	0.583
71	59	0.618
71	60	0.548
72	18	0
72	19	0
72	20	0
72	21	0
72	22	0
72	23	0
72	24	0
72	25	0
72	26	0
72	27	0
72	28	0
72	30	0
72	31	0
72	32	0
72	33	0.324
72	34	0.524
72	35	0.176
72	36	0.5
72	37	0.214
72	38	0.231
72	39	0.467
72	40	0.385
72	41	1
72	42	1
72	43	0.625
72	44	0.258
72	45	0.6
72	46	0.467
72	47	0.5
72	48	0.25
72	49	0
72	50	0.333
72	51	0.6
72	52	0.273
73	0	0
73	1	0
73	2	0
73	3	0
73	4	0
73	5	0
73	6	0
73	7	0
73	8	0
73	9	0
73	10	0
73	11	0
73	12	0.125
73	13	0.143
73	14	0
73	15	0
73	16	0
73	17	0
73	18	0
73	19	0
73	20	0
73	21	0
73	22	0
73	23	0
73	24	0
73	25	0
73	26	0.25
73	27	0
73	28	0
73	29	0
73	30	0
73	31	0
73	32	0.333
73	33	0.6
73	34	0.5
73	35	0.4
73	37	0.25
73	38	0.5
73	39	0.333
73	40	0.4
73	43	0
73	44	0.1
73	45	0.714
73	46	0.5
73	47	0.333
73	48	0.333
73	49	0.667
73	50	0.6
73	51	0.25
73	52	0.444
73	53	0.4
73	54	0.536
73	55	0.526
73	56	0.667
73	57	0.711
73	58	0.552
73	59	0.545
73	60	0.594
74	0	0
74	1	0
74	2	0
74	3	0
74	4	0
74	5	0
74	6	0
74	7	0
74	8	0
74	9	0
74	10	0
74	11	0
74	12	0.25
74	13	0
74	14	0
74	15	0
74	16	0
74	17	0
74	18	0.154
74	19	0.143
74	20	0.125
74	21	0.143
74	22	0.333
74	23	0.1
74	24	0
74	25	0.2
74	26	0.182
74	27	0
74	28	0
74	29	0
74	30	0
74	31	0.286
74	32	0.182
74	33	0.5
74	34	0.875
74	35	0.286
74	36	1
74	37	0.333
74	38	0.4
74	39	0.4
74	40	0.389
74	41	0.5
74	42	0
74	43	0
74	44	0
74	45	0.091
74	46	0
74	47	0.231
74	48	0.2
74	49	0.333
74	50	0.286
74	51	0.143
74	52	0.333
74	53	0.25
74	54	0.5
74	55	0.2
74	56	0.294
74	57	0.522
74	58	0.464
74	59	0.548
74	60	0.476
75	3	0
75	4	0
75	5	0
75	6	0
75	7	0
75	8	0
75	9	0.261
75	10	0
75	11	0
75	12	0.125
75	13	0.111
75	14	0
75	15	0
75	16	0
75	17	0
75	18	0
75	19	0
75	20	0
75	21	0
75	22	0
75	23	0
75	24	0
75	25	0
75	26	0.074
75	27	0
75	28	0
75	29	0
75	30	0
75	31	0
75	32	0
75	33	0.538
75	34	0.571
75	35	0.357
75	37	0.412
75	38	0.5
75	39	0.455
75	40	0.458
75	41	1
75	42	1
75	43	0.125
75	44	0.455
75	45	0.75
76	0	0.041
76	1	0
76	2	0
76	3	0
76	4	0
76	5	0
76	6	0
76	45	0.556
76	46	0.571
76	47	0.519
76	48	0.471
76	49	0.286
76	50	0.8
76	51	0.286
76	52	0.417
76	53	0.5
76	54	0.667
76	55	0.667
76	56	0.667
76	57	0.667
76	58	0.732
76	59	0.658
76	60	0.621
77	6	0
77	7	0
77	8	0
77	9	0.043
77	10	0
77	11	0
77	12	0
77	13	0.143
77	14	0
77	15	0
77	16	0
77	17	0
77	18	0.048
77	19	0.087
77	20	0.077
77	21	0.042
77	22	0
77	23	0.04
77	24	0.111
77	25	0
77	26	0.192
77	27	0.091
77	28	0
77	29	0
77	30	0.143
77	31	0.154
77	32	0.25
77	33	0.423
77	34	0.524
77	35	0.357
77	36	1
77	37	0.182
77	38	0.3
77	39	0.4
77	40	0.56
77	41	0.333
77	42	0.875
77	43	0.444
77	44	0.444
77	45	0.565
77	46	0.571
78	0	0.022
78	1	0
78	2	0
78	3	0
78	4	0
78	5	0
78	6	0
78	7	0
78	8	0
78	9	0
78	10	0
78	11	0
78	12	0
78	13	0.25
78	14	0
78	15	0
78	16	0
78	17	0
78	18	0
78	19	0
78	20	0
78	21	0
78	22	0
78	23	0
78	24	0
78	25	0
78	26	0.154
78	27	0.25
78	28	0
78	29	0
78	30	0
78	31	0.333
78	32	0.375
78	33	0.571
78	34	0.5
78	35	0.25
78	37	0
78	38	0
78	46	0.625
78	47	0.48
78	48	0.462
78	49	0.25
78	50	0.318
78	51	0.364
78	52	0.375
78	53	0.333
78	54	0.267
78	55	0.412
78	56	0.375
78	57	0.658
78	58	0.568
78	59	0.41
78	60	0.5
79	0	0
79	1	0
79	2	0
79	3	0
79	4	0
79	5	0
79	6	0
79	7	0
79	8	0
79	9	0
79	10	0
79	11	0
79	12	0
79	13	0
79	14	0
79	15	0
79	16	0
79	17	0
79	18	0
79	19	0
79	20	0
79	21	0
79	22	0
79	23	0
79	24	0
79	25	0
79	26	0
79	27	0
79	28	0
79	29	0
79	30	0
79	31	0
79	32	0.067
79	33	0.571
79	34	0.5
79	35	0.286
79	37	0.333
79	38	0.333
79	39	0.333
79	40	0.278
79	41	0
79	42	0.25
79	43	0.2
79	44	0.375
79	45	0.471
79	46	0.529
79	47	0.6
79	48	0.5
79	49	0.2
79	50	0.786
79	51	0.6
79	52	0.571
79	53	0.667
79	54	0.667
79	55	0.538
79	56	0.5
79	57	0.714
79	58	0.84
79	59	0.75
79	60	0.75
80	0	0.033
80	1	0
80	2	0
80	3	0
80	4	0
80	5	0
80	6	0
80	7	0
80	8	0.043
80	9	0.103
80	10	0
80	11	0
80	12	0
80	13	0
80	14	0
80	15	0
80	16	0
80	17	0
80	18	0
80	19	0
80	20	0
80	21	0
80	22	0
80	23	0
80	24	0
80	25	0
80	26	0
80	27	0
80	28	0
80	29	0
80	30	0
80	31	0
80	32	0
80	33	0
80	34	0.2
80	35	0
80	37	0
80	38	0
80	39	0
80	40	0.111
80	41	0
80	42	0
80	43	0.2
80	44	0.091
80	45	0.308
80	46	0.364
80	47	0.125
80	48	0.273
80	49	0
80	50	0.308
80	51	0
80	52	0.333
80	53	0.143
80	54	0.286
80	55	0.333
80	56	0.462
80	57	0.333
80	58	0.462
80	59	0.368
80	60	0.417
81	11	0
81	12	0
81	13	0
81	14	0
81	15	0
81	16	0
81	17	0
81	18	0
81	19	0
81	20	0
81	21	0
81	22	0
81	23	0
81	24	0
81	25	0.067
81	26	0.156
81	27	0.125
81	28	0
81	29	0
81	30	0
81	31	0.067
81	32	0.045
81	33	0.679
81	34	0.444
81	35	0.357
81	37	0.333
81	38	0.375
81	39	0.385
81	40	0.448
81	43	0
81	44	0.522
81	45	0.458
81	46	0.536
81	47	0
82	0	0.115
82	1	0
82	2	0.143
82	3	0.25
82	4	0.333
82	5	0
82	6	0
82	7	0
82	8	0.2
82	9	0.333
82	10	0
82	11	0
82	12	0
82	13	0
82	14	0
82	15	0
82	16	0
82	17	0
82	18	0
82	19	0
82	20	0
82	21	0
82	22	0
82	23	0
82	24	0
82	25	0
82	26	0.2
82	27	0
82	28	0
82	29	0
82	30	0
82	31	0
82	32	0.25
82	33	0.625
82	34	1
82	47	0.654
82	48	0.357
82	49	0.333
82	50	0.4
82	51	0.267
82	52	0.5
82	53	0.231
82	54	0.409
82	55	0.444
82	56	0.333
82	57	0.559
82	58	0.649
82	59	0.649
82	60	0.364
83	0	0.051
83	1	0
83	2	0
83	3	0.059
83	4	0.105
83	5	0
83	6	0
83	7	0
83	8	0
83	9	0.083
83	10	0
83	11	0
83	12	0
83	13	0
83	14	0
83	15	0
83	16	0
83	17	0
83	18	0
83	34	0.5
83	35	0.5
83	36	0
83	37	0
83	38	0
83	39	0.5
83	40	0.2
83	41	1
83	43	0.75
83	44	0.667
83	45	0.571
83	46	0.6
83	47	0.667
83	48	0.667
83	50	0.625
83	51	1
83	52	0.333
83	53	0.6
83	54	0.571
83	55	1
83	56	0.6
83	57	0.75
83	58	0.714
83	59	0.5
83	60	0.8
84	18	0
84	19	0
84	20	0
84	21	0
84	22	0
84	23	0
84	24	0
84	25	0
84	26	0.132
84	27	0
84	28	0
84	29	0
84	30	0
84	31	0
84	32	0.048
84	33	0.571
84	34	0.35
84	35	0.25
84	36	0
84	37	0.4
84	38	0.167
84	39	0.364
84	40	0.414
84	41	0.333
84	42	0.714
84	43	0.286
84	44	0.556
84	45	0.778
84	46	0.667
84	47	0.615
84	48	0.294
84	49	0.333
84	50	0.8
85	0	0.043
85	1	0
85	2	0
85	3	0
85	4	0
85	5	0
85	6	0
85	7	0
85	8	0
85	9	0
85	10	0
85	11	0
85	12	0
85	13	0
85	50	0.562
85	51	0.2
85	52	0.571
85	53	0.455
85	54	0.375
85	55	0.333
85	56	0.706
85	57	0.743
85	58	0.579
85	59	0.636
85	60	0.444
86	13	0
86	14	0
86	15	0
86	16	0
86	17	0
86	18	0
86	19	0
86	20	0
86	21	0
86	22	0
86	23	0
86	24	0
86	25	0
86	26	0.054
86	27	0
86	28	0
86	29	0
86	30	0
86	31	0
86	32	0
86	33	0.409
86	34	0.417
86	35	0.176
86	36	0
86	37	0.25
86	38	0.143
86	39	0.412
86	40	0.217
86	41	1
86	42	0.5
86	43	0
86	44	0.3
86	45	0.429
87	0	0.167
87	1	0
87	2	0
87	3	0
87	4	0
87	5	0
87	6	0
87	7	0
87	8	0
87	9	0
87	10	0
87	11	0
87	12	0
87	13	0
87	14	0
87	15	0
87	16	0
87	17	0
87	18	0
87	19	0
87	20	0
87	21	0
87	22	0
87	23	0
87	25	0
87	26	0
87	27	0
87	28	0
87	29	0
87	30	0
87	31	0
87	32	0
87	33	0.6
87	34	0.6
87	45	0.333
87	46	0.296
87	47	0.4
87	48	0.438
87	49	0.4
87	50	0.469
87	51	0.417
87	52	0.385
87	53	0.421
87	54	0.278
87	55	0.417
87	56	0.636
87	57	0.64
87	58	0.652
87	59	0.6
87	60	0.56
88	0	0.016
88	1	0
88	2	0
88	3	0
88	4	0
88	5	0
88	6	0
88	7	0
88	8	0
88	9	0.15
88	10	0
88	11	0
88	12	0
88	13	0
88	14	0
88	15	0
88	16	0
88	17	0
88	18	0
88	19	0
88	20	0
88	21	0
88	22	0
88	23	0
88	24	0
88	25	0
88	26	0
88	28	0
88	29	0
88	30	0
88	31	0
88	32	0
88	33	0.375
88	34	0.667
88	35	0.143
88	37	0.167
88	38	0.2
88	39	0.143
88	40	0.167
88	41	0.2
88	42	0.5
88	43	0.571
88	44	0.6
88	45	0.429
88	46	0.529
88	47	0.222
88	48	0.333
88	49	0
88	50	0.444
88	51	0.333
88	52	0.2
88	53	0.167
88	54	0.222
88	55	0.167
88	56	0.4
88	57	0.632
88	58	0.765
88	59	0.81
88	60	0.556
89	0	0
89	1	0
89	2	0
89	3	0
89	4	0
89	5	0
89	6	0
89	7	0
89	8	0
89	9	0.111
89	10	0
89	11	0
89	12	0
89	13	0
89	14	0
89	15	0
89	16	0
89	17	0
89	18	0
89	19	0
89	20	0
89	21	0
89	22	0
89	23	0
89	24	0
89	25	0
89	26	0
89	27	0
89	28	0
89	29	0
89	30	0
89	31	0.067
89	32	0.091
89	33	0.545
89	34	0.5
89	35	0.333
89	36	0.5
89	37	0.375
89	38	0.167
89	39	0.429
89	40	0.385
89	43	0.333
89	44	0.438
89	45	0.6
89	46	0.562
89	47	0.529
89	48	0.4
89	49	0.333
89	50	0.391
89	51	0.5
89	52	0.429
89	53	0.333
89	54	0.333
89	55	0.429
89	56	0.636
89	57	0.625
89	58	0.679
89	59	0.7
89	60	0.759
90	0	0
90	1	0
90	2	0
90	3	0
90	4	0
90	5	0
90	6	0
90	7	0
90	8	0
90	9	0.385
90	10	0
90	11	0
90	12	0
90	13	0
90	14	0
90	15	0
90	16	0
90	17	0
90	18	0
90	19	0
90	20	0
90	21	0
90	22	0
90	23	0
90	24	0
90	25	0
90	26	0
90	27	0
90	28	0
90	29	0
90	30	0
90	31	0
90	32	0
90	33	0.111
90	34	0.231
90	35	0.222
90	36	0
90	37	0.182
90	38	0.286
90	39	0.1
90	40	0.235
90	41	0
90	42	0.4
90	43	0.333
90	44	0.286
90	45	0.389
90	46	0.345
90	47	0.294
90	48	0.143
90	49	0.5
90	50	0.35
90	51	0.4
90	52	0.111
90	53	0.1
90	54	0.286
90	55	0.417
90	56	0.353
90	57	0.5
90	58	0.577
90	59	0.714
90	60	0.417
91	0	0.093
91	1	0
91	2	0
91	3	0
91	4	0
91	5	0
91	6	0
91	7	0
91	8	0
91	9	0.267
91	10	0
91	11	0
91	12	0
91	13	0
91	14	0
91	15	0
91	16	0
91	17	0
91	18	0
91	19	0
91	20	0
91	21	0
91	22	0
91	23	0
91	24	0
91	25	0
91	26	0
91	27	0
91	28	0
91	30	0
91	31	0
91	32	0
91	33	0.538
91	34	0.778
91	35	0.385
91	37	0.286
91	38	0.333
91	39	0.333
91	40	0.471
91	41	1
91	42	1
91	43	0.25
91	44	0.294
91	45	0.182
91	46	0.143
91	47	0.111
91	48	0.25
91	49	0.167
91	50	0.353
91	51	0.4
91	52	0.4
91	53	0.182
91	54	0.571
91	55	0.357
91	56	0.333
91	57	0.68
91	58	0.5
91	59	0.529
91	60	0.25
92	0	0.082
92	1	0
92	2	0
92	3	0
92	4	0
92	5	0
92	6	0
92	7	0
92	8	0
92	9	0.182
92	10	0
92	11	0
92	12	0
92	13	0
92	14	0
92	15	0
92	16	0
92	17	0
92	18	0
92	19	0
92	20	0
92	21	0
92	22	0
92	23	0
92	24	0
92	25	0
92	26	0.125
92	27	0
92	28	0
92	29	0
92	30	0.2
92	31	0.125
92	32	0.182
92	33	0.467
92	34	0.625
92	35	0.2
92	36	0.5
92	37	0
92	38	0.25
92	39	0.4
92	40	0.333
92	42	0
92	43	0
92	44	0.385
92	45	0.7
92	46	0.538
92	47	0.6
92	48	0.286
92	49	0
92	50	0.4
92	51	0.571
92	52	0.25
92	53	0.6
92	54	0.571
92	55	0.6
92	56	0.692
92	57	0.529
92	58	0.541
92	59	0.537
92	60	0.342
93	0	0.148
93	1	0
93	2	0
93	3	0
93	4	0
93	5	0
93	6	0
93	7	0
93	8	0
93	9	0.118
93	10	0
93	11	0
93	12	0
93	13	0
93	14	0
93	15	0
93	16	0
93	17	0
93	18	0
93	19	0
93	20	0
93	21	0
93	22	0
93	23	0
93	24	0
93	25	0
93	26	0
93	27	0
93	28	0
93	29	0
93	30	0
93	31	0.2
93	32	0.077
93	33	0.444
93	34	0.571
93	35	0.429
93	37	0.2
93	38	0.25
93	39	0.143
93	40	0.25
93	41	1
93	42	1
93	43	0.25
93	44	0.467
93	45	0.462
93	46	0.565
93	47	0.438
93	48	0.1
93	49	0.778
93	50	0.214
93	51	0.286
93	52	0.333
93	53	0.3
93	54	0.167
93	55	0.091
93	56	0.643
93	57	0.684
93	58	0.727
93	59	0.545
93	60	0.76
94	11	0
94	12	0
94	13	0
94	14	0
94	15	0
94	16	0
94	17	0
94	18	0
94	19	0
94	20	0
94	21	0
94	22	0
94	23	0
94	24	0
94	25	0
94	26	0.059
94	27	0
94	28	0
94	29	0
94	30	0.1
94	31	0.1
94	32	0
94	33	0.636
94	34	0.333
94	35	0.375
94	36	0.333
94	37	0.188
94	38	0.5
94	39	0.571
94	40	0.435
94	41	1
94	42	1
94	43	0.4
94	44	0.273
94	45	0.647
94	46	0.826
94	47	0.696
94	48	0.5
94	49	0.75
94	50	0.763
94	51	0.308
94	52	0.4
94	53	0.333
94	54	0.294
94	55	0.533
94	56	0.65
94	57	0.939
94	58	0.872
94	59	0.69
95	0	0.016
95	1	0
95	2	0
95	3	0
95	4	0
95	5	0
95	6	0
95	7	0
95	8	0.03
95	9	0.071
95	10	0
95	11	0
95	12	0
95	13	0
95	14	0
95	15	0
95	16	0
95	17	0
95	18	0
95	19	0
95	20	0
95	21	0
95	22	0
95	23	0
95	24	0
95	25	0
95	26	0
95	27	0.333
95	28	0
95	29	0
95	30	0
95	31	0.1
95	32	0.176
95	33	0.333
95	34	0.357
95	35	0.5
95	36	0
95	37	0.286
95	38	0.4
95	39	0.167
95	40	0.35
95	41	0
95	42	0.75
95	43	0.25
95	44	0.389
95	45	0.333
95	46	0.552
95	47	0.412
95	48	0.556
95	49	0.462
95	50	0.619
95	51	0.375
95	52	0.333
95	53	0.667
95	54	0.4
95	55	0.6
95	56	0.583
95	57	0.545
95	58	0.727
95	59	0.375
95	60	0.673
96	0	0.028
96	1	0
96	2	0
96	3	0
96	4	0
96	5	0
96	6	0
96	7	0
96	8	0
96	9	0.206
96	10	0
96	11	0
96	12	0
96	13	0
96	14	0
96	15	0
96	16	0
96	17	0
96	18	0
96	19	0
96	20	0
96	21	0
96	22	0
96	23	0
96	24	0
96	25	0
96	26	0
96	27	0
96	28	0
96	29	0
96	30	0
96	31	0
96	32	0
96	33	0.411
96	34	0.264
96	35	0.067
96	37	0
96	38	0
96	39	0.25
96	40	0.75
96	43	0
96	44	0.5
96	45	0.5
96	46	0.5
96	47	0.5
96	48	0.5
96	49	1
96	50	0.6
96	51	1
96	52	0
96	53	0.125
96	54	0.5
96	55	0.75
96	56	0.571
96	57	0.727
96	58	0.724
96	59	0.625
96	60	0.462
97	0	0
97	1	0
97	2	0
97	3	0
97	4	0
97	5	0
97	6	0
97	7	0
97	8	0
97	9	0.071
97	10	0
97	11	0
97	12	0
97	13	0
97	14	0
97	15	0
97	16	0
97	17	0
97	18	0
97	19	0
97	20	0
97	21	0
97	22	0
97	23	0
97	24	0
97	25	0
97	26	0
97	33	0.429
97	34	0.357
97	35	0.326
97	36	0.118
97	37	0.218
97	38	0.302
97	39	0.236
97	40	0.29
97	41	0.4
97	42	0.294
97	43	0.25
97	44	0.248
97	45	0.278
97	46	0.33
97	47	0.19
97	48	0.214
97	49	0.242
97	50	0.312
97	51	0.245
97	52	0.333
97	53	0.14
97	54	0.235
97	55	0.4
97	56	0.407
97	57	0.674
97	58	0.767
97	59	0.722
97	60	0.6
98	0	0.094
98	1	0
98	2	0
98	3	0
98	4	0
98	5	0
98	6	0
98	7	0
98	8	0.067
98	9	0.375
98	10	0
98	11	0
98	12	0
98	13	0
98	14	0
98	15	0
98	16	0
98	17	0
98	18	0
98	19	0
98	20	0
98	21	0
98	22	0
98	23	0
98	24	0
98	25	0
98	26	0
98	27	0
98	28	0
98	29	0
98	30	0
98	31	0
98	32	0.048
98	33	0.583
98	34	0.7
98	35	0.25
98	37	0.143
98	38	0.25
98	39	0.25
98	40	0.476
98	41	1
98	42	1
98	43	1
98	44	0.6
98	45	0.75
98	46	0.667
98	47	0.625
98	48	0.615
98	49	0.579
98	50	0.75
98	51	0.625
98	52	0.667
98	53	0.5
98	54	0.313
98	55	0.305
98	56	0.397
98	57	0.428
98	58	0.407
98	59	0.403
98	60	0.479
99	0	0.014
99	1	0
99	2	0
99	3	0
99	4	0
99	5	0
99	6	0
99	7	0
99	8	0
99	9	0.087
99	10	0
99	11	0
99	12	0
99	13	0
99	14	0
99	15	0
99	16	0
99	17	0
99	18	0
99	19	0
99	20	0
99	21	0
99	22	0
99	23	0
99	24	0
99	25	0.042
99	26	0.034
99	27	0
99	28	0
99	29	0
99	30	0
99	31	0
99	32	0.105
99	33	0.245
99	34	0.211
99	35	0.094
99	36	0
99	37	0.12
99	38	0.235
99	39	0.32
99	40	0.378
99	41	0.429
99	42	0.692
99	43	0.75
99	44	0.39
99	45	0.667
99	46	0.5
99	47	0.424
99	48	0.238
99	49	0.438
99	50	0.333
99	51	0.364
99	52	0.333
99	53	0.333
99	54	0.367
99	55	0.387
99	56	0.516
99	57	0.549
99	58	0.695
99	59	0.487
99	60	0.6
100	0	0.099
100	1	0
100	2	0
100	3	0
100	4	0
100	5	0
100	6	0
100	7	0
100	8	0.032
100	9	0.071
100	10	0
100	11	0
100	12	0
100	13	0
100	14	0
100	15	0
100	16	0
100	17	0
100	18	0
100	19	0
100	20	0
100	21	0
100	22	0
100	23	0
100	24	0
100	25	0
100	26	0
100	27	0
100	28	0
100	29	0
100	30	0
100	31	0
100	32	0
100	33	0.522
100	34	0.438
100	35	0.2
100	36	0
100	37	0.214
100	38	0.167
100	39	0.278
100	40	0.275
100	41	0
100	42	0.333
100	43	0.188
100	44	0.2
100	45	0.278
100	46	0.381
100	47	0.31
100	48	0.36
100	49	0.375
100	50	0.425
100	51	0.259
100	52	0.294
100	53	0.333
100	54	0.308
100	55	0.476
100	56	0.359
100	57	0.553
100	58	0.554
100	59	0.653
100	60	0.629
101	0	0
101	1	0
101	2	0
101	3	0
101	4	0
101	5	0
101	6	0
101	7	0
101	8	0
101	9	0.167
101	10	0
101	11	0
101	12	0
101	13	0
101	14	0
101	15	0
101	16	0
101	17	0
101	18	0
101	19	0
101	20	0
101	21	0
101	22	0
101	23	0
101	24	0
101	25	0.032
101	26	0.049
101	27	0
101	28	0.067
101	29	0
101	30	0
101	31	0
101	32	0.043
101	33	0.255
101	34	0.263
101	35	0.03
101	36	0
101	37	0.053
101	38	0.25
101	39	0.545
101	40	0.469
101	41	0
101	42	0.667
101	43	0.417
101	44	0.576
101	45	0.606
101	46	0.636
101	47	0.448
101	48	0.517
101	49	0.769
101	50	0.625
101	51	0.333
101	52	0.455
101	53	0.5
101	54	0.304
101	55	0.281
101	56	0.423
101	57	0.691
101	58	0.683
101	59	0.353
101	60	0.25
102	0	0.099
102	1	0
102	2	0
102	3	0
102	4	0
102	5	0
102	6	0
102	7	0
102	8	0
102	9	0.138
102	10	0
102	11	0
102	12	0
102	13	0
102	14	0
102	15	0
102	16	0
102	17	0
102	18	0
102	19	0
102	20	0
102	21	0
102	22	0
102	23	0
102	24	0
102	25	0
102	26	0
102	27	0
102	28	0
102	29	0
102	30	0
102	31	0
102	32	0
102	33	0.286
102	34	0.25
102	35	0.111
102	36	0
102	37	0.167
102	38	0
102	39	0.043
102	40	0.195
102	41	0
102	42	0.2
102	43	0.083
102	44	0.2
102	45	0.268
102	46	0.184
102	47	0.188
102	48	0.226
102	49	0.308
102	50	0.176
102	51	0.261
102	52	0.143
102	53	0.179
102	54	0.132
102	55	0.139
102	56	0.216
102	57	0.514
102	58	0.435
102	59	0.39
102	60	0.632
103	0	0.053
103	1	0
103	2	0
103	3	0
103	4	0
103	5	0
103	6	0
103	7	0
103	8	0
103	9	0.089
103	10	0
103	11	0
103	12	0
103	13	0
103	14	0
103	15	0
103	16	0
103	17	0
103	18	0
103	19	0
103	20	0
103	21	0
103	22	0
103	23	0
103	24	0
103	25	0
103	26	0
103	27	0
103	28	0
103	29	0
103	30	0
103	31	0
103	32	0
103	33	0.192
103	34	0.316
103	35	0.158
103	36	0
103	37	0.071
103	38	0.273
103	39	0.68
103	40	0.464
103	41	0
103	42	0
103	43	0.143
103	44	0.303
103	45	0.452
103	46	0.486
103	47	0.393
103	48	0.294
103	49	0.714
103	50	0.514
103	51	0.467
103	52	0.385
103	53	0.333
103	54	0.28
103	55	0.5
103	56	0.48
103	57	0.68
103	58	0.615
103	59	0.518
103	60	0.438
104	0	0
104	1	0
104	2	0
104	3	0
104	4	0
104	5	0
104	6	0
104	7	0
104	8	0
104	9	0
104	10	0
104	11	0
104	12	0
104	13	0
104	14	0
104	15	0
104	16	0
104	17	0
104	18	0
104	19	0
104	20	0
104	21	0
104	22	0
104	23	0
104	24	0
104	25	0
104	26	0
104	27	0
104	28	0
104	29	0
104	30	0
104	31	0
104	32	0
104	33	0.175
104	34	0.2
104	35	0.036
104	36	0.143
104	37	0.095
104	38	0.118
104	39	0.053
104	40	0.091
104	41	0.5
104	42	0.25
104	43	0.125
104	44	0.093
104	45	0.143
104	46	0.222
104	47	0.111
104	48	0.125
104	49	0
104	50	0.121
104	51	0.167
104	52	0.235
104	53	0.16
104	54	0.143
104	55	0.19
104	56	0.175
104	57	0.262
104	58	0.268
104	59	0.304
104	60	0.35
105	0	0.063
105	1	0
105	2	0
105	3	0
105	4	0
105	5	0
105	6	0
105	7	0
105	8	0
105	9	0
105	10	0
105	11	0
105	12	0
105	13	0
105	14	0
105	15	0
105	16	0
105	17	0
105	18	0
105	19	0
105	20	0
105	21	0
105	22	0
105	23	0
105	24	0
105	25	0
105	26	0
105	27	0
105	28	0
105	29	0
105	30	0
105	31	0
105	32	0
105	33	0.237
105	34	0.136
105	35	0
105	36	0
105	37	0.188
105	38	0
105	39	0.062
105	40	0
105	41	0.4
105	42	0.375
105	43	0.357
105	44	0.132
105	45	0.167
105	46	0.139
105	47	0.192
105	48	0.105
105	49	0
105	50	0.167
105	51	0.211
105	52	0.353
105	53	0.269
105	54	0.321
105	55	0.235
105	56	0.435
105	57	0.44
105	58	0.441
105	59	0.472
105	60	0.436
106	0	0
106	1	0
106	2	0
106	3	0
106	4	0
106	5	0
106	6	0
106	7	0
106	8	0
106	9	0
106	10	0
106	11	0
106	12	0
106	13	0
106	14	0
106	15	0
106	16	0
106	17	0
106	18	0
106	19	0
106	20	0
106	21	0
106	22	0
106	23	0
106	24	0
106	25	0
106	26	0
106	27	0
106	28	0
106	29	0
106	30	0
106	31	0
106	32	0
106	33	0.36
106	34	0.273
106	35	0.222
106	36	0
106	37	0.278
106	38	0.286
106	39	0.389
106	40	0.24
106	41	0
106	42	0.214
106	43	0
106	44	0.286
106	45	0.333
106	46	0.2
106	47	0.343
106	48	0.136
106	49	1
106	50	0.25
106	51	0.231
106	52	0.263
106	53	0.471
106	54	0.333
106	55	0.227
106	56	0.679
106	57	0.617
106	58	0.56
106	59	0.315
106	60	0.397
107	0	0
107	1	0
107	2	0
107	3	0
107	4	0
107	5	0
107	6	0
107	7	0
107	8	0
107	9	0.158
107	10	0
107	11	0
107	12	0
107	13	0
107	14	0
107	15	0
107	16	0
107	17	0
107	18	0
107	19	0
107	20	0
107	21	0
107	22	0
107	23	0
107	24	0
107	25	0
107	26	0
107	27	0
107	28	0
107	29	0
107	30	0
107	31	0
107	32	0
107	33	0.172
107	34	0.074
107	35	0.091
107	36	0
107	37	0
107	38	0.056
107	39	0.1
107	40	0.194
107	42	0
107	43	0.286
107	44	0.16
107	45	0.222
107	46	0.292
107	47	0.286
107	48	0.2
107	49	0.5
107	50	0.238
107	51	0.267
107	52	0.375
107	53	0.235
107	54	0.429
107	55	0.25
107	56	0.292
107	57	0.396
107	58	0.533
107	59	0.422
107	60	0.424
108	0	0
108	1	0
108	2	0
108	3	0
108	4	0
108	5	0
108	6	0
108	7	0
108	8	0
108	9	0
108	10	0
108	11	0
108	12	0
108	13	0
108	14	0
108	15	0
108	16	0
108	17	0
108	18	0
108	19	0
108	20	0
108	21	0
108	22	0
108	23	0
108	24	0
108	25	0
108	26	0
108	27	0
108	28	0
108	29	0
108	30	0
108	31	0.056
108	32	0.044
108	33	0.432
108	34	0.333
108	35	0.148
108	36	0.25
108	37	0.19
108	38	0.167
108	39	0.19
108	40	0.39
108	41	0.5
108	42	0.625
108	43	0.417
108	44	0.324
108	45	0.361
108	46	0.257
108	47	0.172
108	48	0.217
108	49	0.167
108	50	0.25
108	51	0.267
108	52	0.316
108	53	0.28
108	54	0.25
108	55	0.571
108	56	0
108	57	0.2
108	58	0.263
108	59	0.211
108	60	0.429
109	0	0.047
109	1	0
109	2	0
109	3	0
109	4	0
109	5	0
109	6	0
109	7	0
109	8	0
109	9	0.182
109	10	0
109	11	0
109	12	0
109	13	0
109	14	0
109	15	0
109	16	0
109	17	0
109	18	0
109	19	0.083
109	20	0
109	21	0
109	22	0
109	23	0
109	24	0
109	25	0
109	26	0
109	27	0
109	28	0
109	29	0
109	30	0
109	31	0
109	32	0
109	33	0.267
109	34	0.308
109	35	0.273
109	36	1
109	37	0.429
109	38	0.25
109	39	0
109	40	0.222
109	43	0
109	44	0.125
109	45	0.286
109	46	0.308
109	47	0
109	48	0.214
109	49	0
109	50	0.333
109	51	0.357
109	52	0.286
109	53	0.308
109	54	0.483
109	55	0.483
109	56	0.4
109	57	0.39
109	58	0.4
109	59	0.414
109	60	0.326
110	0	0.083
110	1	0
110	2	0
110	3	0
110	4	0
110	5	0
110	6	0
110	7	0
110	8	0
110	9	0.037
110	10	0
110	11	0
110	12	0
110	13	0
110	14	0
110	15	0
110	16	0
110	17	0
110	18	0.026
110	19	0
110	20	0
110	21	0
110	22	0
110	23	0
110	24	0
110	25	0.114
110	26	0.25
110	27	0.083
110	28	0
110	29	0.143
110	30	0.034
110	31	0.043
110	32	0.125
110	33	0.281
110	34	0.378
110	35	0.208
110	36	0
110	37	0
110	38	0
110	39	0.167
110	40	0.083
110	41	1
110	42	0.5
110	43	0.333
110	44	0.364
110	45	0.1
110	46	0.111
110	47	0
110	48	0
110	49	0
110	50	0.143
110	51	0.167
110	52	0.167
110	53	0.125
110	54	0.333
110	55	0.111
110	56	0
110	57	0.111
110	58	0.154
110	59	0.235
110	60	0.143
111	0	0
111	1	0
111	2	0
111	3	0
111	4	0
111	5	0
111	6	0
111	13	0
111	14	0
111	15	0
111	16	0
111	17	0
111	18	0
111	19	0
111	20	0
111	21	0
111	22	0
111	23	0
111	24	0
111	25	0
111	26	0
111	27	0
111	28	0
111	29	0
111	30	0
111	31	0
111	32	0
111	33	0
111	34	0.077
111	35	0
111	36	0
111	37	0.133
111	38	0.24
111	39	0.28
111	40	0.277
111	41	0.2
111	42	0.133
111	43	0.143
111	44	0.25
111	45	0.5
111	46	0.244
111	47	0.257
111	48	0.2
111	49	0.5
111	50	0.359
111	51	0.476
111	52	0.28
111	53	0.5
111	54	0.375
111	55	0.371
111	56	0.4
111	57	0.519
111	58	0.46
111	59	0.433
111	60	0.516
112	0	0
112	1	0
112	2	0
112	3	0
112	4	0
112	5	0
112	6	0
112	7	0
112	8	0
112	9	0
112	10	0
112	11	0
112	12	0
112	13	0
112	14	0
112	15	0
112	16	0
112	17	0
112	18	0
112	19	0
112	20	0
112	21	0
112	22	0
112	23	0
112	24	0
112	25	0.053
112	26	0.167
112	27	0.091
112	28	0
112	29	0.2
112	30	0.056
112	31	0.167
112	32	0.12
112	33	0.333
112	34	0.2
112	35	0.286
112	36	0
112	37	0.2
112	38	0.091
112	39	0.375
112	40	0.5
112	41	1
112	42	0
112	43	0.333
112	44	0.333
112	45	0.364
112	46	0.308
112	47	0.333
112	48	0.222
112	49	0.5
112	50	0.182
112	51	0.5
112	52	0.25
112	53	0.375
112	54	0.5
112	55	0.375
112	56	0.467
112	57	0.458
112	58	0.32
112	59	0.188
112	60	0.361
113	0	0
113	1	0
113	2	0
113	3	0
113	4	0
113	5	0
113	6	0
113	7	0
113	8	0
113	9	0.222
113	10	0
113	11	0
113	12	0
113	13	0
113	14	0
113	15	0
113	16	0
113	17	0
113	18	0
113	19	0
113	20	0
113	21	0
113	22	0
113	23	0
113	24	0
113	25	0
113	26	0
113	27	0
113	28	0
113	29	0
113	30	0
113	31	0
113	32	0
113	33	0.1
113	34	0
113	35	0
113	37	0
113	38	0.286
113	39	0
113	40	0.15
113	41	0.333
113	42	0.125
113	43	0.25
113	44	0.364
113	45	0.684
113	46	0.3
113	47	0.286
113	48	0.273
113	49	0.167
113	50	0.2
113	51	0.4
113	52	0.1
113	53	0.111
113	54	0.222
113	55	0
113	56	0.286
113	57	0.375
113	58	0.5
113	59	0.542
113	60	0.462
114	0	0
114	1	0
114	2	0
114	3	0
114	4	0
114	5	0
114	6	0
114	7	0
114	8	0
114	9	0
114	10	0
114	11	0
114	12	0
114	13	0
114	14	0
114	15	0
114	16	0
114	17	0
114	18	0
114	19	0
114	20	0
114	21	0
114	23	0
114	24	0
114	25	0
114	26	0
114	27	0
114	28	0
114	29	0
114	30	0
114	31	0
114	32	0
114	33	0.222
114	34	0.333
114	35	0.2
114	36	0.167
114	37	0.158
114	38	0.2
114	39	0.13
114	40	0.139
114	41	0
114	42	0.333
114	43	0.2
114	44	0.371
114	45	0.37
114	46	0.273
114	47	0.192
114	48	0.19
114	49	0.286
114	50	0.3
114	51	0.294
114	52	0.286
114	53	0.333
114	54	0.25
114	55	0.241
114	56	0.485
114	57	0.436
114	58	0.645
114	59	0.533
114	60	0.227
115	0	0.013
115	1	0
115	2	0
115	3	0
115	4	0
115	5	0
115	6	0
115	7	0
115	8	0.059
115	9	0.231
115	10	0
115	11	0
115	12	0
115	13	0
115	14	0
115	15	0
115	16	0
115	17	0
115	18	0
115	19	0
115	20	0
115	21	0
115	22	0
115	23	0
115	24	0
115	25	0
115	26	0
115	27	0.5
115	28	0
115	29	0
115	30	0.2
115	31	0
115	32	0.182
115	33	0.077
115	34	0.429
115	35	0.167
115	37	0
115	38	0.25
115	39	0.25
115	40	0.3
115	43	0
115	44	0.4
115	45	0.2
115	46	0.222
115	47	0.333
115	48	0.167
115	50	0.286
115	51	0.5
115	52	0
115	53	0.25
115	54	0.143
115	55	0.2
115	56	0.167
115	57	0.632
115	58	0.608
115	59	0.549
115	60	0.405
116	0	0.375
116	1	0
116	2	0
116	3	0
116	4	0
116	5	0
116	6	0
116	7	0
116	8	0
116	9	0
116	10	0
116	11	0
116	12	0
116	13	0
116	14	0
116	15	0
116	16	0
116	17	0
116	18	0
116	19	0
116	20	0
116	21	0
116	22	0
116	23	0
116	24	0
116	25	0
116	26	0
116	27	0
116	28	0
116	29	0
116	30	0
116	31	0
116	32	0
116	33	0.143
116	34	0.136
116	35	0.136
116	36	0.25
116	37	0
116	38	0.25
116	39	0.111
116	40	0.381
116	43	0
116	44	0.077
116	45	0.417
116	46	0.273
116	47	0.182
116	48	0.3
116	49	0.6
116	50	0.538
116	51	0.25
116	52	0.167
116	53	0.222
116	54	0.2
116	55	0.286
116	56	0.143
116	57	0.52
116	58	0.579
116	59	0.619
116	60	0.471
117	0	0.078
117	1	0
117	2	0
117	3	0
117	4	0
117	5	0
117	6	0
117	7	0
117	8	0.062
117	9	0.375
117	10	0
117	11	0
117	12	0
117	13	0
117	14	0
117	15	0
117	16	0
117	17	0
117	18	0
117	19	0
117	20	0
117	39	0.125
117	40	0.118
117	41	0.333
117	42	0.5
117	43	0.333
117	44	0.263
117	45	0.308
117	46	0.235
117	47	0.067
117	48	0
117	49	0
117	50	0
117	51	0.167
117	52	0.2
117	53	0.091
117	54	0.222
117	55	0.125
117	56	0.2
117	57	0.269
117	58	0.435
117	59	0.444
117	60	0.28
118	7	0
118	8	0
118	9	0
118	10	0
118	11	0
118	12	0
118	13	0
118	14	0
118	15	0
118	16	0
118	17	0
118	18	0
118	19	0
118	20	0
118	21	0
118	22	0
118	23	0
118	24	0
118	25	0
118	26	0.158
118	27	0.053
118	28	0.067
118	29	0
118	30	0.077
118	31	0.12
118	32	0.062
118	33	0.381
118	34	0.353
118	35	0.25
118	36	0
118	37	0.15
118	38	0.25
118	39	0.6
118	40	0.5
118	41	1
118	42	1
118	43	1
118	44	0.65
118	45	0.667
118	46	0.444
119	0	0
119	1	0
119	2	0
119	3	0
119	4	0
119	5	0
119	6	0
119	7	0
119	8	0
119	9	0.25
119	10	0
119	38	0
119	39	0.154
119	40	0.125
119	41	0
119	42	0
119	43	0.111
119	44	0.12
119	45	0.235
119	46	0.259
119	47	0.364
119	48	0.24
119	49	0.4
119	50	0.487
119	51	0.36
119	52	0.391
119	53	0.375
119	54	0.469
119	55	0.414
119	56	0.5
119	57	0.634
119	58	0.529
119	59	0.517
119	60	0.483
120	0	0
120	1	0
120	2	0
120	3	0
120	4	0
120	5	0
120	6	0
120	7	0
120	8	0.059
120	9	0
120	10	0
120	11	0
120	12	0
120	13	0
120	14	0
120	15	0
120	16	0
120	17	0
120	18	0
120	19	0
120	20	0
120	21	0
120	22	0
120	23	0
120	24	0
120	25	0
120	26	0.077
120	27	0
120	28	0
120	29	0
120	30	0
120	31	0.143
120	32	0
120	33	0.357
120	34	0.417
120	35	0.286
120	36	0
120	37	0.2
120	38	0.429
120	39	0.25
120	40	0.333
120	42	1
120	43	0.286
120	44	0.333
120	45	0.6
120	46	0.154
120	47	0.4
120	48	0.143
120	49	0.2
120	50	0.25
120	51	0.286
120	52	0.125
120	53	0.143
120	54	0.091
120	55	0.2
120	56	0.273
120	57	0.409
120	58	0.333
120	59	0.333
120	60	0.333
121	0	0.099
121	1	0
121	2	0
121	3	0
121	4	0
121	5	0
121	6	0
121	7	0
121	8	0
121	13	0
121	14	0
121	15	0
121	16	0
121	17	0
121	18	0
121	19	0
121	20	0
121	21	0
121	22	0
121	23	0
121	24	0
121	25	0
121	26	0
121	27	0
121	28	0
121	29	0
121	30	0
121	31	0
121	32	0
121	33	0.208
121	34	0.188
121	35	0.071
121	36	0
121	37	0
121	38	0.273
121	39	0
121	40	0.25
121	41	0
121	42	0
121	43	0.125
121	44	0.074
121	45	0.083
121	46	0.333
121	47	1
121	48	0.5
121	50	0.5
121	51	0
121	52	1
121	53	0.5
121	54	0
121	55	0.5
121	56	1
121	57	0.571
121	58	0.75
121	59	0.333
121	60	0.25
122	0	0
122	1	0
122	2	0
122	3	0
122	4	0
122	5	0
122	6	0
122	7	0
122	8	0
122	9	0.227
122	10	0
122	11	0
122	12	0
122	13	0
122	14	0
122	15	0
122	16	0
122	17	0
122	18	0
122	19	0
122	20	0
122	21	0
122	22	0
122	23	0
122	24	0
122	25	0
122	26	0.2
122	45	0.333
122	46	0.211
122	47	0.083
122	48	0.2
122	49	0
122	50	0.167
122	51	0
122	52	0
122	53	0.083
122	54	0.222
122	55	0
122	56	0.083
122	57	0.074
122	58	0.12
122	59	0.069
122	60	0.095
123	18	0
123	19	0
123	20	0
123	21	0
123	22	0
123	23	0
123	24	0
123	25	0
123	26	0
123	27	0
123	28	0.062
123	29	0
123	30	0.176
123	31	0.138
123	32	0.132
123	33	0.4
123	34	0.5
123	35	0.273
123	36	0.2
123	37	0.2
123	38	0.5
123	39	0.407
123	40	0.388
123	41	0.5
123	42	0.4
123	43	0.333
123	44	0.229
123	45	0.359
123	46	0.13
123	47	0.1
123	48	0.111
123	49	0
123	50	0.091
123	51	0.286
123	52	0
123	53	0.333
123	54	0.5
123	55	0.2
123	56	0.333
123	57	0.2
123	58	1
124	0	0.007
124	1	0
124	2	0
124	3	0
124	4	0
124	5	0
124	6	0
124	8	0
124	9	0
124	10	0
124	11	0
124	12	0
124	14	0
124	15	0
124	17	0
124	18	0
124	19	0
124	20	0
124	21	0
124	22	0
124	23	0
124	24	0
124	25	0
124	26	0
124	27	0
124	28	0
124	31	0
124	32	0
124	33	0
124	34	0
124	35	0
124	36	0
124	37	0
124	38	0
124	39	0
124	40	0
124	43	0
124	44	0
124	45	0
124	46	0.333
124	47	0.3
124	48	0.111
124	49	0
124	50	0.167
124	51	0.222
124	52	0.333
124	53	0.368
124	54	0.238
124	55	0.316
124	56	0.333
124	57	0.63
124	58	0.475
124	59	0.407
124	60	0.308
125	0	0.165
125	1	0
125	2	0
125	3	0
125	4	0
125	5	0
125	6	0
125	7	0
125	8	0
125	9	0.062
125	10	0
125	11	0
125	12	0
125	13	0
125	14	0
125	15	0
125	16	0
125	17	0
125	18	0
125	19	0
125	20	0
125	21	0
125	22	0
125	23	0
125	24	0
125	25	0
125	26	0.333
125	27	0.333
125	28	0
125	30	0
125	31	0
125	32	0.375
125	33	0.5
125	34	0.667
125	35	0.333
125	36	0.5
125	37	0
125	38	0.25
125	39	0.333
125	40	0.571
125	41	1
125	42	0.5
125	43	0.4
125	44	0.571
125	45	0.75
125	46	0.8
125	47	0.25
125	48	0.5
125	50	0.5
125	51	0.333
125	52	0.857
125	53	0.4
125	54	0.5
125	55	0.667
125	56	0.8
125	57	0.714
125	58	0.857
125	59	0.875
125	60	0.889
126	0	0
126	1	0
126	2	0
126	3	0
126	4	0
126	5	0
126	6	0
126	7	0
126	8	0.067
126	9	0.214
126	10	0
126	11	0
126	12	0
126	13	0
126	14	0
126	15	0
126	16	0
126	17	0
126	18	0
126	19	0
126	25	0
126	26	0
126	27	0
126	28	0
126	29	0
126	30	0
126	31	0
126	32	0
126	33	0
126	34	0
126	35	0
126	36	0
126	37	0
126	38	0
126	39	0
126	40	0
126	41	0
126	42	0
126	43	0
126	44	0
126	45	0.083
126	46	0.045
126	47	0.071
126	48	0.062
126	49	0
126	50	0.062
126	51	0
127	0	0
127	1	0
127	2	0
127	3	0
127	4	0
127	6	0
127	7	0
127	8	0
127	9	0
127	10	0
127	11	0
127	12	0
127	13	0
127	14	0
127	15	0
127	16	0
127	17	0
127	18	0
127	19	0
127	20	0
127	21	0
127	22	0
127	23	0
127	24	0
127	25	0
127	26	0.059
127	27	0
127	28	0.1
127	29	0
127	30	0.083
127	31	0.091
127	32	0.095
127	33	0.409
127	34	0.522
127	35	0.4
127	36	0.5
127	37	0.417
127	38	0.333
127	39	0.333
127	40	0.37
127	41	0.75
127	42	0.571
127	43	0.5
127	44	0.286
127	45	0
127	46	0.333
127	47	0
127	48	0
127	50	0
127	51	0.1
127	52	0.091
127	53	0.071
127	54	0.095
127	55	0.059
127	56	0.05
127	57	0.086
127	58	0.179
127	59	0.105
127	60	0.174
128	0	0
128	1	0
128	2	0
128	3	0
128	4	0
128	5	0
128	6	0
128	7	0
128	8	0
128	9	0
128	10	0
128	11	0
128	13	0
128	14	0
128	15	0
128	16	0
128	17	0
128	18	0
128	19	0
128	20	0
128	21	0
128	22	0
128	23	0
128	24	0
128	25	0
128	26	0
128	27	0
128	28	0
128	29	0
128	30	0
128	31	0
128	32	0
128	33	0.167
128	34	0.143
128	35	0.25
128	36	0
128	37	0
128	38	0
128	39	0.143
128	40	0
128	43	0
128	44	0.385
128	45	0.417
128	46	0.462
128	47	0.2
128	48	0.2
128	49	0
128	50	0.389
128	51	0.231
128	52	0.636
128	53	0.5
128	54	0.286
128	55	0.267
128	56	0.333
128	57	0.571
128	58	0.721
128	59	0.457
128	60	0.406
129	0	0
129	1	0
129	2	0
129	3	0
129	4	0
129	5	0
129	6	0
129	7	0
129	8	0
129	9	0
129	10	0
129	11	0
129	12	0
129	13	0
129	14	0
129	15	0
129	16	0
129	17	0
129	18	0
129	19	0
129	20	0
129	21	0
129	22	0
129	23	0
129	24	0
129	25	0
129	26	0
129	27	0
129	28	0
129	29	0
129	30	0
129	31	0
129	32	0
129	33	0
129	34	0
129	35	0
129	37	0
129	38	0
129	39	0
129	40	0
129	42	0
129	43	0
129	44	0
129	45	0
129	46	0
129	47	0
129	48	0
129	49	0
129	50	0
129	51	0
129	52	0
129	53	0
129	54	0.438
129	55	0.545
129	56	0.7
129	57	0.286
129	58	0.5
129	59	0.222
129	60	0.286
130	0	0
130	1	0
130	2	0
130	3	0
130	4	0
130	5	0
130	6	0
130	7	0
130	8	0
130	9	0
130	10	0
130	11	0
130	12	0
130	13	0
130	14	0
130	15	0
130	16	0
130	17	0
130	18	0
130	19	0
130	20	0
130	21	0
130	22	0
130	23	0
130	24	0
130	25	0
130	26	0
130	27	0
130	29	0
130	30	0
130	31	0
130	32	0
130	33	0.2
130	34	0.267
130	35	0.167
130	36	0
130	37	0.111
130	38	0
130	39	0.231
130	40	0.2
130	43	0
130	44	0.053
130	45	0.071
130	46	0.056
130	47	0
130	48	0
130	49	0
130	50	0.167
130	51	0.091
130	52	0.1
130	53	0
130	54	0.222
130	55	0.083
130	56	0.083
130	57	0.189
130	58	0.381
130	59	0.227
130	60	0
131	0	0.085
131	1	0
131	2	0
131	3	0
131	4	0
131	5	0
131	6	0
131	7	0
131	8	0
131	9	0
131	10	0
131	11	0
131	13	0
131	14	0
131	15	0
131	16	0
131	17	0
131	18	0
131	19	0
131	20	0
131	22	0
131	23	0
131	25	0
131	26	0
131	27	0
131	28	0
131	29	0
131	30	0
131	31	0
131	32	0
131	33	0.059
131	34	0.182
131	35	0.222
131	36	0.25
131	37	0.1
131	38	0.1
131	39	0.25
131	40	0.15
131	41	0.5
131	42	0.429
131	43	0.25
131	44	0.125
131	45	0.091
131	46	0.095
131	47	0.111
131	48	0
131	49	0
131	50	0
131	51	0
131	52	0
131	53	0.125
131	54	0.071
131	55	0.25
131	56	0.167
131	57	0.107
131	58	0.143
131	59	0.312
131	60	0.125
132	0	0
132	1	0
132	2	0
132	3	0
132	4	0
132	5	0
132	6	0
132	7	0
132	8	0
132	9	0
132	10	0
132	11	0
132	12	0
132	13	0
132	14	0
132	15	0
132	16	0
132	17	0
132	18	0
132	19	0
132	20	0
132	21	0
132	22	0
132	23	0
132	24	0
132	25	0
132	26	0
132	27	0
132	28	0
132	29	0
132	30	0
132	31	0.143
132	32	0.042
132	33	0.381
132	34	0.286
132	59	0
132	60	0
133	25	0
133	26	0
133	27	0
133	28	0
133	29	0
133	30	0
133	31	0
133	32	0
133	33	0.077
133	34	0.087
133	35	0.167
133	36	0.25
133	37	0.111
133	38	0.174
133	39	0.214
133	40	0.289
133	41	0.2
133	42	0.091
133	43	0
133	44	0.146
133	45	0.143
133	46	0.189
133	47	0.115
133	48	0.176
133	49	0.2
133	50	0.28
133	51	0.211
133	52	0.333
133	53	0.111
133	54	0.4
133	55	0.111
133	56	0.429
133	57	0.517
133	58	0.5
134	0	0
134	1	0
134	2	0
134	3	0
134	4	0
134	5	0
134	6	0
134	7	0
134	8	0
134	9	0
134	10	0
134	11	0
134	12	0
134	13	0
134	14	0
134	15	0
134	16	0
134	17	0
134	18	0
134	19	0
134	20	0
134	21	0
134	22	0
134	23	0
134	24	0
134	25	0
134	26	0
134	27	0
134	28	0
134	29	0
134	30	0
134	31	0
134	32	0
134	33	0.333
134	34	0.25
134	35	0
134	36	0
134	37	0
134	38	0
134	39	0
134	40	0.125
134	44	0.125
134	45	0.167
134	46	0.429
134	47	0.2
134	48	0.5
134	49	0
134	50	0.25
134	55	0.75
134	56	0.2
134	57	0.115
134	58	0.576
134	59	0.434
134	60	0.375
135	0	0
135	1	0
135	2	0
135	4	0
135	5	0
135	6	0
135	7	0
135	8	0
135	9	0
135	10	0
135	11	0
135	12	0
135	13	0
135	14	0
135	15	0
135	16	0
135	17	0
135	18	0
135	19	0
135	20	0
135	21	0
135	22	0
135	23	0
135	24	0
135	25	0
135	50	0
135	51	0
135	52	0
135	53	0.333
135	54	0.4
135	55	0.286
135	56	0.4
135	57	0.778
135	58	0.846
135	59	0.7
135	60	0.692
136	2	0
136	3	0
136	4	0
136	5	0
136	6	0
136	7	0
136	8	0
136	9	0
136	10	0
136	11	0
136	12	0
136	13	0
136	14	0
136	15	0
136	16	0
136	17	0
136	18	0
136	26	0
136	27	0
136	28	0
136	29	0
136	30	0
136	31	0
136	32	0
136	33	0.077
136	34	0
136	35	0
136	37	0
136	38	0.077
136	39	0.111
136	40	0.067
136	41	0.333
136	42	0.167
136	43	0.286
136	44	0.118
136	45	0.286
136	46	0.095
136	47	0.125
136	48	0.125
136	49	0
136	50	0.111
136	51	0
137	0	0
137	1	0
137	2	0
137	3	0
137	4	0
137	5	0
137	6	0
137	7	0
137	8	0
137	9	0
137	10	0
137	11	0
137	12	0
137	18	0
137	19	0
137	20	0
137	21	0
137	22	0
137	23	0
137	24	0
137	25	0
137	26	0
137	27	0
137	28	0
137	29	0
137	30	0
137	31	0
137	32	0
137	51	0.2
137	52	0.091
137	53	0.25
137	54	0.457
137	55	0.294
137	56	0.12
137	57	0.276
137	58	0.261
137	59	0.281
137	60	0.136
138	0	0
138	1	0
138	2	0
138	3	0
138	4	0
138	5	0
138	6	0
138	7	0
138	8	0
138	9	0
138	10	0
138	11	0
138	12	0
138	13	0
138	15	0
138	16	0
138	17	0
138	18	0
138	19	0
138	20	0
138	21	0
138	22	0
138	23	0
138	24	0
138	25	0
138	26	0
138	27	0
138	28	0
138	29	0
138	30	0
138	31	0
138	32	0
138	33	0.4
138	34	0.419
138	35	0.286
138	36	0.286
138	37	0.192
138	38	0.235
138	39	0.529
138	40	0.318
138	42	0.25
138	43	0.2
138	44	0.263
138	45	0.296
138	46	0.242
138	47	0
138	48	0
138	49	0
138	50	0
138	51	0
138	52	0
138	53	0.333
138	54	0.389
138	55	0.25
138	56	0.5
138	57	0.143
138	58	0.2
138	59	0.5
138	60	0.333
139	13	0
139	14	0
139	15	0
139	16	0
139	17	0
139	18	0
139	19	0
139	20	0
139	21	0
139	22	0
139	23	0
139	24	0
139	25	0
139	26	0
139	27	0
139	28	0
139	29	0
139	30	0
139	31	0
139	32	0
139	33	0
139	34	0
139	35	0
139	36	0
139	37	0
139	38	0
139	39	0
139	40	0
139	41	0
139	42	0
139	43	0
139	44	0
139	45	0
139	46	0.083
139	47	0.147
139	48	0.077
139	49	0
139	50	0.286
139	51	0.208
139	52	0.143
139	53	0.179
139	54	0.189
139	55	0.13
139	56	0.391
139	57	0.623
139	58	0.583
140	0	0
140	1	0
140	2	0
140	3	0
140	4	0
140	5	0
140	6	0
140	7	0
140	8	0
140	9	0
140	10	0
140	11	0
140	12	0
140	13	0
140	14	0
140	15	0
140	16	0
140	17	0
140	18	0
140	19	0
140	20	0
140	21	0
140	22	0
140	23	0
140	24	0
140	25	0
140	26	0
140	27	0
140	28	0
140	30	0
140	31	0
140	32	0
140	33	0
140	34	0
140	35	0
140	37	0
140	38	0
140	39	0
140	40	0
140	41	0.5
140	42	1
140	43	1
140	44	0.5
140	45	0.5
140	46	0.4
140	47	0.333
140	48	0
140	49	0
140	50	0
140	52	0
140	53	0
140	54	0
140	55	0
140	56	0
140	57	0.12
140	58	0.143
140	59	0.329
140	60	0.17
141	0	0
141	1	0
141	2	0
141	3	0
141	4	0
141	5	0
141	6	0
141	7	0
141	8	0
141	9	0
141	10	0
141	11	0
141	12	0
141	13	0
141	14	0
141	15	0
141	16	0
141	17	0
141	18	0
141	19	0
141	20	0
141	21	0
141	22	0
141	23	0
141	24	0
141	25	0
141	26	0
141	27	0
141	28	0
141	29	0
141	30	0
141	31	0
141	32	0
141	33	0
141	34	0.167
141	35	0.1
141	36	0
141	37	0.2
141	38	0.125
141	39	0
141	40	0.167
141	41	0
141	42	0
141	43	0
141	44	0.176
141	45	0.2
141	46	0.188
141	47	0.167
141	48	0.091
141	49	0
141	50	0.083
141	51	0.2
141	52	0
141	53	0.083
141	54	0.222
141	55	0
141	56	0.167
141	57	0.091
141	58	0.154
141	59	0.261
141	60	0.235
142	0	0
142	1	0
142	2	0
142	3	0
142	4	0
142	5	0
142	6	0
142	7	0
142	8	0
142	9	0
142	10	0
142	11	0
142	12	0
142	13	0
142	14	0
142	15	0
142	16	0
142	17	0
142	18	0
142	19	0
142	20	0
142	21	0
142	22	0
142	23	0
142	24	0
142	25	0
142	26	0
142	27	0
142	28	0
142	29	0
142	30	0
142	31	0
143	18	0
143	19	0
143	20	0
143	21	0
143	22	0
143	23	0
143	24	0
143	25	0
143	26	0
143	27	0
143	28	0
143	29	0
143	30	0
143	31	0
143	32	0
143	33	0.083
143	34	0
143	35	0
143	36	0
143	37	0
143	38	0
143	39	0
143	40	0
143	43	0
143	44	0.188
143	45	0.154
143	46	0.1
143	47	0.154
143	48	0.091
143	49	1
143	50	0
143	51	0.2
143	52	0.222
143	53	0.222
143	54	0.667
143	55	0.429
143	56	0.462
143	57	0.391
143	58	0.5
