"time"	"distance"	"value"
36	0	0.079
36	1	0.038
36	2	0
36	3	0
36	4	0
36	5	0
36	6	0
36	7	0
36	8	0
36	9	0
36	10	0.094
36	11	0
36	12	0
36	13	0
36	14	0
36	15	0
36	16	0
36	17	0
36	18	0
36	19	0
36	20	0
36	21	0
36	22	0
36	23	0
36	24	0
36	25	0
36	26	0
36	27	0
36	28	0
36	29	0
36	30	0
36	31	0
36	32	0
36	33	0
36	34	0
36	36	0
36	37	0
36	38	0
36	39	0
36	40	0
36	41	0.156
37	0	0.082
37	1	0.118
37	2	0.102
37	3	0.057
37	4	0.024
37	5	0.174
37	6	0
37	7	0
37	8	0
37	9	0
37	10	0
37	11	0.053
37	12	0.2
37	13	0.091
37	14	0.107
37	15	0.08
37	16	0
37	17	0
37	18	0.083
37	19	0.154
37	20	0
37	21	0.1
37	22	0.065
37	23	0
37	24	0
37	25	0
37	26	0
37	27	0
37	28	0
37	29	0
37	30	0
37	31	0
37	32	0
37	33	0
37	34	0
37	35	0
37	36	0
37	37	0
37	38	0
37	39	0
37	40	0
37	41	0
38	0	0
38	1	0
38	2	0
38	3	0
38	4	0
38	5	0.136
38	6	0
38	7	0
38	8	0
38	9	0.231
38	10	0.214
38	11	0.045
38	12	0.071
38	13	0
38	14	0.083
38	15	0
38	16	0
38	17	0
38	18	0
38	19	0
38	20	0
38	21	0
38	22	0
38	23	0
38	24	0
38	25	0.091
38	26	0
38	27	0
38	28	0
38	29	0
38	31	0
38	32	0
38	33	0
38	34	0
38	35	0
38	36	0
38	37	0
38	38	0
38	39	0
38	40	0.056
38	41	0.014
39	0	0.017
39	1	0.039
39	2	0.019
39	3	0
39	4	0
39	5	0
39	6	0
39	7	0
39	8	0
39	9	0
39	10	0
39	11	0
39	12	0
39	13	0
39	14	0
39	15	0
39	16	0.154
39	17	0
39	18	0.08
39	19	0
39	20	0.047
39	21	0
39	22	0
39	23	0
39	24	0
39	25	0
39	26	0
39	27	0.125
39	28	0.071
39	29	0.059
39	31	0
39	32	0
39	33	0
39	34	0
39	35	0
39	36	0
39	37	0.176
39	38	0.111
39	39	0
39	40	0.167
39	41	0.089
39	42	0
40	0	0.119
40	1	0.082
40	2	0
40	3	0
40	4	0
40	5	0
40	6	0
40	7	0
40	8	0
40	9	0
40	10	0.029
40	11	0
40	12	0
40	13	0.091
40	14	0.051
40	15	0.029
40	16	0
40	17	0.091
40	18	0
40	19	0.2
40	20	0.031
40	21	0.111
40	22	0.143
40	23	0
40	24	0
40	25	0
40	26	0
40	27	0
40	28	0
40	29	0
40	31	0
40	32	0
40	33	0
40	34	0
40	35	0
40	36	0
40	37	0
40	38	0
40	39	0
40	40	0.158
40	41	0.096
41	0	0.059
41	1	0.366
41	2	0.218
41	3	0.189
41	4	0.246
41	5	0.323
41	6	0
41	7	0
41	8	0
41	9	0
41	10	0
41	11	0
41	12	0
41	13	0
41	14	0
41	15	0
41	16	0
41	17	0
41	18	0
41	19	0
41	20	0
41	21	0
41	22	0
41	23	0
41	24	0
41	25	0
41	26	0
41	27	0
41	28	0
41	29	0
41	30	0
41	31	0
41	32	0
41	33	0
41	34	0
41	35	0
41	36	0
41	37	0
41	38	0
41	39	0
41	40	0
41	41	0.024
41	42	0
42	0	0.009
42	1	0.023
42	2	0
42	3	0
42	4	0
42	5	0.235
42	6	0
42	7	0
42	8	0.05
42	9	0.12
42	10	0.179
42	11	0.051
42	12	0.1
42	13	0.148
42	14	0.069
42	15	0.062
42	16	0.059
42	17	0.077
42	18	0
42	19	0
42	20	0
42	21	0
42	22	0
42	23	0
42	24	0
42	25	0
42	26	0
42	27	0
42	28	0
42	29	0
42	30	0
42	31	0
42	32	0
42	33	0
42	34	0
42	35	0
42	36	0
42	37	0
42	38	0
42	39	0
42	40	0
42	41	0.021
42	42	0.182
43	0	0
43	1	0
43	2	0
43	3	0
43	4	0
43	5	0
43	6	0
43	7	0
43	8	0
43	9	0
43	10	0.023
43	11	0
43	12	0
43	13	0.032
43	14	0.026
43	15	0.049
43	16	0
43	17	0
43	18	0.043
43	19	0.04
43	20	0.122
43	21	0
43	22	0
43	23	0
43	24	0.286
43	25	0
43	26	0.056
43	27	0
43	28	0
43	29	0.059
43	30	0
43	31	0
43	32	0
43	33	0
43	34	0
43	35	0
43	36	0
43	37	0.065
43	38	0.083
43	39	0
43	40	0.048
43	41	0.051
43	42	0
44	0	0.178
44	1	0.195
44	2	0.143
44	3	0.109
44	4	0
44	5	0
44	6	0
44	7	0
44	8	0
44	9	0
44	10	0
44	11	0
44	12	0
44	13	0
44	14	0
44	15	0
44	16	0
44	17	0
44	18	0
44	19	0
44	20	0.022
44	21	0.03
44	22	0.018
44	24	0
44	25	0
44	26	0
44	27	0
44	28	0
44	29	0
44	30	0
44	31	0
44	32	0
44	33	0
44	34	0
44	35	0
44	36	0
44	37	0
44	38	0
44	39	0
44	40	0
44	41	0.133
44	42	0
45	0	0.009
45	1	0
45	2	0
45	3	0.022
45	4	0.059
45	5	0.151
45	6	0
45	7	0
45	8	0.048
45	9	0.115
45	10	0.075
45	11	0.029
45	12	0.053
45	13	0.042
45	14	0
45	15	0
45	16	0
45	17	0
45	18	0
45	19	0
45	20	0
45	21	0
45	22	0
45	23	0
45	24	0
45	25	0
45	26	0
45	27	0
45	28	0
45	29	0
45	30	0
45	31	0
45	32	0
45	33	0
45	34	0
45	35	0
45	36	0
45	37	0
45	38	0
45	39	0
45	40	0
45	41	0.045
45	42	0
46	0	0
46	1	0
46	2	0
46	3	0
46	4	0
46	5	0
46	6	0
46	7	0
46	8	0
46	9	0
46	10	0.027
46	11	0
46	12	0
46	13	0
46	14	0.028
46	15	0.036
46	16	0
46	17	0
46	18	0
46	19	0
46	20	0
46	21	0.023
46	22	0.02
46	23	0
46	24	0
46	25	0
46	26	0
46	27	0
46	28	0
46	29	0
46	30	0
46	31	0
46	32	0
46	33	0
46	34	0
46	35	0
46	36	0
46	37	0
46	38	0
46	39	0
46	40	0.071
46	41	0.133
46	42	0
47	0	0.07
47	1	0.03
47	2	0.029
47	3	0.021
47	4	0
47	5	0.385
47	6	0
47	7	0
47	8	0
47	9	0
47	10	0
47	11	0
47	12	0
47	13	0
47	14	0
47	15	0
47	16	0
47	17	0
47	18	0
47	19	0
47	20	0
47	21	0
47	29	0
47	30	0
47	31	0
47	32	0
47	33	0
47	34	0
47	35	0
47	36	0
47	37	0
47	38	0
47	39	0
47	40	0.105
47	41	0.087
47	42	0
48	0	0
48	1	0
48	2	0
48	3	0
48	4	0
48	5	0.091
48	6	0
48	7	0
48	8	0
48	9	0
48	10	0
48	11	0
48	12	0
48	13	0
48	14	0
48	15	0
48	16	0
48	17	0
48	18	0
48	20	0
48	21	0
48	22	0
48	24	0
48	25	0
48	26	0
48	27	0
48	28	0
48	29	0
48	30	0
48	31	0
48	32	0
48	33	0
48	34	0
48	36	0
48	37	0
48	38	0
48	39	0
48	40	0
48	41	0.229
48	42	0
49	0	0.011
49	1	0.122
49	2	0
49	3	0.02
49	4	0.048
49	5	0
49	17	0
49	18	0
49	19	0
49	20	0
49	21	0
49	22	0
49	24	0
49	26	0
49	27	0
49	28	0
49	29	0
49	30	0
49	31	0
49	32	0
49	33	0
49	34	0
49	35	0
49	36	0
49	37	0
49	38	0
49	39	0
49	40	0
49	41	0.016
50	0	0
50	4	0.061
50	5	0.194
50	6	0
50	7	0
50	8	0
50	9	0
50	10	0.015
50	11	0
50	12	0
50	13	0
50	14	0
50	15	0
50	16	0
50	17	0
50	18	0
50	19	0
50	20	0
50	21	0
50	22	0.5
50	23	0
50	24	0
50	25	0
50	26	0
50	28	0
50	29	0
50	31	0
50	32	0
50	33	0
50	34	0
50	35	0
50	36	0
50	37	0
50	38	0
50	39	0
50	40	0
50	41	0.23
51	0	0.051
51	1	0.148
51	2	0.087
51	3	0.053
51	4	0.067
51	5	0
51	6	0
51	7	0
51	8	0
51	9	0
51	10	0.105
51	11	0.154
51	12	0.143
51	13	0
51	14	0.103
51	15	0.077
51	16	0
51	17	0.091
51	18	0.05
51	19	0.067
51	20	0.091
51	21	0.059
51	22	0
51	23	0
51	24	0
51	25	0.1
51	26	0.154
51	27	0
52	0	0.062
52	1	0.16
52	21	0.25
52	22	0
52	23	0
52	24	0
52	25	0
52	26	0.083
52	27	0
52	28	0.073
52	29	0
52	30	0
52	31	0
52	32	0.125
52	33	0
52	34	0
52	35	0
52	36	0
52	37	0.042
52	38	0
52	39	0
52	40	0.118
52	41	0.224
53	0	0.23
53	1	0.194
53	2	0.057
53	3	0.034
53	4	0.062
53	5	0
53	6	0
53	7	0
53	8	0
53	9	0.083
53	10	0.065
53	11	0.111
53	12	0.091
53	13	0
53	14	0.182
53	15	0.118
53	16	0
53	17	0.167
53	18	0.056
53	19	0
53	20	0.067
53	21	0
53	22	0
53	41	0.605
53	42	0
54	0	0.25
54	2	0
54	3	0.1
54	4	0.37
54	5	0.264
54	6	0
54	7	0
54	22	0
54	24	0
54	25	0.167
54	26	0
54	27	0
54	28	0
54	29	0
54	30	0
54	31	0
54	32	0.091
54	33	0
54	34	0
54	35	0
54	36	0
54	37	0
54	38	0
54	39	0
54	40	0.091
54	41	0.204
54	42	0
55	0	0.07
55	1	0.043
55	2	0
55	3	0
55	4	0
55	5	0
55	6	0
55	7	0
55	8	0
55	9	0
55	10	0.116
55	11	0.083
55	12	0.103
55	13	0.042
55	14	0.132
55	15	0.086
55	16	0
55	17	0.059
55	18	0
55	19	0.1
56	0	0.059
56	1	0.133
56	2	0.111
56	3	0
56	4	0
56	5	0
56	6	0
56	7	0
56	8	0
56	9	0
56	10	0
56	11	0
56	12	0
56	13	0
56	14	0
56	15	0
56	16	0
56	17	0
56	18	0
56	19	0
56	20	0.061
56	21	0.081
56	22	0
56	23	0
56	24	0
56	25	0.067
56	26	0.138
56	27	0.143
56	28	0.045
56	29	0.056
56	30	0
56	31	0
56	32	0.071
56	33	0.111
56	34	0
56	35	0.25
56	36	0
56	37	0.094
56	38	0
56	39	0
56	40	0
56	41	0.333
57	0	0.03
57	1	0.02
57	2	0
57	3	0
57	4	0
57	5	0
57	6	0
57	7	0
57	8	0
57	9	0
57	10	0
57	11	0.125
57	12	0
57	13	0
57	32	0
57	33	0
57	35	0
57	36	0
57	37	0
57	38	0
57	39	0
57	40	0.2
57	41	0.254
57	42	0.25
58	0	0.125
58	1	0.077
58	2	0.059
58	3	0
58	4	0
58	5	0
58	6	0
58	7	0
58	8	0
58	9	0
58	10	0
58	11	0
58	12	0
58	13	0
58	14	0
58	15	0
58	16	0
58	17	0
58	18	0
58	19	0
58	20	0
58	21	0
58	22	0
58	23	0
58	24	0
58	25	0
58	26	0
58	27	0
58	28	0
58	29	0
58	31	0
58	32	0
58	33	0.056
58	34	0
58	35	0
58	36	0
58	37	0
58	38	0
58	39	0
58	40	0
58	41	0.056
59	0	0.084
59	1	0.053
59	2	0.067
59	3	0.083
59	4	0.167
59	5	0
59	6	0
59	8	0
59	9	0
59	10	0.25
59	11	0.182
59	13	0.125
59	14	0.25
59	15	0
59	16	0.5
59	17	0
59	18	0.143
59	19	0.25
59	20	0
59	21	0.125
59	22	0
59	23	0
59	24	0.25
59	26	0
59	27	0
59	28	0
59	29	0
59	30	0
59	31	0
59	32	0
59	33	0
59	34	0
59	35	0
59	36	0
59	37	0
59	38	0
59	39	0
59	40	0
59	41	0.133
59	42	0.182
60	0	0.041
60	1	0.151
60	2	0.054
60	3	0.024
60	4	0
60	5	0.026
60	6	0
60	7	0
60	8	0
60	9	0
60	10	0.039
60	11	0.043
60	12	0.091
60	13	0
60	14	0.062
61	0	0
61	11	0
61	12	0
61	13	0
61	14	0
61	15	0.03
61	16	0
61	17	0
61	18	0.029
61	19	0.048
61	20	0
61	21	0.032
61	22	0
61	23	0
61	24	0.1
61	25	0
61	26	0
61	27	0
61	28	0.1
61	29	0
61	30	0
61	31	0
61	32	0
61	33	0.111
61	34	0
61	35	0
61	36	0
61	37	0
61	38	0
61	39	0
61	40	0
61	41	0.152
61	42	0
62	0	0.112
62	1	0.147
62	2	0.056
62	3	0.111
62	4	0
62	5	0
62	6	0
62	7	0
62	8	0
62	9	0
62	10	0.25
62	11	0.214
62	12	0.2
62	13	0.111
62	14	0.273
62	15	0.3
62	16	0
62	17	1
62	18	0.214
62	19	0.2
62	20	0.167
62	21	0.267
62	34	0
62	35	0
62	36	0
62	37	0
62	38	0
62	39	0
62	40	0
62	41	0.13
62	42	0
63	0	0.167
63	1	0.133
63	2	0
63	3	0.136
63	4	0.138
63	5	0.036
63	6	0.286
63	7	0
63	8	0
63	9	0.167
63	10	0.171
63	11	0.083
63	12	0.5
63	13	0
63	14	0.286
63	15	0.333
63	16	0
63	17	0.667
63	18	0
63	19	0
63	20	0.2
63	21	0.059
63	22	0
63	23	0
63	24	0.2
63	25	0.125
63	26	0
63	27	0.25
63	28	0.5
63	29	0.1
63	30	0
63	31	0.333
63	32	0.2
63	33	0.286
63	34	0
63	35	0
63	36	0
63	37	0.125
63	38	0
63	39	0.25
63	40	0.1
63	41	0.084
63	42	0.12
64	0	0.169
64	1	0.212
64	2	0.167
64	3	0.156
64	4	0.048
64	5	0.226
64	12	0
64	13	0
64	14	0.125
64	15	0.167
64	16	0
64	17	0.333
64	18	0
64	19	0.25
64	20	0.222
64	21	0
64	22	0
64	23	0
64	24	0
64	25	0
64	26	0
64	27	0
64	28	0
64	29	0
64	30	0
64	32	0
64	33	0
64	34	0
64	35	0
64	37	0
64	39	0
64	40	0
64	41	0.053
64	42	0
65	4	0.444
65	5	0.054
65	6	0.154
65	7	0
65	8	0
65	9	0.071
65	10	0.091
65	11	0.125
65	12	0.136
65	13	0.077
65	14	0.065
65	15	0.077
65	16	0.067
65	17	0
65	18	0.103
65	19	0.1
65	20	0.086
65	21	0.053
65	22	0
65	24	0
65	25	0
65	26	0
65	27	0
65	28	0
65	29	0
65	30	0
65	31	0.286
65	32	0
65	33	0
65	34	0.2
65	35	0
65	36	0
65	37	0
65	38	0
65	39	0
65	40	0.222
66	0	0.135
66	1	0.05
66	2	0
66	3	0
66	4	0.083
66	5	0.071
66	6	0
66	7	0
66	8	0
66	9	0
66	10	0
66	11	0.091
66	12	0
66	13	0.083
66	14	0.083
66	15	0
66	23	0
66	24	0
66	25	0
66	26	0
66	27	0.333
66	28	0.333
66	29	0
66	31	0
66	32	0
66	33	0
66	34	0
66	35	0
66	36	0
66	37	0
66	38	0
66	39	0
66	40	0.182
66	41	0.209
66	42	0
67	0	0.023
67	1	0.141
67	2	0.042
67	3	0.021
67	4	0
67	5	0.079
67	6	0
67	7	0
67	8	0
67	9	0
67	10	0
67	11	0
67	15	0.25
67	16	0
67	17	0
67	18	0
67	19	0
67	20	0
67	21	0
67	22	0
67	23	0
67	24	0
67	25	0
67	26	0
67	28	0
67	29	0
67	31	0
67	32	0
67	33	0
67	34	0
67	35	0
67	36	0
67	37	0
67	38	0
67	39	0
67	40	0
67	41	0.125
68	0	0
68	1	0.023
68	2	0
68	3	0
68	4	0
68	5	0
68	6	0
68	7	0
68	8	0
68	9	0
68	10	0.082
68	11	0.143
68	12	0.053
68	13	0.056
68	14	0.043
68	15	0.105
68	16	0
68	17	0
68	18	0.118
68	19	0
68	20	0.057
68	21	0.04
68	22	0.054
68	24	0
68	25	0
68	26	0
68	27	0
68	28	0
68	29	0
68	30	0
68	31	0
68	32	0
68	33	0
68	34	0
68	35	0
68	36	0
68	37	0
68	39	0
68	40	0
68	41	0
69	0	0.224
69	1	0.133
69	2	0
69	3	0.083
69	4	0.125
69	10	0
69	11	0
69	12	0
69	13	0
69	14	0
69	15	0
69	16	0
69	17	0
69	18	0
69	19	0
69	20	0
69	21	0
69	23	0
69	24	0
69	25	0
69	26	0
69	27	0
69	28	0
69	29	0
69	30	0
69	31	0
69	32	0
69	33	0
69	34	0
69	35	0
69	36	0
69	37	0
69	38	0
69	39	0
69	40	0.037
69	41	0.196
70	0	0.062
70	1	0.143
70	2	0.026
70	3	0.021
70	4	0.086
70	5	0.164
70	6	0
70	7	0
70	8	0
70	9	0.1
70	10	0.113
70	11	0.062
70	12	0
70	13	0.059
70	14	0.071
70	15	0
70	16	0.143
70	17	0
70	18	0.067
70	19	0
70	20	0.062
70	21	0
70	22	0
70	23	0
70	24	0
70	25	0
70	26	0.25
70	28	0
70	29	0.167
70	32	0
70	33	0
70	34	0
70	35	0.5
70	36	0
70	37	0
70	38	0
70	39	0.333
70	40	0
70	41	0.333
70	42	0
71	0	0.042
71	1	0.11
71	2	0.1
71	3	0.114
71	4	0.25
71	11	0.091
71	12	0
71	13	0.143
71	14	0.1
71	15	0.091
71	16	0
71	17	0
71	18	0.083
71	19	0
71	20	0.143
71	21	0
71	22	0
71	24	0
71	25	0
71	26	0.059
71	27	0
71	28	0
71	29	0.045
71	30	0
71	31	0
71	32	0
71	33	0
71	34	0
71	35	0
71	36	0
71	37	0
71	38	0.2
71	39	0
71	40	0
71	41	0.157
71	42	0.308
72	1	0
72	2	0.026
72	3	0.058
72	4	0.111
72	5	0.105
72	6	0
72	7	0
72	8	0.038
72	9	0.034
72	10	0.094
72	11	0.069
72	12	0.111
72	13	0
72	14	0.057
72	15	0.038
72	16	0
72	17	0.143
72	18	0
72	19	0
72	20	0
72	21	0
72	22	0
72	23	0
72	24	0
72	25	0
72	26	0
72	27	0
72	28	0
72	29	0
72	30	0
72	31	0
72	32	0
72	33	0
72	34	0
72	35	0
72	36	0
72	37	0
73	0	0.175
73	1	0.095
73	2	0.05
73	3	0.154
73	4	0.205
73	5	0.25
73	16	0
73	17	0.1
73	18	0.05
73	19	0
73	20	0.042
73	21	0
73	22	0
73	23	0
73	24	0
73	25	0
73	26	0
73	27	0
73	28	0
73	29	0
73	30	0
73	31	0
73	32	0.083
73	33	0
73	34	0
73	35	0
73	36	0
73	37	0
73	38	0
73	39	0
73	40	0
73	41	0.2
73	42	0
74	5	0.162
74	6	0
74	7	0
74	8	0.125
74	9	0
74	10	0.034
74	11	0
74	12	0
74	13	0
74	14	0
74	15	0
74	16	0
74	17	0
74	18	0
74	19	0
74	20	0
74	21	0
74	22	0.143
74	23	0
74	24	0
74	25	0
74	26	0
74	27	0
74	28	0
74	29	0
74	30	0
74	31	0
74	32	0
74	33	0
74	34	0
74	35	0
74	36	0
74	41	0.065
75	0	0.068
75	1	0.121
75	2	0.085
75	3	0.121
75	4	0.111
75	5	0
75	6	0
75	8	0
75	9	0
75	10	0
75	11	0
75	12	0
75	13	0
75	14	0
75	15	0
75	16	0
75	17	0
75	18	0
75	19	0
75	20	0
75	21	0
75	22	0
75	23	0
75	24	0
75	25	0
75	26	0
75	27	0
75	28	0
75	29	0
75	30	0
75	31	0
75	32	0
75	33	0
75	34	0
75	36	0
75	37	0
75	38	0
75	39	0
75	40	0.091
75	41	0.143
75	42	0.053
76	3	0.083
76	4	0.304
76	5	0.284
76	6	0.059
76	7	0
76	8	0
76	9	0.038
76	10	0.075
76	11	0.152
76	12	0.071
76	13	0.107
76	14	0.077
76	15	0
76	16	0.067
76	17	0
76	18	0.074
76	19	0
76	20	0.062
76	21	0
76	22	0
76	23	0
76	24	0
76	25	0
76	26	0
76	27	0
76	28	0
76	29	0
76	31	0
76	32	0.091
76	33	0
76	34	0
76	35	0
76	36	0
76	37	0
76	38	0
76	39	0
76	40	0
76	41	0.952
77	0	0.055
77	1	0
77	2	0
77	3	0
77	4	0
77	5	0
77	6	0
77	7	0
77	8	0
77	9	0
77	10	0
77	11	0
77	12	0
77	13	0
77	14	0
77	15	0
77	16	0
77	17	0
77	18	0
77	19	0
77	20	0.051
77	21	0.077
77	22	0
77	23	0
77	24	0
77	25	0
77	26	0
77	27	0
77	28	0
77	29	0.077
77	30	0
77	31	0
77	32	0.053
77	33	0
77	34	0.25
77	36	0
77	37	0
77	38	0.2
77	39	0
77	40	0.167
77	41	0.266
77	42	0.333
78	0	0.106
78	1	0.162
78	2	0.091
78	3	0.147
78	4	0.231
78	5	0.192
78	6	0
78	7	0
78	8	0
78	9	0
78	10	0
78	11	0
78	12	0
78	13	0
78	14	0
78	15	0
78	16	0
78	17	0
78	18	0
78	19	0
78	20	0
78	21	0
78	22	0
78	23	0
78	24	0
78	25	0
78	26	0
78	27	0
78	28	0
78	29	0
78	30	0
78	31	0
78	32	0
78	33	0
78	34	0
78	35	0
78	36	0
78	37	0
78	38	0
78	39	0
78	40	0
78	41	0.012
79	0	0
79	1	0
79	2	0
79	3	0
79	4	0
79	5	0.36
79	6	0
79	7	0
79	8	0.045
79	9	0.091
79	10	0.077
79	11	0.043
79	12	0.043
79	13	0.1
79	14	0.071
79	15	0.038
79	16	0
79	17	0
79	18	0
79	19	0
79	20	0
79	21	0
79	22	0
79	23	0
79	24	0
79	25	0
79	26	0
79	27	0
79	28	0
79	29	0
79	30	0
79	31	0
79	41	0.066
79	42	0
80	0	0
80	1	0
80	2	0
80	3	0
80	4	0
80	5	0
80	7	0
80	8	0
80	9	0
80	10	0
80	11	0
80	12	0
80	13	0
80	14	0
80	15	0
80	16	0
80	17	0
80	18	0
80	19	0.125
80	20	0.059
80	21	0.077
80	22	0.125
80	23	0
80	24	0
80	25	0
80	26	0.062
80	27	0
80	28	0
80	29	0.08
80	30	0
80	31	0
80	32	0
80	33	0
80	34	0
80	35	0
80	36	0
80	37	0
80	38	0.111
80	39	0
80	40	0.095
80	41	0.032
81	0	0.074
81	1	0.048
81	2	0.024
81	3	0
81	4	0
81	5	0
81	6	0
81	7	0
81	8	0
81	9	0
81	10	0
81	11	0
81	12	0
81	13	0
81	14	0
81	19	0
81	20	0
81	21	0
81	23	0
81	26	0
81	27	0
81	28	0
81	29	0
81	30	0
81	32	0
81	34	0
81	37	0
81	39	0
81	40	0
81	41	0.093
81	42	0.031
82	0	0
82	1	0
82	2	0
82	3	0.029
82	4	0.13
82	5	0.032
82	6	0
82	7	0.167
82	8	0
82	9	0
82	10	0.182
82	11	0
82	12	0.125
82	13	0.083
82	14	0.091
82	15	0.04
82	16	0
82	17	0
82	18	0.037
82	19	0
82	20	0.056
82	21	0.053
82	22	0
82	23	0
82	24	0
82	25	0
82	26	0
82	27	0
82	28	0
82	29	0
82	30	0
82	31	0
82	32	0
82	33	0
82	34	0
82	35	0
82	36	0
82	37	0
82	38	0
82	39	0
82	40	0
82	41	0.222
83	0	0.121
83	1	0.026
83	2	0
83	3	0
83	4	0
83	5	0
83	6	0
83	7	0
83	8	0
83	9	0
83	10	0
83	11	0
83	12	0
83	13	0
83	14	0
83	15	0
83	16	0
83	17	0
83	18	0
83	19	0
83	20	0
83	21	0
83	22	0
83	23	0
83	24	0
83	25	0
83	26	0.1
83	27	0
83	28	0.125
83	29	0.083
83	30	0
83	31	0
83	32	0.083
83	33	0
83	34	0.2
83	35	0
83	36	0
83	37	0
83	38	0
83	39	0
83	40	0
83	41	0.256
84	0	0
84	3	0
84	4	0.32
84	5	0
84	6	0
84	7	0
84	8	0
84	9	0
84	10	0
84	11	0
84	12	0
84	13	0
84	14	0.135
84	15	0
84	16	0
84	17	0
84	18	0
84	19	0
84	20	0
84	21	0
84	22	0
84	23	0
84	24	0
84	25	0
84	26	0
84	27	0
84	28	0
84	29	0.048
84	30	0
84	31	0
84	32	0
84	33	0
84	34	0
84	35	0
84	36	0
84	37	0
84	38	0
84	39	0
84	40	0
84	41	0.042
84	42	0.125
85	0	0.054
85	1	0.1
85	2	0.04
85	3	0
85	4	0.167
85	5	0.241
85	6	0
85	7	0
85	8	0
85	9	0
85	10	0.111
85	11	0.25
85	12	0
85	13	0
85	14	0.083
85	15	0
85	16	0
85	17	0
85	18	0
85	19	0
85	20	0
85	21	0.1
85	22	0
85	23	0
85	24	0
85	25	0
85	26	0
85	27	0
85	28	0
85	29	0.077
85	30	0
85	31	0
85	32	0
85	33	0.25
85	34	0
85	35	0
85	36	0
85	37	0.111
85	38	0
85	39	0
85	40	0
85	41	0.156
85	42	0.173
86	0	0.122
86	1	0.262
86	2	0.1
86	3	0.127
86	4	0.158
86	5	0.042
86	6	0
86	7	0
86	8	0
86	9	0
86	10	0
86	11	0
86	12	0
86	13	0
86	14	0
86	15	0
86	16	0
86	17	0
86	18	0
86	19	0
86	20	0
86	21	0
86	22	0
86	23	0
86	24	0
86	25	0
86	26	0
86	27	0
86	28	0
86	29	0
86	30	0
86	31	0
86	32	0
86	33	0
86	34	0
86	35	0
86	36	0
86	41	0.354
87	5	0.558
87	6	0
87	7	0
87	8	0.214
87	9	0.3
87	10	0.167
87	11	0.125
87	12	0
87	13	0.154
87	14	0.143
87	15	0.2
87	16	0.125
87	17	0
87	18	0
87	19	0.143
87	20	0.1
87	21	0.118
87	22	0
87	24	0
87	25	0.143
87	26	0
87	36	0
87	37	0
87	38	0
87	39	0
87	40	0
87	41	0.21
88	0	0.175
88	1	0
88	2	0
88	3	0
88	4	0
88	5	0
88	6	0
88	7	0
88	8	0
88	9	0
88	10	0
88	11	0
88	12	0
88	13	0
88	14	0
88	15	0
88	16	0
88	17	0
88	18	0
88	19	0
88	20	0
88	21	0
88	22	0
88	23	0
88	25	0
88	26	0
88	27	0
88	28	0.125
88	29	0.222
88	30	1
88	31	0
88	32	0.143
88	33	0
88	34	0
88	35	0
88	36	0
88	37	0.167
88	38	0.083
88	39	0.143
88	40	0
88	41	0.444
88	42	0.333
89	0	0.019
89	1	0.044
89	2	0.063
89	3	0.031
89	4	0.148
89	5	0.134
89	6	0
89	7	0
89	8	0
89	9	0.04
89	10	0.07
89	11	0
89	12	0
89	13	0
89	14	0
89	15	0
89	16	0
89	17	0
89	18	0
89	19	0
89	20	0
89	21	0
89	22	0
89	23	0
89	41	1
90	10	0.333
90	11	0
90	12	0.167
90	13	0.083
90	14	0.2
90	15	0.143
90	16	0
90	17	0.125
90	18	0
90	19	0.143
90	20	0.062
90	21	0.083
90	22	0
90	23	0
90	24	0
90	25	0
90	26	0.032
90	27	0
90	28	0.182
90	29	0.094
90	30	0
90	31	0
90	32	0
90	33	0.091
90	34	0
90	35	0
90	36	0
90	37	0.115
90	38	0.167
90	39	0
90	40	0.103
90	41	0.317
91	0	0.016
91	1	0
91	2	0
91	3	0
91	4	0
91	5	0
91	6	0
91	7	0
91	8	0
91	9	0
91	10	0
91	11	0
91	12	0
91	13	0
91	14	0
91	15	0
91	17	0
91	18	0
91	19	0
91	20	0
91	21	0
91	22	0
91	23	0
91	25	0
91	26	0
91	27	0
91	28	0
91	29	0
91	31	0
91	32	0
91	33	0
91	35	0
91	36	0
91	37	0
91	38	0
91	40	0
91	41	0.44
91	42	0.148
92	0	0
92	1	0
92	2	0.035
92	3	0.016
92	4	0
92	5	0.106
92	6	0
92	7	0
92	8	0
92	9	0
92	10	0.023
92	11	0
92	12	0
92	13	0
92	14	0
92	15	0
92	16	0
92	17	0
92	18	0
92	19	0
92	20	0
92	21	0
92	22	0
92	23	0
92	24	0
92	25	0
92	26	0
92	27	0
92	28	0
92	29	0
92	30	0
92	31	0
92	41	0.385
93	0	0
93	1	0.13
93	2	0
93	16	0
93	17	0
93	18	0
93	19	0
93	20	0
93	21	0
93	22	0
93	23	0
93	24	0
93	25	0
93	26	0
93	27	0
93	28	0
93	29	0
93	31	0
93	32	0
93	33	0
93	34	0
93	35	0
93	36	0
93	37	0
93	38	0
93	39	0
93	40	0
93	41	0.493
93	42	0.345
94	0	0.011
94	1	0
94	2	0.038
94	3	0.035
94	4	0.022
94	5	0.087
94	6	0
94	7	0
94	8	0.125
94	9	0.2
94	10	0
94	11	0
94	12	0.143
94	13	0
94	14	0.154
94	15	0.125
94	16	0
94	17	0
94	18	0
94	19	0
94	20	0
94	21	0
94	22	0
94	23	0
94	24	0
94	25	0
94	26	0
94	27	0
94	28	0
94	29	0
94	31	0
94	32	0
94	33	0
94	34	0
94	36	0
94	37	0
94	38	0
94	39	0
94	40	0
94	41	0.14
94	42	0.119
95	0	0.05
95	1	0.145
95	2	0.135
95	3	0.06
95	4	0
95	5	0.154
95	6	0
95	7	0
95	8	0
95	9	0
95	10	0
95	11	0
95	12	0
95	13	0
95	14	0
95	15	0
95	16	0
95	17	0
95	18	0
95	19	0
95	20	0
95	21	0
95	22	0
95	23	0
95	24	0
95	25	0
95	26	0
95	27	0
95	28	0
95	29	0
95	30	0
95	31	0
95	32	0
95	33	0
95	34	0
95	36	0
95	37	0
95	39	0
95	40	0
95	41	0.398
96	0	0
96	1	0
96	2	0
96	3	0
96	4	0
96	5	0.083
96	6	0
96	7	0.083
96	8	0
96	9	0.077
96	10	0.049
96	11	0.1
96	12	0
96	13	0.158
96	14	0.077
96	15	0.04
96	16	0.083
96	17	0
96	18	0
96	19	0
96	20	0
96	21	0
96	22	0
96	24	0
96	26	0
96	27	0
96	28	0
96	29	0
96	31	0
96	32	0
96	33	0
96	34	0
96	36	0
96	37	0
96	38	0
96	39	0
96	41	0.233
96	42	0.188
97	0	0
97	1	0
97	2	0
97	3	0
97	4	0
97	5	0
97	6	0
97	7	0
97	8	0
97	9	0
97	10	0
97	11	0
97	13	0
97	14	0
97	15	0
97	16	0
97	17	0
97	18	0.05
97	19	0
97	20	0.023
97	21	0.05
97	22	0
97	23	0
97	24	0
97	25	0.067
97	26	0
97	27	0.167
97	28	0
97	29	0.034
97	30	0
97	31	0
97	32	0.095
97	33	0
97	34	0
97	35	0
97	36	0
97	37	0
97	38	0
97	39	0
97	40	0
97	41	0.009
97	42	0
98	0	0.105
98	3	0
98	4	0
98	5	0
98	6	0
98	7	0
98	8	0
98	9	0
98	10	0
98	11	0
98	12	0
98	13	0
98	14	0
98	15	0
98	16	0
98	17	0
98	18	0
98	19	0
98	20	0
98	21	0
98	22	0
98	23	0
98	24	0
98	25	0
98	26	0
98	27	0
98	28	0
98	29	0
98	31	0
98	32	0
98	33	0
98	34	0
98	35	0
98	36	0
98	37	0.032
98	38	0
98	39	0.083
98	40	0
98	41	0.188
98	42	0.154
99	0	0.173
99	1	0.157
99	2	0.053
99	3	0.149
99	4	0
99	5	0
99	6	0
99	41	0.255
99	42	0.234
100	0	0
100	1	0
100	2	0
100	3	0
100	4	0
100	5	0
100	6	0
100	7	0
100	8	0
100	9	0
100	10	0.057
100	11	0.026
100	12	0
100	13	0.043
100	14	0.031
100	15	0
100	16	0.045
100	17	0
100	18	0.071
100	19	0.083
100	20	0
100	21	0.053
100	22	0
100	23	0
100	24	0
100	25	0.125
100	26	0
100	27	0
100	29	0
100	32	0
100	35	0
100	36	0
100	37	0
100	38	0
100	40	0
100	41	0.306
100	42	0.32
101	18	0
101	19	0
101	20	0
101	21	0
101	22	0
101	23	0
101	24	0
101	25	0
101	26	0
101	27	0
101	28	0.053
101	29	0.031
101	30	0
101	31	0
101	32	0.038
101	33	0.1
101	34	0
101	35	0
101	36	0
101	37	0.042
101	38	0
101	39	0.071
101	40	0.231
101	41	0.263
101	42	0.231
102	0	0.021
102	1	0
102	2	0
102	3	0.077
102	4	0
102	5	0
102	6	0
102	7	0
102	8	0
102	9	0
102	10	0.05
102	11	0
102	12	0
102	13	0
102	14	0
102	15	0
102	16	0
102	17	0
102	18	0
102	19	0
102	20	0
102	21	0
102	22	0
102	24	0
102	25	0
102	26	0
102	27	0
102	28	0
102	29	0
102	31	0
102	32	0
102	33	0
102	34	0
102	36	0
102	37	0
102	38	0
102	39	0
102	40	0
102	41	0.29
102	42	0
103	0	0.015
103	1	0.049
103	2	0.057
103	3	0.015
103	4	0.024
103	5	0
103	6	0
103	7	0
103	8	0
103	9	0
103	10	0
103	11	0
103	12	0
103	13	0
103	14	0
103	17	0
103	18	0
103	19	0
103	20	0
103	21	0
103	22	0
103	23	0
103	25	0
103	26	0
103	27	0
103	29	0
103	30	0
103	31	0
103	32	0
103	33	0
103	34	0
103	36	0
103	37	0
103	38	0
103	39	0
103	40	0
103	41	0.35
103	42	0
104	0	0
104	1	0
104	2	0
104	3	0
104	4	0
104	5	0
104	6	0
104	9	0
104	10	0
104	11	0
104	12	0
104	13	0
104	14	0
104	15	0
104	16	0
104	17	0
104	18	0
104	19	0
104	20	0
104	21	0
104	22	0
104	23	0
104	24	0
104	25	0
104	26	0
104	27	0
104	28	0
104	29	0
104	30	0
104	31	0
104	32	0
104	33	0
104	34	0
104	35	0
104	36	0
104	37	0
104	38	0
104	39	0
104	40	0
104	41	0.456
105	0	0.074
105	1	0.13
105	2	0.136
105	3	0.071
105	4	0
105	5	0
105	6	0
105	7	0
105	8	0
105	9	0
105	10	0
105	11	0
105	12	0
105	13	0
105	14	0
105	15	0
105	16	0
105	17	0
105	18	0
105	19	0
105	20	0
105	21	0
105	22	0
105	23	0
105	24	0
105	25	0
105	26	0
105	27	0
105	28	0
105	29	0
105	30	0
105	31	0
105	32	0
105	33	0
105	34	0
105	35	0
105	36	0
105	37	0
105	38	0
105	39	0
105	40	0
105	41	0
105	42	0
106	0	0.033
106	1	0.038
106	2	0
106	3	0.013
106	4	0.029
106	5	0
106	6	0
106	7	0
106	8	0
106	9	0
106	10	0
106	11	0
106	12	0
106	13	0
106	14	0
106	15	0
106	16	0
106	18	0
106	19	0
106	20	0
106	21	0
106	22	0
106	23	0
106	25	0
106	26	0
106	27	0
106	28	0
106	29	0
106	31	0
106	32	0
106	33	0
106	34	0
106	35	0
106	36	0
106	37	0
106	38	0
106	39	0
106	40	0
106	41	0
106	42	0
107	4	0
107	5	0
107	6	0
107	7	0
107	8	0
107	9	0
107	10	0
107	11	0
107	12	0
107	13	0
107	14	0
107	15	0
107	16	0
107	17	0
107	18	0
107	19	0
107	20	0
107	21	0
107	22	0
107	23	0
107	24	0
107	25	0
107	26	0
107	27	0
107	28	0
107	29	0
107	30	0
107	31	0
107	32	0
107	33	0
107	34	0
107	35	0
107	36	0
107	37	0
107	38	0
107	39	0
107	40	0
107	41	0.033
108	0	0.039
108	1	0.026
108	2	0.053
108	3	0.044
108	4	0.021
108	5	0
108	6	0
108	7	0
108	8	0
108	9	0
108	10	0
108	11	0.067
108	12	0
108	13	0
108	14	0
108	15	0
108	17	0
108	18	0
108	19	0
108	20	0
108	21	0
108	24	0
108	26	0
108	27	0
108	29	0
108	31	0
108	32	0
108	36	0
108	37	0
108	38	0
108	39	0
108	40	0
108	41	0.048
108	42	0
109	0	0.056
109	1	0.45
109	2	0.353
109	7	0
109	8	0
109	9	0
109	10	0
109	11	0
109	12	0
109	13	0
109	14	0
109	15	0
109	16	0
109	17	0
109	18	0
109	19	0
109	20	0
109	21	0.146
109	22	0
109	23	0
109	24	0
109	25	0
109	26	0
109	27	0
109	28	0
109	29	0
109	30	0
109	31	0
109	32	0
109	33	0
109	34	0
109	35	0.5
109	36	0
109	37	0.04
109	38	0
109	39	0
109	40	0.037
109	41	0.014
110	0	0
110	1	0
110	2	0
110	3	0.071
110	4	0.062
110	5	0
110	6	0
110	7	0
110	8	0
110	9	0.095
110	10	0.122
110	11	0
110	12	0
110	13	0
110	14	0.042
110	15	0.043
110	16	0
110	17	0
110	18	0.056
110	19	0
110	20	0.034
110	21	0.062
110	22	0
110	23	0
110	24	0
110	25	0
110	26	0
110	28	0
110	29	0
110	30	0
110	31	0
110	32	0
110	33	0
110	34	0
110	35	1
110	36	0
110	37	0
110	38	0.143
110	39	0
110	40	0.2
110	41	0.152
110	42	0.4
111	0	0.068
111	1	0.14
111	2	0.05
111	3	0.058
111	4	0.027
111	5	0
111	6	0
111	7	0
111	8	0
111	9	0.048
111	10	0.185
111	11	0
111	12	0
111	13	0
111	14	0.083
111	15	0.1
111	16	0
111	23	0
111	24	0
111	25	0
111	26	0
111	27	0
111	28	0
111	29	0
111	31	0
111	32	0
111	33	0
111	34	0
111	35	0
111	36	0
111	37	0
111	38	0
111	39	0
111	40	0
111	41	0
111	42	0
112	0	0
112	1	0
112	2	0
112	3	0
112	4	0
112	5	0
112	7	0
112	9	0
112	10	0
112	11	0
112	12	0
112	13	0
112	14	0
112	15	0
112	16	0
112	17	0
112	18	0.045
112	19	0
112	20	0.062
112	21	0.133
112	22	0
112	23	0
112	24	0
112	25	0
112	26	0
112	27	0
112	28	0
112	29	0
112	30	0
112	31	0
112	32	0
112	33	0
112	34	0
112	35	0
112	36	0
112	37	0
112	38	0
112	39	0
112	40	0
112	41	0.014
112	42	0
113	0	0.06
113	1	0.083
113	2	0.068
113	3	0.059
113	4	0.024
113	5	0
113	6	0
113	7	0
113	8	0
113	9	0
113	10	0
113	11	0
113	12	0
113	13	0
113	14	0
113	15	0
113	16	0
113	17	0
113	18	0
113	19	0
113	20	0
113	21	0
113	22	0
113	41	0.288
113	42	0.174
114	0	0
114	1	0
114	2	0
114	3	0
114	4	0
114	5	0
114	6	0
114	7	0
114	8	0.1
114	9	0
114	10	0
114	11	0
114	12	0.125
114	13	0.071
114	14	0
114	15	0.071
114	16	0.077
114	17	0
114	18	0.071
114	19	0
114	20	0.13
114	21	0.133
114	22	0.025
114	24	0
114	25	0
114	26	0
114	27	0
114	28	0
114	29	0
114	30	0
114	31	0
114	32	0
114	33	0.029
114	34	0
114	35	0
114	36	0
114	37	0
114	38	0
114	39	0
114	40	0
114	41	0
114	42	0
115	0	0.029
115	1	0.06
115	2	0.065
115	3	0
115	4	0
115	5	0
115	6	0
115	7	0
115	8	0
115	9	0
115	10	0
115	11	0
115	12	0
115	13	0
115	14	0
115	15	0
115	16	0
115	17	0
115	18	0
115	19	0
115	20	0
115	21	0
115	22	0.031
115	23	0
115	24	0
115	25	0
115	26	0.056
115	27	0
115	28	0.125
115	29	0
115	30	0
115	31	0.111
115	32	0
115	33	0
115	34	0
115	35	0
115	36	0
115	37	0
115	38	0
115	39	0
115	40	0
115	41	0.552
116	0	0.057
116	1	0.121
116	2	0.062
116	3	0.091
116	4	0
116	5	0.077
116	6	0.125
116	7	0.167
116	8	0.143
116	9	0.067
116	10	0.16
116	11	0
116	12	0.2
116	13	0.111
116	14	0
116	15	0.091
116	16	0.333
116	17	0
116	18	0.125
116	19	0
116	20	0.1
116	21	0.059
116	22	0
116	23	0
116	24	0
116	25	0
116	26	0.019
116	27	0
116	28	0.07
116	29	0
116	30	0
116	31	0
116	32	0.019
116	33	0
116	34	0
116	35	0
116	36	0
116	37	0
116	38	0
116	39	0
116	40	0
116	41	0
116	42	0
117	0	0.012
117	1	0.027
117	2	0.04
117	3	0
117	11	0.636
117	12	0
117	13	0.286
117	14	0.2
117	15	0.364
117	16	0
117	17	0
117	18	0.2
117	19	0.5
117	20	0.188
117	21	0.182
117	22	0
117	23	0
117	24	0
117	25	0
117	26	0.143
117	27	0
117	28	0.25
117	29	0.3
117	31	0
117	32	0.25
117	33	0
117	34	0.25
117	35	0
117	36	0
117	37	0.167
117	38	0.143
117	39	0.067
117	40	0.041
117	41	0.455
117	42	0.526
118	0	0.045
118	1	0.186
118	2	0.111
118	3	0.019
118	4	0.156
118	5	0.094
118	6	0
118	7	0.071
118	8	0
118	9	0.036
118	10	0.133
118	11	0
118	12	0.105
118	13	0
118	14	0
118	15	0
118	16	0
118	17	0
118	18	0
118	19	0
118	20	0.059
118	21	0.067
118	22	0
118	23	0
118	24	0
118	25	0
118	26	0
118	41	0.504
119	0	0
119	1	0
119	2	0
119	3	0
119	4	0
119	14	1
119	15	0
119	16	0.125
119	17	0
119	18	0.1
119	19	0
119	20	0.067
119	21	0
119	22	0
119	23	0
119	24	0
119	25	0
119	26	0
119	27	0.154
119	28	0.091
119	29	0.031
119	30	0
119	31	0.1
119	32	0.034
119	33	0
119	34	0.154
119	35	0
119	36	0
119	37	0.05
119	38	0.077
119	39	0
119	40	0.13
119	41	0.136
119	42	0.368
120	0	0.022
120	1	0.053
120	2	0.095
120	3	0
120	4	0
120	5	0
120	6	0
120	7	0
120	8	0
120	9	0
120	10	0
120	11	0
120	12	0
120	13	0
120	14	0
120	15	0
120	16	0
120	17	0
120	18	0
120	19	0
120	20	0
120	21	0
120	22	0
120	23	0
120	24	0
120	26	0
120	27	0
120	28	0
120	29	0
120	30	0
120	31	0
120	32	0
120	33	0
120	34	0
120	35	0
120	36	0
120	37	0
120	38	0
120	39	0
120	40	0
120	41	0.373
120	42	0.068
121	2	0
121	3	0.037
121	4	0.015
121	5	0.123
121	6	0
121	7	0
121	8	0
121	9	0
121	10	0.053
121	11	0.032
121	12	0
121	13	0.037
121	14	0
121	15	0.023
121	16	0.048
121	17	0
121	18	0.023
121	19	0
121	20	0.02
121	21	0
121	22	0
121	23	0
121	24	0
121	25	0
121	26	0
121	27	0
121	28	0
121	29	0
121	31	0
121	32	0
121	33	0
121	34	0
121	36	0
121	37	0
121	38	0
121	39	0
121	40	0
121	41	0.529
122	0	0
122	1	0
122	2	0
122	3	0
122	4	0
122	5	0
122	6	0
122	7	0
122	8	0
122	9	0
122	10	0
122	11	0
122	21	0
122	22	0
122	23	0
122	24	0
122	25	0
122	26	0
122	27	0.125
122	28	0
122	29	0.029
122	30	0
122	31	0
122	32	0.042
122	33	0
122	34	0
122	35	0.091
122	36	0
122	37	0
122	38	0.053
122	39	0
122	40	0.059
122	41	0.272
123	0	0.043
123	1	0.05
123	2	0
123	3	0.041
123	4	0.067
123	5	0
123	6	0
123	8	0
123	9	0
123	10	0
123	11	0.071
123	12	0
123	13	0
123	14	0
123	15	0.056
123	16	0
123	17	0
123	18	0
123	19	0
123	20	0
123	21	0
123	22	0.025
123	23	0
123	24	0
123	25	0
123	26	0.056
123	27	0
123	28	0
123	29	0.111
123	30	0
123	31	0
123	32	0.071
123	33	0
123	34	0
123	35	0
123	36	0.1
123	37	0.077
123	38	0
123	39	0
123	40	0.077
123	41	0.252
123	42	0.189
124	0	0.022
124	1	0
124	2	0
124	3	0
124	4	0
124	5	0
124	6	0
124	7	0
124	8	0
124	9	0
124	10	0.019
124	11	0
124	12	0
124	13	0
124	14	0
124	15	0
124	16	0
124	17	0
124	18	0
124	19	0
124	20	0
124	21	0
124	22	0
124	24	0
124	25	0
124	26	0
124	28	0
124	29	0
124	30	0
124	31	0
124	32	0
124	33	0
124	34	0
124	35	0
124	36	0
124	37	0
124	38	0
124	39	0
124	41	0.371
124	42	0.364
125	0	0
125	1	0
125	2	0
125	3	0
125	4	0
125	5	0
125	6	0
125	7	0
125	8	0
125	9	0
125	10	0
125	11	0
125	12	0
125	13	0
125	14	0
125	15	0.043
125	16	0
125	17	0
125	18	0
125	19	0
125	20	0
125	21	0
125	22	0
125	23	0
125	24	0
125	25	0
125	26	0.1
125	27	0
125	28	0
125	29	0.143
125	30	0
125	31	0
125	32	0.125
125	33	0
125	34	0
125	36	1
125	37	0.077
125	38	0
125	39	0
125	40	0.143
125	41	0.159
125	42	0.154
126	1	0.2
126	2	0
126	3	0.047
126	4	0.069
126	5	0.08
126	6	0
126	7	0
126	8	0
126	9	0
126	10	0
126	11	0
126	12	0
126	13	0
126	14	0
126	15	0
126	16	0
126	17	0
126	18	0
126	19	0
126	20	0
126	21	0
126	22	0
126	23	0
126	24	0
126	25	0
126	26	0
126	27	0
126	28	0
126	29	0
126	30	0
126	31	0
126	32	0
126	33	0
126	34	0
126	35	0
126	36	0
126	37	0
126	38	0
126	39	0
126	40	0
126	41	0
127	0	0
127	1	0
127	2	0
127	3	0
127	4	0
127	5	0
127	6	0
127	7	0
127	8	0
127	9	0
127	10	0.083
127	11	0
127	12	0
127	13	0
127	14	0
127	15	0
127	16	0
127	17	0
127	18	0
127	19	0
127	20	0
127	21	0.109
127	22	0
127	23	0
127	24	0
127	25	0
127	26	0
127	27	0
127	28	0
127	29	0
127	30	0
127	31	0
127	32	0
127	33	0
127	34	0
127	35	0
127	36	0
127	37	0
127	38	0
127	39	0
127	40	0
127	41	0.058
127	42	0
128	0	0
128	1	0.013
128	2	0
128	3	0
128	4	0
128	5	0
128	6	0
128	7	0
128	8	0
128	9	0
128	10	0
128	11	0
128	12	0
128	13	0
128	14	0
128	15	0
128	16	0
128	17	0
128	18	0
128	19	0
128	20	0
128	21	0
128	22	0
128	23	0
128	24	0
128	25	0
128	26	0
128	27	0
128	28	0
128	29	0
128	30	0
128	31	0
128	32	0
128	33	0
128	34	0
128	35	0
128	36	0
128	37	0
128	38	0
128	39	0
128	40	0
128	41	0.154
128	42	0
129	0	0.048
129	1	0.055
129	2	0.059
129	3	0.071
129	4	0.071
129	5	0.064
129	6	0
129	7	0
129	8	0.067
129	9	0
129	10	0.056
129	11	0
129	12	0
129	13	0
129	14	0
129	15	0
129	16	0
129	17	0
129	18	0
129	19	0
129	20	0
129	21	0
129	22	0.091
129	23	0
129	24	0
129	25	0
129	26	0
129	27	0
129	28	0
129	29	0
129	30	0
129	31	0
129	32	0
129	33	0
129	34	0
129	35	0
129	36	0
129	37	0
129	40	0
129	41	0
129	42	0
130	0	0
130	1	0
130	2	0
130	3	0
130	4	0
130	5	0
130	6	0
130	9	0
130	10	0.167
130	11	0.125
130	12	0
130	13	0.1
130	14	0.045
130	15	0.083
130	16	0
130	17	0
130	18	0.067
130	19	0
130	20	0.136
130	21	0.062
130	22	0.1
130	24	0
130	25	0
130	26	0
130	27	0.25
130	28	0.2
130	29	0
130	30	0
130	31	0.25
130	32	0.067
130	33	0
130	34	0
130	35	0
130	36	0
130	37	0
130	38	0
130	39	0
130	40	0.077
130	41	0.151
130	42	0
131	0	0.209
131	1	0.222
131	2	0.217
131	6	0
131	7	0
131	8	0
131	9	0
131	10	0
131	11	0
131	12	0
131	13	0
131	14	0
131	15	0
131	16	0
131	17	0
131	18	0
131	19	0
131	20	0
131	21	0
131	22	0
131	23	0
131	24	0
131	25	0
131	26	0
131	27	0
131	28	0
131	29	0
131	32	0
131	33	0
131	35	0
131	36	0
131	37	0
131	38	0.053
131	39	0
131	40	0.188
131	41	0.215
131	42	0
132	0	0
132	1	0
132	2	0
132	3	0.067
132	4	0.135
132	5	0.146
132	6	0
132	7	0
132	8	0.059
132	9	0
132	10	0.149
132	11	0.231
132	12	0.167
132	13	0.19
132	14	0.136
132	15	0.091
132	16	0.167
132	17	0.111
132	18	0.074
132	19	0.067
132	20	0.057
132	21	0
132	22	0
132	23	0
132	24	0
132	25	0
132	26	0
132	27	0
132	28	0
132	29	0
132	30	0
132	31	0
132	32	0
132	33	0
132	34	0
132	35	0
132	36	0
132	37	0
132	38	0
132	39	0
132	40	0
132	41	0.033
132	42	0
133	0	0.198
133	1	0.053
133	2	0
133	3	0
133	4	0
133	5	0
133	6	0
133	7	0
133	8	0
133	9	0
133	10	0
133	11	0
133	13	0
133	14	0
133	15	0
133	17	0
133	18	0
133	20	0
133	21	0.062
133	22	0.143
133	24	0
133	25	0
133	26	0
133	27	0.079
133	28	0.143
133	29	0.036
133	30	0
133	31	0.077
133	32	0.056
133	33	0
133	34	0
133	35	0
133	36	0
133	37	0.037
133	38	0
133	39	0.077
133	40	0
133	41	0.098
134	0	0
134	1	0.13
134	2	0
134	3	0.012
134	4	0
134	5	0
134	6	0
134	7	0
134	8	0
134	9	0
134	10	0.028
134	11	0
134	12	0
134	13	0
134	14	0
134	15	0
134	16	0
134	17	0
134	18	0
134	19	0
134	20	0
134	21	0
134	22	0
134	23	0
134	25	0
134	41	0.167
134	42	0.68
135	0	0
135	1	0
135	2	0
135	3	0
135	4	0
135	13	0
135	14	0.033
135	15	0
135	16	0
135	17	0
135	18	0
135	19	0
135	20	0.031
135	21	0
135	22	0
135	23	0
135	24	0
135	25	0
135	26	0
135	27	0
135	28	0
135	29	0
135	30	0
135	31	0
135	32	0
135	33	0
135	34	0
135	35	0
135	36	0
135	37	0
135	38	0
135	39	0
135	40	0
135	41	0.101
135	42	0.12
136	0	0.273
136	1	0.151
136	2	0.02
136	3	0
136	4	0.045
136	5	0.161
136	6	0
136	7	0
136	8	0
136	9	0
136	10	0
136	11	0
136	12	0
136	13	0
136	14	0
136	15	0
136	16	0
136	17	0
136	18	0
136	19	0
136	20	0
136	21	0
136	22	0
136	23	0
136	24	0
136	25	0
136	26	0
136	27	0
136	28	0
136	29	0
136	30	0
136	31	0
136	32	0
136	33	0
136	34	0
136	35	0
136	36	0
136	37	0
136	39	0
136	40	0
136	41	0.036
137	0	0
137	1	0.019
137	2	0.038
137	3	0
137	4	0.071
137	5	0.087
137	6	0
137	7	0
137	8	0
137	9	0
137	10	0.028
137	11	0.067
137	12	0
137	13	0.045
137	14	0.045
137	15	0.04
137	16	0
137	17	0
137	18	0.045
137	19	0
137	20	0.062
137	21	0.111
137	22	0
137	24	0
137	25	0
137	26	0
137	27	0
137	29	0
137	31	0
137	33	0
137	35	0
137	36	0
137	37	0
137	38	0
137	39	0
137	40	0
137	41	0
137	42	0
138	2	0
138	3	0
138	4	0
138	5	0
138	6	0
138	7	0
138	8	0
138	9	0
138	10	0
138	11	0
138	12	0.071
138	13	0.043
138	14	0.061
138	15	0
138	16	0
138	17	0
138	18	0.032
138	19	0.067
138	20	0.036
138	21	0.024
138	22	0.059
138	23	0
138	24	0
138	25	0
138	26	0
138	27	0
138	28	0.059
138	29	0.065
138	30	0
138	31	0
138	32	0
138	33	0
138	34	0
138	35	0
138	36	0
138	37	0
138	38	0
138	39	0
138	40	0
138	41	0.085
139	0	0.053
139	1	0
139	2	0
139	3	0
139	4	0
139	5	0
139	7	0
139	9	0
139	10	0
139	12	0
139	14	0
139	15	0
139	16	0
139	18	0
139	20	0
139	21	0
139	22	0
139	24	0
139	25	0
139	26	0
139	27	0
139	28	0
139	29	0
139	30	0
139	31	0
139	32	0
139	33	0
139	34	0
139	35	0
139	36	0
139	37	0
139	38	0.222
139	39	0
139	40	0.053
139	41	0.136
139	42	0.196
140	0	0.073
140	1	0.067
140	2	0.061
140	3	0.076
140	4	0.1
140	5	0.361
140	6	0
140	7	0
140	8	0.04
140	9	0
140	10	0.109
140	11	0
140	41	0
141	4	0
141	5	0
141	6	0
141	7	0
141	8	0
141	9	0
141	10	0.185
141	11	0.067
141	12	0.083
141	13	0.074
141	14	0.125
141	15	0.143
141	16	0.087
141	17	0.077
141	18	0.054
141	19	0.133
141	20	0.109
141	21	0.129
141	22	0
141	23	0
141	24	0
141	25	0.071
141	26	0.051
141	27	0
141	28	0
141	29	0.079
141	30	0
141	31	0
141	32	0.043
141	33	0.062
141	34	0
141	35	0
141	36	0
141	37	0
142	0	0.057
142	1	0.118
142	2	0
142	3	0
142	4	0
142	5	0
142	6	0
142	7	0
142	8	0
142	9	0
142	10	0
142	11	0
142	13	0
142	14	0
142	17	0
142	19	0
142	21	0
142	23	0
142	26	0
142	29	0
142	31	0
142	32	0
142	33	0
142	34	0
142	35	0
142	36	0
142	37	0
142	38	0.095
142	39	0
142	40	0
142	41	0.193
142	42	0
143	0	0.026
143	1	0
143	2	0
143	3	0.033
143	4	0
143	5	0.077
143	6	0
143	7	0.2
143	8	0
143	9	0.1
143	10	0.037
143	11	0
143	12	0.083
143	13	0.071
143	14	0.176
143	15	0.083
143	16	0
143	17	0.111
143	18	0.083
143	19	0.2
143	20	0.1
143	21	0.133
143	22	0
143	23	0
143	24	0
143	25	0
143	26	0
143	27	0
143	28	0
143	29	0
143	30	0
143	31	0
143	32	0
143	33	0
143	34	0
143	35	0
143	36	0
143	37	0
143	38	0
143	39	0
143	40	0
143	41	0.073
143	42	0
