"time"	"distance"	"value"
36	0	0
36	1	0
36	2	0
36	3	0
36	4	0
36	5	0
36	6	0
36	7	0
36	8	0
36	9	0
36	10	0
36	11	0
36	12	0
36	13	0
36	14	0
36	15	0
36	16	0
36	17	0.042
36	18	0
36	19	0
36	20	0
36	21	0
36	22	0
36	23	0
36	24	0.038
37	10	0
37	11	0
37	12	0
37	13	0
37	14	0
37	15	0
37	16	0
37	17	0
37	18	0
37	19	0
37	20	0
37	21	0
37	22	0
37	23	0
37	24	0.222
37	25	0.176
37	26	0
37	27	0.333
37	28	0
37	29	0.154
37	30	0.444
37	31	0.143
37	32	0
37	33	0.2
37	34	0.5
37	35	0.357
37	36	0.423
37	37	0.467
37	38	0.208
37	39	0.227
37	40	0.571
37	41	0.486
37	42	0.545
37	43	0.235
37	44	0.333
37	45	0.474
37	46	0.655
37	47	0.462
38	0	0
38	1	0
38	2	0
38	3	0
38	4	0
38	5	0
38	6	0
38	7	0
38	8	0
38	9	0
38	10	0
38	11	0
38	12	0
38	13	0
38	14	0
38	15	0
38	16	0
38	17	0
38	19	0
38	20	0
38	21	0
38	22	0
38	23	0
38	24	0.127
38	25	0.226
38	26	0.07
38	27	0
38	28	0.081
38	29	0.094
38	30	0.061
38	31	0.079
38	32	0.25
38	33	0.2
38	34	0
38	35	0.074
38	36	0.082
38	37	0.103
38	38	0.032
38	39	0.125
38	48	0.849
38	49	0.721
38	50	0.698
38	51	0.526
39	0	0
39	1	0
39	2	0
39	3	0
39	4	0
39	5	0
39	6	0
39	7	0
39	8	0
39	9	0
39	10	0
39	11	0
39	12	0
39	13	0
39	14	0
39	15	0
39	16	0
39	17	0
39	18	0
39	19	0
39	20	0
39	21	0
39	22	0
39	23	0
39	24	0.1
39	25	0.167
39	26	0.333
39	27	1
39	28	0
39	29	0
39	30	0.5
39	31	0.125
39	32	0.25
39	33	0
39	34	0.4
39	35	0.111
39	36	0.143
39	37	0.333
39	38	0
39	39	0
39	40	0.056
39	41	0.087
39	42	0.043
39	43	0.087
39	44	0.045
39	45	0.113
39	46	0.085
39	47	0.121
39	48	0.124
39	49	0.064
39	50	0.409
39	51	0.105
40	0	0
40	1	0
40	2	0
40	3	0
40	4	0
40	5	0
40	6	0
40	7	0
40	8	0
40	9	0
40	10	0
40	11	0
40	12	0
40	13	0
40	14	0
40	15	0
40	16	0
40	17	0
40	18	0
40	19	0
40	20	0
40	21	0
40	22	0
40	23	0
40	24	0.256
40	25	0.35
40	26	0.286
40	27	0
40	28	0.12
40	29	0.158
40	30	0.211
40	31	0.273
40	34	0
40	35	0.176
40	36	0.312
40	37	0.167
40	38	0.103
40	39	0.125
40	40	0.2
40	41	0.344
40	42	0.286
40	43	0.143
40	44	0.25
40	45	0.25
40	46	0.5
40	49	0.184
40	50	0.15
40	51	0.086
41	0	0
41	1	0
41	2	0
41	3	0
41	4	0
41	5	0
41	6	0
41	7	0
41	8	0
41	9	0
41	10	0
41	11	0
41	12	0
41	13	0
41	14	0
41	15	0
41	16	0
41	17	0
41	18	0
41	19	0
41	20	0
41	21	0
41	22	0
41	23	0
41	24	0.147
41	25	0.115
41	26	0
41	27	0.143
41	28	0.133
41	29	0.167
41	30	0.067
41	31	0.059
41	32	0
41	33	0
41	34	0.273
41	35	0.067
41	36	0
41	37	0
41	38	0
41	39	0.143
41	40	0
41	41	0.182
41	42	0.125
41	43	0.308
41	44	0.333
41	45	0.564
41	46	0.4
41	47	0.435
41	48	0.5
41	49	0.457
41	50	0.614
41	51	0.462
42	0	0
42	1	0
42	2	0
42	3	0
42	4	0
42	5	0
42	6	0
42	7	0
42	8	0
42	9	0
42	10	0
42	11	0
42	12	0
42	13	0
42	14	0
42	15	0
42	16	0
42	17	0
42	18	0
42	19	0
42	20	0
42	21	0
42	22	0
42	23	0
42	24	0.083
42	25	0.4
42	26	0.182
42	27	0.143
42	28	0.111
42	29	0
42	30	0.077
42	31	0.278
42	32	0.333
42	33	0.5
42	34	0.167
42	35	0.061
42	36	0.048
42	37	0.033
42	38	0.154
42	39	0
42	40	0
42	41	0.042
42	42	0.067
42	43	0
42	44	0.24
42	45	0.136
42	46	0.167
42	47	0.045
42	48	0.2
42	49	0.265
42	50	0.37
42	51	0.156
43	0	0
43	1	0
43	2	0
43	3	0
43	4	0
43	5	0
43	6	0
43	7	0
43	8	0
43	9	0
43	10	0
43	11	0
43	12	0
43	13	0
43	14	0
43	15	0
43	16	0
43	17	0
43	18	0
43	19	0
43	20	0
43	21	0
43	22	0
43	23	0
43	24	0
43	25	0.048
43	26	0
43	27	0
43	28	0
43	29	0
43	30	0
43	31	0
43	32	0.5
43	33	0.125
43	34	0
43	35	0.119
43	36	0.2
43	37	0.167
43	38	0.133
43	39	0.208
43	40	0
43	41	0.179
43	42	0.167
43	43	0.059
43	44	0.08
43	45	0.143
43	46	0.12
43	47	0.152
43	48	0.222
43	49	0.279
43	50	0.333
43	51	0.262
44	0	0
44	1	0
44	2	0
44	3	0
44	4	0
44	5	0
44	6	0
44	7	0
44	8	0
44	9	0
44	10	0
44	11	0
44	12	0
44	13	0
44	14	0
44	15	0
44	16	0
44	17	0
44	18	0
44	19	0
44	20	0
44	21	0
44	22	0
44	23	0
44	24	0.245
44	25	0.167
44	26	0.182
44	27	0.056
44	28	0.053
44	29	0.2
44	30	0.167
44	31	0.25
44	32	0.333
44	33	0.167
44	34	0.2
44	35	0.267
44	36	0.154
44	37	0.3
44	38	0.2
44	39	0.333
44	40	0.25
44	41	0.545
44	42	1
44	43	0.545
44	44	0.333
44	45	0.4
44	46	0.75
44	47	0.417
44	48	0.81
44	49	0.741
44	50	0.842
44	51	0.591
45	0	0
45	1	0
45	2	0
45	3	0
45	4	0
45	5	0
45	6	0
45	7	0
45	8	0
45	9	0
45	10	0
45	11	0
45	12	0
45	13	0
45	14	0
45	15	0
45	16	0
45	17	0
45	18	0
45	19	0
45	20	0
45	21	0
45	22	0
45	23	0
45	24	0.059
45	25	0.077
45	26	0.167
45	27	0
45	28	0.048
45	29	0.037
45	30	0.065
45	31	0.048
45	32	0.2
45	33	0.364
45	34	0.158
45	35	0.127
45	36	0.308
45	37	0.117
45	38	0.146
45	39	0.069
45	40	0.25
45	41	0.146
45	42	0.172
45	43	0.2
45	44	0.229
45	45	0.149
45	46	0.143
45	47	0.178
45	48	0.457
45	49	0.375
45	50	0.339
45	51	0.364
46	0	0
46	1	0
46	2	0
46	3	0
46	4	0
46	5	0
46	6	0
46	7	0
46	8	0
46	9	0
46	10	0
46	11	0
46	12	0
46	13	0
46	14	0.065
46	15	0
46	16	0
46	17	0.015
46	18	0.333
46	19	0
46	20	0
46	21	0
46	22	0.033
46	23	0.102
46	24	0.171
46	25	0.048
46	26	0.095
46	27	0
46	28	0
46	29	0
46	30	0
46	31	0.138
46	32	0
46	33	0.5
46	34	0.2
46	35	0.133
46	36	0.25
46	37	0.161
46	38	0.143
46	39	0.1
46	41	0.091
46	42	0.143
46	43	0
46	44	0.125
46	45	0.188
46	46	0.125
46	47	0.111
46	48	0.242
46	49	0.222
46	50	0.216
46	51	0.1
47	0	0
47	1	0
47	2	0
47	3	0
47	4	0
47	5	0
47	6	0
47	7	0
47	8	0
47	9	0
47	10	0
47	11	0
47	12	0.023
47	13	0.033
47	14	0
47	15	0
47	16	0.036
47	17	0.021
47	18	0
47	19	0
47	20	0
47	21	0
47	22	0.029
47	23	0.111
47	24	0.128
47	25	0.261
47	26	0.188
47	27	0.143
47	28	0.077
47	29	0.067
47	30	0.182
47	31	0.333
47	33	1
47	34	0.5
47	35	0.062
47	36	0.067
47	37	0.207
47	38	0.207
47	39	0.24
47	40	0
47	41	0.278
47	42	0.312
47	43	0.346
47	44	0.37
47	45	0.346
47	46	0.423
47	47	0.364
47	48	0.419
47	49	0.258
47	50	0.25
47	51	0.231
48	0	0
48	1	0
48	2	0
48	3	0
48	4	0
48	5	0
48	6	0
48	7	0
48	8	0
48	9	0
48	10	0
48	11	0
48	12	0
48	13	0
48	14	0
48	15	0
48	16	0
48	17	0
48	18	0
48	19	0
48	20	0
48	21	0
48	22	0
48	23	0
48	24	0.069
48	25	0
48	26	0
48	27	0.1
48	28	0
48	29	0
48	30	0
48	31	0.093
48	32	0
48	33	0
48	34	0
48	35	0.25
48	36	0.2
48	37	0.208
48	38	0.154
48	39	0.184
48	40	0.1
48	41	0.25
48	42	0.269
48	43	0.185
48	44	0.286
48	45	0.237
48	46	0.242
48	47	0.256
48	48	0.282
48	49	0.388
48	50	0.407
48	51	0.329
49	0	0
49	1	0
49	2	0
49	3	0
49	4	0
49	5	0
49	6	0
49	7	0
49	8	0
49	9	0
49	10	0
49	11	0
49	12	0
49	13	0
49	14	0
49	15	0
49	16	0
49	17	0
49	18	0
49	19	0
49	20	0
49	21	0
49	22	0
49	23	0.103
49	24	0.25
49	25	0.2
49	26	0.154
49	27	0.143
49	28	0.143
49	29	0.182
49	30	0.227
49	31	0.174
49	32	0.4
49	33	0.6
49	34	0.417
49	35	0.276
49	36	0.407
49	37	0.333
49	38	0.261
49	39	0.19
49	40	0
49	41	0.08
49	42	0.154
49	43	0.235
49	44	0.304
49	45	0.353
49	46	0.316
49	47	0.192
49	48	0.49
49	49	0.604
49	50	0.449
49	51	0.439
50	0	0.011
50	1	0
50	2	0
50	3	0
50	4	0
50	5	0
50	6	0
50	7	0
50	8	0
50	9	0
50	10	0
50	11	0
50	12	0
50	13	0
50	14	0
50	15	0
50	16	0
50	17	0.096
50	18	0
50	19	0
50	20	0.111
50	21	0.056
50	22	0.032
50	23	0.061
50	24	0.093
50	25	0.148
50	26	0.158
50	27	0.188
50	28	0.062
50	29	0.158
50	30	0.238
50	31	0.182
50	32	0
50	33	0
50	34	0
50	35	0.267
50	36	0.333
50	37	0.312
50	38	0.308
50	39	0.292
50	40	0.4
50	41	0.259
50	42	0.389
50	43	0.294
50	44	0.391
50	45	0.357
50	46	0.348
50	47	0.3
50	48	0.523
50	49	0.483
50	50	0.453
50	51	0.395
51	0	0
51	1	0
51	2	0
51	3	0
51	4	0
51	5	0
51	6	0
51	7	0
51	8	0
51	9	0
51	10	0
51	11	0
51	12	0
51	13	0
51	14	0
51	15	0
51	16	0.051
51	17	0.139
51	18	0.222
51	19	0
51	20	0
51	21	0.05
51	22	0.097
51	23	0.146
51	24	0.224
51	25	0.579
51	26	0.28
51	27	0.167
51	28	0.143
51	29	0.172
51	30	0.273
51	31	0.423
51	32	0.667
51	33	0.5
51	34	0.154
51	35	0.306
51	36	0.143
51	37	0.2
51	38	0
51	39	0.231
51	40	0
51	41	0.071
51	42	0.111
51	43	0.143
51	44	0
51	45	0.143
51	46	0.083
51	47	0.071
51	48	0.217
51	49	0.303
51	50	0.225
51	51	0.2
52	0	0
52	1	0
52	2	0
52	3	0
52	4	0
52	5	0
52	6	0
52	7	0
52	8	0
52	9	0
52	10	0
52	11	0
52	12	0
52	13	0
52	14	0
52	15	0
52	16	0
52	17	0.027
52	18	0
52	19	0
52	20	0
52	21	0
52	22	0
52	23	0
52	24	0.08
52	25	0.294
52	26	0.333
52	27	0.125
52	28	0.071
52	29	0.308
52	30	0.143
52	31	0.261
52	33	1
52	34	0.2
52	35	0.348
52	36	0.566
52	37	0.449
52	38	0.452
52	39	0.361
52	40	0.5
52	41	0.553
52	42	0.545
52	43	0.548
52	44	0.536
52	45	0.517
52	46	0.517
52	47	0.333
52	48	0.531
52	49	0.525
52	50	0.51
52	51	0.388
53	0	0
53	1	0
53	2	0
53	3	0
53	4	0
53	5	0
53	6	0
53	7	0
53	8	0
53	9	0
53	10	0
53	11	0
53	12	0
53	13	0
53	14	0
53	15	0
53	16	0.067
53	17	0
53	18	0
53	19	0
53	20	0
53	21	0
53	22	0
53	23	0.026
53	24	0.108
53	25	0.222
53	26	0.25
53	27	0.071
53	28	0.154
53	29	0.059
53	30	0.211
53	31	0.071
53	32	0
53	33	0.286
53	34	0.1
53	35	0.162
53	36	0.148
53	37	0.184
53	38	0.19
53	39	0.115
53	40	0.5
53	41	0.105
53	42	0.176
53	43	0.154
53	44	0.062
53	45	0.323
53	46	0.5
53	47	0.385
53	48	0.392
53	49	0.308
53	50	0.17
53	51	0.286
54	0	0
54	1	0
54	2	0
54	3	0
54	4	0
54	5	0
54	6	0
54	7	0
54	8	0
54	9	0
54	10	0
54	11	0
54	12	0
54	13	0
54	14	0
54	15	0
54	16	0.029
54	17	0.034
54	18	0.143
54	19	0.071
54	20	0
54	21	0
54	22	0.08
54	23	0.079
54	24	0.333
54	25	0.467
54	26	0.273
54	27	0.214
54	28	0.188
54	29	0.083
54	30	0.4
54	31	0.481
54	32	0
54	33	0.5
54	34	0.111
54	35	0.2
54	36	0.158
54	37	0.148
54	38	0.15
54	39	0.214
54	40	0
54	41	0.333
54	42	0.167
54	43	0.091
54	44	0.308
54	45	0.333
54	46	0.13
54	47	0.208
54	48	0.371
54	49	0.424
54	50	0.35
54	51	0.31
55	0	0
55	1	0
55	2	0
55	3	0
55	4	0
55	5	0
55	6	0
55	7	0
55	8	0
55	9	0
55	10	0
55	11	0
55	12	0
55	13	0
55	14	0
55	15	0
55	16	0
55	17	0.045
55	18	0.111
55	19	0
55	20	0
55	21	0.125
55	22	0.037
55	23	0.036
55	24	0.214
55	25	0.429
55	26	0.5
55	27	0.143
55	28	0.167
55	29	0.15
55	30	0.286
55	31	0.353
55	32	0
55	33	0.615
55	34	0.2
55	35	0.351
55	36	0.371
55	37	0.303
55	38	0.2
55	39	0.182
55	40	0.25
55	41	0.391
55	42	0.286
55	43	0.125
55	44	0.381
55	45	0.28
55	46	0.208
55	47	0.25
55	48	0.619
55	49	0.549
55	50	0.458
55	51	0.444
56	0	0
56	1	0
56	2	0
56	3	0
56	4	0
56	5	0
56	6	0
56	7	0
56	8	0
56	9	0
56	10	0
56	11	0
56	12	0
56	13	0
56	14	0
56	15	0
56	16	0
56	17	0
56	18	0
56	19	0
56	20	0
56	21	0
56	22	0
56	23	0
56	24	0.03
56	25	0.04
56	26	0.333
56	27	0
56	28	0
56	29	0
56	30	0
56	31	0
56	32	0
56	33	0
56	34	0
56	35	0.2
56	36	0.375
56	37	0.375
56	38	0.4
56	39	0.211
56	40	0.125
56	41	0.409
56	42	0.357
56	43	0.2
56	44	0.4
56	45	0.25
56	46	0.235
56	47	0.167
56	48	0.45
56	49	0.366
56	50	0.35
56	51	0.353
57	0	0
57	1	0
57	2	0
57	3	0
57	4	0
57	5	0
57	6	0
57	7	0
57	8	0
57	9	0
57	10	0
57	11	0
57	12	0
57	13	0
57	14	0
57	15	0
57	16	0
57	17	0.102
57	18	0.25
57	19	0.111
57	20	0
57	21	0.062
57	22	0.148
57	23	0.158
57	24	0.517
57	25	0.63
57	26	0.267
57	27	0.1
57	28	0.192
57	29	0.25
57	30	0.344
57	31	0.4
57	32	0
57	33	0
57	34	0
57	35	0.231
57	36	0.319
57	37	0.208
57	38	0.176
57	39	0.071
57	40	0
57	41	0.143
57	42	0.077
57	43	0.167
57	44	0.125
57	45	0.3
57	46	0.455
57	47	0.346
57	48	0.259
57	49	0.057
57	50	0.222
57	51	0.143
58	0	0
58	1	0
58	2	0
58	3	0
58	4	0
58	5	0
58	6	0
58	7	0
58	8	0
58	9	0
58	10	0
58	11	0
58	12	0
58	13	0
58	14	0
58	15	0
58	16	0.059
58	17	0.057
58	18	0
58	19	0
58	20	0
58	21	0
58	22	0.056
58	23	0.2
58	24	0.333
58	25	0.133
58	26	0.25
58	27	0
58	28	0.083
58	29	0.059
58	30	0.188
58	31	0.206
58	32	0.5
58	33	0.545
58	34	0.4
58	35	0.071
58	36	0.154
58	37	0.295
58	38	0.2
58	39	0.207
58	40	0
58	41	0.371
58	42	0.286
58	43	0.414
58	44	0.333
58	45	0.412
58	46	0.618
58	47	0.455
58	48	0.484
58	49	0.545
58	50	0.441
58	51	0.464
59	0	0
59	1	0
59	2	0
59	3	0
59	4	0
59	5	0
59	6	0
59	7	0
59	8	0
59	9	0
59	10	0
59	11	0
59	12	0
59	13	0
59	14	0
59	15	0
59	16	0
59	17	0
59	18	0
59	19	0
59	20	0
59	21	0
59	22	0
59	23	0
59	24	0
59	25	0
59	26	0
59	27	0
59	28	0
59	29	0
59	30	0
59	31	0
59	32	0
59	33	0
59	34	0
59	35	0
59	36	0.75
59	37	0.6
59	38	0.286
59	39	0.182
59	40	0
59	41	0.5
59	42	0.125
59	43	0.1
59	44	0.25
59	45	0
59	46	0.273
59	47	0.429
59	48	0.273
59	49	0.412
59	50	0.217
59	51	0.412
60	0	0
60	1	0
60	2	0
60	3	0
60	4	0
60	5	0
60	6	0
60	7	0
60	8	0
60	9	0
60	10	0
60	11	0
60	12	0
60	13	0
60	14	0
60	15	0
60	16	0
60	17	0
60	19	0
60	20	0
60	21	0
60	22	0.111
60	23	0
60	24	0.185
60	25	0.3
60	26	0.179
60	27	0.111
60	28	0.176
60	29	0.238
60	30	0.304
60	31	0.224
60	32	1
60	33	0.5
60	34	0.429
60	35	0.164
60	36	0.211
60	37	0.131
60	38	0.273
60	39	0.1
60	40	0
60	41	0.3
60	42	0.188
60	43	0.231
60	44	0.135
60	45	0.189
60	46	0.273
60	47	0.279
60	48	0.423
60	49	0.333
60	50	0.049
60	51	0
61	0	0.009
61	1	0
61	2	0
61	3	0
61	4	0
61	5	0
61	6	0
61	7	0
61	8	0
61	9	0
61	10	0
61	11	0
61	12	0
61	13	0
61	14	0
61	15	0
61	16	0
61	17	0
61	18	0
61	19	0
61	20	0
61	21	0
61	22	0
61	23	0
61	24	0.308
61	25	0.1
61	26	0.2
61	27	0.278
61	28	0.167
61	29	0.167
61	30	0.167
61	31	0.2
61	34	0
61	35	0.167
61	36	0.214
61	37	0.059
61	38	0.1
61	39	0.154
61	40	0
61	41	0.167
61	42	0.1
61	43	0
61	44	0.2
61	45	0.562
61	46	0.4
61	47	0.222
61	48	0.182
61	49	0.567
61	50	0.552
61	51	0.473
62	0	0
62	1	0
62	2	0
62	3	0
62	7	0
62	8	0
62	9	0
62	10	0
62	11	0
62	12	0
62	13	0
62	14	0
62	15	0
62	16	0
62	17	0
62	18	0.2
62	19	0.062
62	20	0
62	21	0.083
62	22	0
62	23	0.073
62	24	0.433
62	25	0.346
62	26	0.5
62	27	0.111
62	28	0.19
62	29	0.24
62	30	0.231
62	31	0.237
62	32	0.333
62	33	0.4
62	34	0.6
62	35	0.235
62	36	0.297
62	37	0.222
62	38	0.276
62	39	0.13
62	40	0.333
62	41	0.087
62	42	0.286
62	43	0.25
62	44	0.182
62	45	0.15
62	46	0.143
62	47	0.345
62	48	0.375
62	49	0.587
62	50	0.722
62	51	0.722
63	0	0
63	1	0
63	2	0
63	3	0
63	4	0
63	5	0
63	6	0
63	7	0
63	8	0
63	9	0
63	10	0
63	11	0
63	12	0
63	13	0
63	14	0
63	15	0
63	16	0
63	17	0
63	18	0
63	19	0
63	20	0
63	21	0
63	22	0.04
63	23	0.125
63	24	0
63	25	0
63	26	0
63	27	0
63	28	0
63	29	0
63	30	0.2
63	31	0.111
63	32	0
63	33	0
63	34	0.2
63	35	0.105
63	36	0.083
63	37	0.048
63	38	0.067
63	39	0
63	40	0.143
63	41	0
63	42	0.448
63	43	0
63	44	0.15
63	45	0.25
63	46	0.118
63	47	0.095
63	48	0.115
63	49	0.167
63	50	0.226
63	51	0.108
64	0	0.045
64	1	0
64	2	0
64	3	0
64	4	0
64	5	0
64	6	0
64	7	0
64	8	0
64	9	0
64	10	0
64	11	0
64	12	0
64	13	0
64	14	0
64	15	0
64	16	0
64	17	0
64	18	0
64	19	0
64	20	0
64	21	0
64	22	0
64	23	0
64	24	0.326
64	25	0.222
64	26	0.348
64	27	0.222
64	28	0.333
64	29	0.273
64	30	0.353
64	31	0.306
64	32	1
64	33	1
64	34	0.333
64	35	0.262
64	36	0.333
64	37	0.226
64	38	0.1
64	39	0.1
64	40	0
64	41	0.154
64	42	0.143
64	43	0.111
64	44	0.167
64	45	0.267
64	46	0.444
64	47	0.385
64	48	0.235
64	49	0.091
64	50	0.25
64	51	0.333
65	0	0
65	1	0
65	2	0
65	3	0
65	4	0
65	5	0
65	6	0
65	7	0
65	8	0
65	9	0
65	10	0
65	11	0
65	12	0
65	13	0
65	14	0
65	15	0
65	16	0
65	17	0
65	18	0
65	19	0
65	20	0
65	21	0
65	22	0
65	23	0
65	24	0.571
65	25	0.5
65	26	0.8
65	27	0.167
65	28	0.2
65	29	0.333
65	30	0.25
65	31	0.8
65	32	0.5
65	33	0.667
65	34	0
65	35	0.5
65	36	0.286
65	37	0.318
65	38	0.348
65	39	0.118
65	40	0.2
65	41	0.231
65	42	0.412
65	43	0.375
65	44	0.4
65	45	0.385
65	46	0.333
65	47	0.417
65	48	0.5
65	49	0.552
65	50	0.426
65	51	0.4
66	0	0
66	1	0
66	2	0
66	3	0
66	4	0
66	5	0
66	6	0
66	7	0
66	8	0
66	9	0
66	10	0
66	11	0
66	12	0
66	13	0
66	14	0
66	15	0
66	16	0
66	17	0
66	18	0
66	19	0
66	20	0
66	21	0
66	22	0
66	23	0
66	24	0.091
66	25	0.118
66	26	0.083
66	27	0
66	28	0.2
66	29	0.333
66	30	0
66	31	0.714
66	34	1
66	35	0.8
66	36	0.667
66	37	0
66	38	0
66	39	0
66	41	0.333
66	43	0.5
66	44	0.333
66	45	0.333
66	46	1
66	47	0
66	48	0.667
66	49	0.571
66	50	0.6
66	51	0.4
67	0	0
67	1	0
67	2	0
67	3	0
67	4	0
67	5	0
67	6	0
67	7	0
67	8	0
67	9	0
67	10	0
67	11	0
67	12	0
67	13	0
67	14	0
67	15	0
67	16	0
67	17	0
67	18	0
67	19	0
67	20	0
67	22	0
67	23	0
67	24	0
67	25	0.333
67	26	0.25
67	27	0.333
67	28	0
67	29	0.25
67	30	0.167
67	31	0.118
67	32	0.5
67	33	0.286
67	34	0.167
67	35	0.192
67	36	0.087
67	37	0.15
67	38	0.1
67	39	0.167
67	40	0
67	41	0.105
67	42	0.25
67	43	0.167
67	44	0.083
67	45	0.231
67	46	0.133
67	47	0.222
67	48	0.433
67	49	0.514
67	50	0.633
67	51	0.4
68	0	0
68	1	0
68	2	0
68	3	0
68	4	0
68	5	0
68	6	0
68	7	0
68	8	0
68	9	0
68	10	0
68	11	0
68	12	0
68	13	0
68	14	0
68	15	0
68	16	0
68	17	0
68	18	0
68	19	0
68	20	0
68	21	0
68	22	0
68	23	0
68	24	0.273
68	25	0.111
68	26	0
68	27	0.25
68	28	0
68	29	0.333
68	30	0.167
68	31	0.077
68	32	0.5
68	33	0.333
68	34	0.333
68	35	0.2
68	36	0.444
68	37	0.368
68	38	0.333
68	39	0.2
68	40	0.75
68	41	0.2
68	42	0.5
68	43	0.1
68	44	0.4
68	45	0.462
68	46	0.5
68	47	0.214
68	48	0.458
68	49	0.308
68	50	0.25
68	51	0.211
69	0	0
69	1	0
69	2	0
69	3	0
69	4	0
69	5	0
69	6	0
69	7	0
69	8	0
69	9	0
69	10	0
69	11	0
69	12	0
69	13	0
69	14	0
69	15	0
69	16	0
69	17	0.04
69	18	0
69	19	0.125
69	20	0
69	21	0.091
69	22	0.062
69	23	0.048
69	24	0.55
69	25	0.273
69	26	0.545
69	27	0.286
69	28	0.25
69	29	0.5
69	30	0.417
69	31	0.52
69	32	1
69	33	1
69	34	0.333
69	35	0
70	0	0
70	1	0
70	2	0
70	3	0
70	4	0
70	6	0
70	7	0
70	8	0
70	9	0
70	10	0
70	11	0
70	12	0
70	13	0
70	14	0
70	15	0
70	16	0
70	17	0
70	19	0
70	20	0
70	21	0
70	22	0
70	23	0
70	24	0.429
70	25	0.5
70	26	0.2
70	27	0
70	28	0
70	29	0.333
70	30	0.333
70	31	0
70	34	0
70	35	0.385
70	36	0.261
70	37	0.385
70	38	0.263
70	39	0.062
70	40	0.2
70	41	0.235
70	42	0.5
70	43	0.267
70	44	0.353
70	45	0.25
70	46	0.273
70	47	0.474
70	48	0.639
70	49	0.795
70	50	0.59
70	51	0.625
71	0	0
71	1	0
71	2	0
71	3	0
71	4	0
71	5	0
71	6	0
71	7	0
71	8	0
71	9	0
71	10	0
71	11	0
71	12	0
71	13	0
71	14	0
71	15	0
71	16	0
71	17	0
71	18	0
71	19	0
71	20	0
71	21	0
71	22	0
71	23	0
71	24	0.04
71	25	0
71	26	0
71	27	0
71	28	0
71	29	0
72	0	0
72	1	0
72	2	0
72	3	0
72	4	0
72	5	0
72	6	0
72	7	0
72	8	0
72	9	0
72	10	0
72	11	0
72	12	0
72	13	0
72	14	0
72	15	0
72	16	0
72	17	0
72	19	0.25
72	21	0
72	22	0.111
72	23	0
72	24	0.125
72	25	0
72	26	0
72	27	0
72	28	0
72	29	0
72	30	0.071
72	31	0.036
72	34	0
72	35	0
72	36	0
72	37	0
72	38	0
72	39	0
72	40	0
72	41	0
72	42	0
72	43	0
72	44	0
72	45	0
72	46	0.1
72	47	0
72	48	0.088
72	49	0.128
72	50	0.115
72	51	0.053
73	0	0
73	1	0
73	2	0
73	3	0
73	4	0
73	5	0
73	6	0
73	7	0
73	8	0
73	9	0
73	10	0
73	11	0
73	12	0
73	13	0
73	14	0
73	15	0
73	16	0
73	17	0
73	19	0
73	20	0
73	21	0
73	22	0
73	23	0
73	24	0.286
73	25	0.167
73	26	1
73	27	0
73	28	0
73	29	0
73	30	0
73	31	0.235
73	32	0.5
73	33	0.4
73	34	0.4
73	35	0.231
73	36	0.091
73	37	0.118
73	38	0.083
73	39	0.091
73	40	0
73	41	0
73	42	0
73	43	0
73	44	0
73	45	0.167
73	46	0
73	47	0.2
73	48	0.222
73	49	0.261
73	50	0.375
73	51	0.385
74	0	0
74	8	0
74	9	0
74	10	0
74	11	0
74	12	0
74	13	0
74	14	0
74	15	0
74	16	0
74	17	0
74	18	1
74	19	0
74	20	0
74	21	0
74	22	0
74	23	0.077
74	24	0.062
74	25	0.111
74	26	0
74	27	0
74	28	0
74	29	0.143
74	30	0
74	31	0.154
74	33	1
74	34	0
74	35	0.133
74	36	0.214
74	37	0.125
74	38	0.077
74	39	0.231
74	40	0.5
74	41	0.083
74	42	0.167
74	43	0.125
74	44	0.091
74	45	0.111
74	46	0.091
74	47	0.2
74	48	0.652
74	49	0.385
74	50	0.433
74	51	0.381
75	0	0
75	1	0
75	2	0
75	3	0
75	4	0
75	5	0
75	6	0
75	7	0
75	8	0
75	9	0
75	10	0
75	11	0
75	12	0
75	13	0
75	14	0
75	15	0
75	16	0
75	17	0
75	18	0
75	19	0
75	20	0
75	21	0
75	22	0
75	23	0
75	24	0.167
75	25	0.167
75	26	0.111
75	27	0
75	28	0.143
75	29	0
75	30	0.222
75	31	0.2
75	32	0
75	33	0.571
75	34	0.333
75	35	0.25
75	36	0.3
75	37	0.182
75	38	0
75	39	0.182
75	41	0.167
75	42	0.375
75	43	0.25
75	44	0.333
75	45	0.429
75	46	0.667
75	47	0.3
75	48	0.562
75	49	0.6
75	50	0.48
75	51	0.071
76	0	0
76	1	0
76	2	0
76	3	0
76	4	0
76	5	0
76	6	0
76	7	0
76	8	0
76	9	0
76	10	0
76	11	0
76	12	0
76	13	0
76	14	0
76	15	0
76	16	0
76	17	0
76	19	0
76	20	0
76	21	0
76	22	0
76	23	0
76	24	0.333
76	25	0
76	26	0
76	27	0
76	28	0
76	29	0
76	30	0
76	31	0
76	33	0
76	34	0
76	35	0
76	36	0
76	37	0.286
76	38	0.125
76	39	0.4
76	40	0
76	41	0.154
76	42	0.143
76	43	0.2
76	44	0
76	45	0
76	46	0.167
76	47	0.2
76	48	0.091
76	49	0.346
76	50	0.2
76	51	0.318
77	0	0
77	1	0
77	2	0
77	3	0
77	4	0
77	5	0
77	6	0
77	7	0
77	8	0
77	9	0
77	10	0
77	11	0
77	12	0
77	13	0
77	14	0
77	15	0
77	16	0
77	17	0
77	18	0
77	19	0
77	20	0
77	21	0
77	22	0
77	23	0
77	24	0.333
77	25	0.4
77	26	0.333
77	27	0
77	28	0.25
77	29	0.2
77	30	0.4
77	31	0.2
77	32	0.25
77	33	0.5
77	34	0.286
77	35	0.3
77	36	0.333
77	37	0.125
77	38	0.143
77	39	0
77	40	0
77	41	0.5
77	42	0
77	43	0.167
77	44	0.2
77	45	0.25
77	46	0.2
77	47	0
77	48	0.273
77	49	0.222
77	50	0.25
77	51	0.5
78	0	0
78	1	0
78	2	0
78	3	0
78	5	0
78	6	0
78	8	0
78	9	0
78	10	0
78	11	0
78	12	0
78	13	0
78	14	0
78	16	0
78	18	0
78	19	0
78	20	0
78	21	0
78	22	0
78	23	0
78	24	0.13
78	25	0.4
78	26	0.1
78	27	0.125
78	28	0
78	29	0.111
78	30	0.111
78	31	0.056
78	34	0
78	35	0.077
78	36	0.176
78	37	0.235
78	38	0.143
78	39	0.154
78	40	0.333
78	41	0.077
78	42	0.083
78	43	0
78	44	0.091
78	45	0.154
78	46	0.1
78	47	0.071
78	48	0.227
78	49	0.4
78	50	0.308
78	51	0.517
79	0	0
79	1	0
79	2	0
79	3	0
79	4	0
79	5	0
79	6	0
79	7	0
79	8	0
79	9	0
79	10	0
79	11	0
79	12	0
79	13	0
79	14	0
79	15	0
79	16	0
79	17	0
79	18	0
79	19	0
79	20	0
79	21	0
79	22	0
79	23	0
79	24	0.25
79	25	0.444
79	26	0
79	27	0.2
79	28	0
79	29	0.143
79	30	0.25
79	31	0.182
79	33	0
79	34	0
79	35	0.067
79	36	0.1
79	37	0
79	38	0
79	39	0
79	40	0
79	41	0.167
79	42	0
79	43	0.143
79	44	0.2
79	45	0.083
79	46	0
79	47	0.071
79	48	0.167
79	49	0.167
79	50	0.222
79	51	0.125
80	0	0
80	1	0
80	2	0
80	3	0
80	4	0
80	5	0
80	6	0
80	7	0
80	8	0
80	9	0
80	10	0
80	11	0
80	12	0
80	13	0
80	14	0
80	15	0
80	16	0
80	17	0
80	18	0
80	19	0
80	20	0
80	21	0
80	22	0
80	23	0
80	24	0.222
80	25	0.222
80	26	0.071
80	27	0
80	28	0
80	29	0.1
80	30	0
80	31	0.19
80	33	0
80	34	0
80	35	0.133
80	36	0.5
80	37	0.5
80	38	0.667
80	39	0.5
80	41	0.5
80	42	0.5
80	43	1
80	44	0.333
80	45	0
80	46	0
80	47	0
80	48	0.5
80	49	1
80	50	0
80	51	0
81	0	0
81	1	0
81	2	0
81	3	0
81	4	0
81	6	0
81	8	0
81	10	0
81	11	0
81	12	0
81	13	0
81	14	0
81	16	0
81	17	0
81	19	0
81	20	0
81	22	0
81	23	0
81	24	0
81	26	0
81	27	0
81	29	0
81	30	0
81	31	0
81	35	0
81	36	0.15
81	37	0
81	38	0
81	39	0
81	40	0
81	41	0.133
81	42	0.111
81	43	0
81	44	0.25
81	45	0.167
81	46	0.077
81	47	0.143
81	48	0.2
81	49	0.167
81	50	0.242
81	51	0.143
82	4	0
82	5	0
82	6	0
82	7	0
82	8	0
82	9	0
82	10	0
82	11	0
82	12	0
82	13	0
82	14	0
82	15	0
82	16	0
82	17	0.037
82	18	0
82	19	0
82	20	0
82	21	0
82	22	0.05
82	23	0.12
82	24	0.296
82	25	0.214
82	26	0.083
82	27	0
82	28	0
82	29	0.077
82	30	0.083
82	31	0.1
82	32	0
82	33	0.111
82	34	0
82	35	0.045
82	36	0.19
82	37	0
83	0	0
83	1	0
83	2	0
83	3	0
83	4	0
83	5	0
83	6	0
83	7	0
83	8	0
83	9	0
83	10	0
83	11	0
83	12	0
83	13	0
83	14	0
83	15	0
83	16	0
83	17	0
83	18	0
83	37	0.2
83	38	0.154
83	39	0.214
83	40	0
83	41	0.067
83	42	0.077
83	43	0.083
83	44	0
83	45	0
83	46	0.308
83	47	0.214
83	48	0.349
83	49	0.316
83	50	0.348
83	51	0.136
84	0	0
84	1	0
84	2	0
84	3	0
84	4	0
84	5	0
84	6	0
84	7	0
84	8	0
84	9	0
84	10	0
84	11	0
84	12	0
84	13	0
84	14	0
84	15	0
84	16	0
84	17	0
84	18	0
84	19	0
84	20	0
84	21	0
84	22	0
84	23	0
84	24	0.143
84	25	0.4
84	26	0
84	27	0
84	28	0
84	29	0
84	30	0.25
84	31	0.176
84	35	0.133
84	36	0.333
84	37	0.25
84	38	0.308
84	39	0.111
84	40	0
84	41	0.333
84	42	0.167
84	43	0.286
84	44	0.273
84	45	0.667
84	46	0.5
84	47	0.455
84	48	0.471
84	49	0.576
84	50	0.56
84	51	0.381
85	0	0
85	1	0
85	2	0
85	3	0
85	4	0
85	5	0
85	6	0
85	7	0
85	8	0
85	9	0
85	10	0
85	11	0
85	12	0
85	13	0
85	14	0
85	15	0
85	16	0
85	17	0
85	18	0
85	19	0
85	20	0
85	21	0
85	22	0
85	23	0
85	24	0.188
85	25	0.077
85	26	0.222
85	27	0
85	28	0
85	29	0
85	30	0
85	31	0
85	32	0
85	33	0
85	35	0
85	36	0.1
85	37	0
85	38	0
85	39	0
85	40	0
85	41	0.125
85	42	0.4
85	43	0
85	44	0.222
85	45	0.286
85	46	0.167
85	47	0
85	48	0.125
85	49	0.312
85	50	0.471
85	51	0.438
86	0	0
86	1	0
86	2	0
86	3	0
86	4	0
86	5	0
86	6	0
86	7	0
86	8	0
86	9	0
86	10	0
86	11	0
86	12	0
86	13	0
86	14	0
86	15	0
86	16	0
86	17	0
86	18	0
86	19	0
86	20	0
86	21	0
86	22	0
86	23	0
86	24	0.1
86	25	0
86	26	0
86	27	0
86	28	0.2
86	29	0
86	30	0.4
86	31	0.214
86	32	0
86	33	0
86	34	0.2
86	35	0.417
86	36	0.333
86	37	0.444
86	38	0.25
86	39	0
86	40	0
86	41	0.182
86	42	0.5
86	43	0.167
86	44	0.429
86	45	0.4
86	46	0.6
86	47	0.286
86	48	0.462
86	49	0.364
86	50	0.4
86	51	0.421
87	0	0
87	1	0
87	2	0
87	3	0
87	4	0
87	5	0
87	6	0
87	7	0
87	8	0
87	9	0
87	10	0
87	11	0
87	12	0
87	13	0
87	14	0
87	15	0
87	16	0
87	17	0.2
87	18	0
87	19	0.5
87	20	0
87	21	0.5
87	22	0.2
87	23	0.111
87	24	0.222
87	25	0.2
87	26	0
87	27	0
87	28	0
87	29	0
87	30	0.154
87	31	0.087
87	32	0
87	33	0
87	34	0
87	35	0.182
87	36	0.25
87	37	0.238
87	38	0.235
87	39	0.25
87	40	0.4
87	41	0.167
87	42	0.143
87	43	0.231
87	44	0.091
87	45	0.143
87	46	0.231
87	47	0.235
87	48	0.29
87	49	0.387
87	50	0.419
87	51	0.321
88	0	0
88	1	0
88	2	0
88	3	0
88	4	0
88	5	0
88	6	0
88	7	0
88	8	0
88	9	0
88	10	0
88	11	0
88	12	0
88	13	0
88	14	0
88	15	0
88	16	0
88	17	0
88	18	0
88	19	0
88	20	0
88	21	0
88	22	0
88	23	0
88	24	0.056
88	25	0.143
88	26	0.2
88	27	0.1
88	28	0.091
88	29	0
88	30	0.077
88	31	0
88	34	0
88	35	0
88	36	0
88	37	0
88	38	0
88	39	0
88	41	0
88	42	0
88	43	0
88	44	0
88	45	0
88	46	0
88	47	0
88	48	0
88	49	0
88	50	0.125
88	51	0
89	0	0
89	1	0
89	2	0
89	3	0
89	4	0
89	5	0
89	6	0
89	7	0
89	8	0
89	9	0
89	10	0
89	11	0
89	12	0
89	13	0
89	14	0
89	15	0
89	16	0
89	17	0
89	19	0
89	21	0
89	22	0
89	23	0
89	24	0.4
89	25	0.25
89	27	0.333
89	29	0.25
89	30	0.111
89	31	0.12
89	32	1
89	33	0.333
89	34	0.1
89	35	0.067
89	36	0.125
89	37	0.172
89	38	0.048
89	39	0.053
89	40	0
89	41	0.083
89	42	0.3
89	43	0.067
89	44	0.188
89	45	0.143
89	46	0.188
89	47	0.143
89	48	0.392
89	49	0.25
89	50	0.225
89	51	0.152
90	0	0.033
90	1	0
90	2	0
90	3	0
90	4	0
90	5	0
90	6	0
90	7	0
90	8	0
90	9	0
90	10	0
90	11	0
90	12	0
90	13	0
90	14	0
90	15	0
90	16	0
90	17	0
90	18	0
90	19	0
90	20	0
90	21	0
90	22	0
90	23	0
90	24	0.167
90	25	0.333
90	26	0
90	27	0
90	28	0.333
90	29	0
90	30	0
90	31	0.25
90	32	0
90	33	0
90	34	0
90	35	0.2
90	36	0.25
90	37	0.286
90	38	0.2
90	39	0.333
90	40	1
90	41	0.2
90	42	0.333
90	43	0.5
90	44	0.25
90	45	1
90	46	0.5
90	47	0.75
90	48	0.5
90	49	0.857
90	50	0.875
90	51	0.5
91	0	0
91	1	0
91	2	0
91	3	0
91	4	0
91	5	0
91	6	0
91	7	0
91	8	0
91	9	0
91	10	0
91	11	0
91	12	0
91	13	0
91	14	0
91	15	0
91	16	0
91	17	0
91	20	0
91	21	0
91	22	0
91	23	0
91	24	0.256
91	25	0.158
91	26	0.333
91	27	0.125
91	28	0.143
91	29	0.133
91	30	0.211
91	31	0.192
91	32	0.5
91	33	0.75
91	34	0.6
91	35	0.125
91	36	0.226
91	37	0.269
91	38	0.2
91	39	0.294
91	40	0.2
91	41	0.136
91	42	0.333
91	43	0.3
91	44	0.25
91	45	0.412
91	46	0.333
91	47	0.412
91	48	0.615
91	49	0.635
91	50	0.439
91	51	0.351
92	0	0
92	1	0
92	2	0
92	3	0
92	4	0
92	5	0
92	6	0
92	7	0
92	8	0
92	9	0
92	10	0
92	11	0
92	12	0
92	13	0
92	14	0
92	15	0
92	16	0
92	17	0
92	18	0
92	19	0
92	20	0
92	21	0
92	22	0
92	23	0
92	24	0
92	25	0
92	26	0
92	27	0
92	28	0
92	29	0
92	30	0.125
92	31	0.091
92	32	0.429
92	33	0.143
92	34	0.143
92	35	0.143
92	36	0.167
92	37	0.143
92	38	0.222
92	39	0.125
92	40	0
92	41	0.1
92	42	0.111
92	43	0.111
92	44	0.375
92	45	0.111
92	46	0.077
92	47	0.462
92	48	0.522
92	49	0.467
92	50	0.531
92	51	0.346
93	2	0
93	3	0
93	4	0
93	5	0
93	6	0
93	7	0
93	8	0
93	9	0
93	10	0
93	11	0
93	12	0
93	13	0
93	14	0
93	15	0
93	16	0
93	17	0.053
93	18	0
93	19	0.125
93	20	0
93	21	0
93	22	0.077
93	23	0.042
93	24	0.2
93	25	0.2
93	26	0
93	27	0
93	28	0
93	29	0.083
93	30	0.143
93	31	0.091
93	34	0
93	35	0.136
93	36	0.143
93	37	0.087
93	38	0.062
93	39	0
93	40	0.333
93	41	0.2
93	42	0.222
93	43	0
93	44	0.182
93	45	0.2
93	46	0.071
93	47	0.25
93	48	0.312
93	49	0.487
93	50	0.4
93	51	0.286
94	0	0
94	1	0
94	2	0
94	3	0
94	4	0
94	5	0
94	6	0
94	7	0
94	8	0
94	9	0
94	10	0
94	11	0
94	12	0
94	13	0
94	14	0
94	15	0
94	16	0
94	17	0.08
94	19	0
94	20	0
94	21	0
94	22	0.105
94	23	0.077
94	24	0.457
94	25	0.417
94	26	0
94	27	0.125
94	28	0.167
94	29	0.3
94	30	0.364
94	31	0.375
94	33	0
94	34	0
94	35	0.375
94	36	0.333
94	37	0.25
94	38	0.25
94	39	0.308
94	40	1
94	41	0.538
94	42	0.25
94	43	0.4
94	44	0.455
94	45	0.111
94	46	0.6
94	47	0.462
94	48	0.522
94	49	0.412
94	50	0.455
94	51	0.405
95	0	0
95	1	0
95	2	0
95	3	0
95	4	0
95	5	0
95	6	0
95	7	0
95	8	0
95	9	0
95	10	0
95	11	0
95	12	0
95	13	0
95	14	0
95	15	0
95	16	0
95	17	0
95	18	0
95	19	0
95	21	0
95	22	0
95	23	0
95	24	0.226
95	25	0.375
95	26	0.091
95	27	0.167
95	28	0
95	29	0.083
95	30	0.263
95	31	0.2
95	32	0
95	33	0.25
95	34	0.25
95	35	0.316
95	36	0.318
95	37	0.3
95	38	0.261
95	39	0.312
95	40	0
95	41	0.357
95	42	0.364
95	43	0.091
95	44	0.118
95	45	0.133
95	46	0.316
95	47	0
95	51	0.75
96	0	0
96	1	0
96	2	0
96	3	0
96	4	0
96	5	0
96	6	0
96	7	0
96	8	0
96	9	0
96	10	0
96	11	0
96	12	0
96	13	0
96	14	0
96	15	0
96	16	0
96	17	0
96	18	0
96	19	0
96	20	0
96	21	0
96	22	0
96	23	0
96	24	0.25
96	25	0.375
96	26	0.5
96	27	0.286
96	28	0.375
96	29	0.333
96	30	0.333
96	31	0.4
96	32	0.5
96	33	0.25
96	34	0.4
96	35	0.267
96	36	0.4
96	37	0.188
96	38	0.273
96	39	0.273
96	40	1
96	41	0.385
96	42	0.333
96	43	0.2
96	44	0.375
96	45	0.25
96	46	0.364
96	47	0.296
96	48	0.489
96	49	0.538
96	50	0.705
96	51	0.365
97	0	0
97	1	0
97	2	0
97	3	0
97	4	0
97	5	0
97	6	0
97	7	0
97	8	0
97	9	0
97	10	0
97	11	0
97	12	0
97	13	0
97	14	0
97	15	0
97	16	0
97	17	0
97	18	0
97	19	0
97	20	0
97	21	0
97	22	0
97	23	0
97	24	0.194
97	25	0.333
97	26	0.25
97	27	0.429
97	28	0.429
97	29	0.125
97	30	0.4
97	31	0.2
97	33	1
97	34	0.25
97	35	0.4
97	36	0.231
97	37	0.429
97	38	0.357
97	39	0.333
97	40	0.5
97	41	0.25
97	42	0.286
97	43	0.167
97	44	0.25
97	45	0.333
97	46	0.364
97	47	0.429
97	48	0.524
97	49	0.688
97	50	0.6
97	51	0.478
98	0	0
98	1	0
98	2	0
98	3	0
98	4	0
98	5	0
98	6	0
98	7	0
98	8	0
98	9	0
98	10	0
98	11	0
98	12	0
98	13	0
98	14	0
98	15	0
98	16	0
98	17	0
98	18	0
98	19	0
98	20	0
98	21	0
98	22	0
98	23	0
98	24	0.053
98	25	0.13
98	26	0.2
98	27	0
98	28	0.077
98	29	0.125
98	30	0
98	31	0.067
98	33	0
98	34	0
98	35	0.077
98	36	0.2
98	37	0.207
98	38	0.172
98	39	0.056
98	40	0.333
98	41	0
98	42	0.286
98	43	0
98	44	0.111
98	45	0.5
98	46	0.25
98	47	0.125
98	48	0.471
98	49	0.462
98	50	0.261
98	51	0.353
99	0	0
99	1	0
99	2	0
99	3	0
99	4	0
99	5	0
99	6	0
99	7	0
99	8	0
99	9	0
99	10	0
99	11	0
99	12	0
99	13	0
99	14	0
99	15	0
99	16	0
99	17	0
99	18	0
99	19	0
99	20	0
99	21	0
99	22	0
99	23	0
99	24	0.083
99	25	0
99	26	0
99	27	0
99	28	0
99	29	0
99	30	0.167
99	31	0.357
99	33	0.6
99	34	0.667
99	35	0.4
99	36	0.5
99	37	0.375
99	38	0.417
99	39	0.25
99	40	0
99	41	0.133
99	42	0.143
99	43	0.4
99	44	0.143
99	45	0.222
99	46	0.4
99	47	0.211
99	48	0.467
99	49	0.356
99	50	0.289
99	51	0.464
100	0	0
100	1	0
100	2	0
100	3	0
100	4	0
100	5	0
100	6	0
100	7	0
100	8	0
100	9	0
100	10	0
100	11	0
100	12	0
100	13	0
100	14	0
100	15	0
100	16	0
100	17	0
100	18	0
100	19	0
100	20	0
100	21	0
100	22	0
100	23	0.133
100	24	0.378
100	25	0.273
100	26	0.111
100	27	0
100	28	0
100	29	0.091
100	30	0.231
100	31	0.226
100	32	0
100	33	0.333
100	34	0.25
100	35	0.25
100	36	0.545
100	37	0.333
100	38	0.316
100	39	0.333
100	40	0.143
100	41	0.15
100	42	0.333
100	43	0.286
100	44	0.5
100	45	0.353
100	46	0.25
100	47	0.278
100	48	0.586
100	49	0.537
100	50	0.757
100	51	0.556
101	0	0
101	1	0
101	2	0
101	3	0
101	4	0
101	5	0
101	6	0
101	7	0
101	8	0
101	9	0
101	10	0
101	11	0
101	12	0
101	13	0
101	14	0
101	15	0
101	16	0
101	17	0
101	18	0
101	19	0
101	20	0
101	21	0
101	22	0
101	23	0
101	24	0.263
101	25	0.333
101	26	0
101	27	0.333
101	28	0.143
101	29	0.364
101	30	0.308
101	31	0.308
101	32	1
101	33	1
101	34	0.5
101	35	0.381
101	36	0.429
101	37	0.35
101	38	0.529
101	39	0.214
101	40	0
101	41	0.133
101	42	0.167
101	43	0.3
101	44	0.4
101	45	0.2
101	46	0.3
101	47	0.188
101	48	0.316
101	49	0.556
101	50	0.462
101	51	0.4
102	0	0
102	1	0
102	2	0
102	3	0
102	4	0
102	5	0
102	6	0
102	7	0
102	8	0
102	9	0
102	10	0
102	11	0
102	12	0
102	13	0
102	14	0
102	15	0
102	16	0
102	17	0.037
102	18	0
102	19	0
102	20	0
102	21	0
102	22	0
102	23	0
102	24	0.143
102	25	0.071
102	26	0.083
102	27	0
102	28	0.167
102	29	0.083
102	30	0.062
102	31	0.083
102	33	0
102	34	0.333
102	35	0.353
102	36	0.364
102	37	0.214
102	38	0.083
102	39	0
102	40	0
102	41	0.111
102	42	0.143
102	43	0.5
102	44	0.3
102	45	0.375
102	46	0.444
102	47	0.5
102	48	0.562
102	49	0.9
102	50	0.619
102	51	0.5
103	0	0
103	1	0
103	2	0
103	3	0
103	4	0
103	5	0
103	6	0
103	7	0
103	8	0
103	9	0
103	10	0
103	11	0
103	12	0
103	13	0
103	14	0
103	15	0
103	16	0
103	17	0.143
103	18	0
103	19	0
103	20	0
103	21	0
103	22	0.1
103	23	0.214
103	24	0.308
103	25	0.182
103	26	0.2
103	27	0
103	28	0.125
103	29	0.333
103	30	0.125
103	31	0.3
103	32	0
103	33	0.286
103	34	0
103	35	0.143
103	36	0.565
103	37	0.486
103	38	0.391
103	39	0.167
103	40	0.6
103	41	0.579
103	42	0.353
103	43	0.667
103	44	0.368
103	45	0.312
103	46	0.4
103	47	0.429
103	48	0.625
103	49	0.625
103	50	0.652
103	51	0.481
104	0	0
104	1	0
104	2	0
104	3	0
104	4	0
104	5	0
104	6	0
104	7	0
104	8	0
104	9	0
104	10	0
104	11	0
104	12	0
104	13	0
104	14	0
104	15	0
104	16	0
104	17	0.034
104	18	0
104	19	0
104	20	0
104	21	0
104	22	0
104	23	0
104	24	0.273
104	25	0.222
104	26	0.333
104	27	0
104	28	0.143
104	29	0.333
104	30	0
104	31	0.263
104	32	0
104	33	0.375
104	34	0.667
104	35	0.308
104	36	0.5
104	37	0.789
104	38	0.333
104	39	0.25
104	40	0.667
104	41	0.636
104	42	0.5
104	43	0.429
104	44	0.571
104	45	0.714
104	46	0.75
104	47	0.75
104	48	0.625
104	49	0.588
104	50	0.722
104	51	0.481
105	0	0.056
105	1	0
105	2	0
105	3	0
105	4	0
105	5	0
105	6	0
105	7	0
105	8	0
105	9	0
105	10	0
105	11	0
105	12	0
105	13	0
105	14	0
105	15	0
105	16	0
105	17	0.267
105	18	0
105	19	0
105	20	0
105	21	0
105	22	0.136
105	23	0.111
105	24	0.349
105	25	0.222
105	26	0.111
105	27	0.167
105	28	0
105	29	0.077
105	30	0.263
105	31	0.241
105	32	0
105	33	0.429
105	34	0.125
105	35	0.25
105	36	0.556
105	37	0.641
105	38	0.4
105	39	0.111
105	40	0.25
105	41	0.273
105	42	0.286
105	43	0.429
105	44	0.625
105	45	0.615
105	46	0.571
105	47	0.4
105	48	0.522
105	49	0.571
105	50	0.565
105	51	0.522
106	0	0.097
106	1	0
106	2	0
106	3	0
106	4	0
106	5	0
106	6	0
106	7	0
106	8	0
106	9	0
106	10	0
106	11	0
106	12	0
106	13	0
106	14	0
106	15	0
106	16	0.062
106	17	0.095
106	18	0.333
106	19	0
106	20	0
106	21	0
106	22	0.25
106	23	0.158
106	24	0.083
106	37	0
106	38	0.182
106	39	0.222
106	40	0.2
106	41	0.333
106	42	0.4
106	43	0.429
106	44	0.333
106	45	0.333
106	46	0.556
106	47	0.357
106	48	0.773
106	49	0.577
106	50	0.591
106	51	0.348
107	0	0
107	1	0
107	2	0
107	3	0
107	4	0
107	5	0
107	6	0
107	7	0
107	8	0
107	9	0
107	10	0
107	11	0
107	12	0
107	13	0
107	14	0
107	15	0
107	16	0
107	17	0
107	19	0
107	20	0
107	21	0
107	22	0
107	23	0
107	24	0.412
107	25	0.125
107	26	0.083
107	27	0.167
107	28	0.067
107	29	0.167
107	30	0.118
107	31	0.267
107	33	0.5
107	34	0.222
107	35	0.04
107	36	0.071
107	37	0.135
107	38	0.129
107	39	0.167
107	40	0
107	41	0.421
107	42	0.214
107	43	0.1
107	44	0.091
107	45	0.182
107	46	0.154
107	47	0.2
107	48	0.294
107	49	0.341
107	50	0.323
107	51	0.286
108	0	0
108	1	0
108	2	0
108	3	0
108	4	0
108	5	0
108	6	0
108	7	0
108	8	0
108	9	0
108	10	0
108	11	0
108	12	0
108	13	0
108	14	0
108	15	0
108	16	0
108	17	0.136
108	18	0.25
108	19	0
108	20	0
108	21	0
108	22	0
108	23	0
108	24	0.222
108	25	0.154
108	26	0
108	27	0
108	28	0.111
108	29	0.182
108	30	0.375
108	31	0.167
108	34	0
108	35	0.421
108	36	0.6
108	37	0.75
108	38	0.2
108	39	0
108	40	0.333
108	41	0.2
108	42	0
108	43	0.167
108	44	0.25
108	45	0
108	46	0.333
108	47	0.286
108	48	0.3
108	49	0.286
108	50	0.308
108	51	0.429
109	0	0
109	1	0
109	2	0
109	3	0
109	4	0
109	5	0
109	6	0
109	7	0
109	8	0
109	9	0
109	10	0
109	11	0
109	12	0
109	13	0
109	14	0
109	15	0
109	16	0
109	17	0.143
109	18	0
109	19	0
109	21	0
109	22	0.083
109	23	0.056
109	24	0.625
109	25	0.182
109	26	0.167
109	27	0
109	28	0.167
109	29	0.1
109	30	0.714
109	31	0.412
109	32	0.667
109	33	0.444
109	34	0.444
109	35	0.667
109	37	0.5
109	38	0.55
109	39	0.333
109	40	0.5
109	41	0.5
109	42	0.4
109	43	0.429
109	44	0.429
109	45	0.5
109	46	0.455
109	47	0.778
109	48	0.591
109	49	0.75
109	50	0.762
109	51	0.5
110	0	0
110	1	0
110	2	0
110	3	0
110	4	0
110	5	0
110	6	0
110	7	0
110	8	0
110	9	0
110	10	0
110	11	0
110	12	0
110	13	0
110	14	0
110	15	0
110	16	0.2
110	17	0.3
110	18	0.5
110	19	0
110	20	0
110	21	0
110	22	0
110	23	0
110	24	0.375
110	25	0.5
110	26	0.5
110	27	0
110	28	0
110	29	0
110	30	0.167
110	31	0.143
110	34	0
110	35	0.167
110	36	0.824
110	37	0.667
110	38	0.467
110	39	0.312
110	40	0.167
110	41	0.536
110	42	0.417
110	43	0.417
110	44	0.333
110	45	0.316
110	46	0.5
110	47	0.316
110	48	0.75
110	49	0.811
110	50	0.78
110	51	0.622
111	0	0
111	1	0
111	2	0
111	3	0
111	4	0
111	5	0
111	6	0
111	7	0
111	8	0
111	9	0
111	10	0
111	11	0
111	12	0
111	13	0
111	14	0
111	15	0
111	16	0
111	17	0.138
111	18	0
111	19	0
111	20	0
111	21	0
111	22	0.048
111	23	0
111	24	0.387
111	25	0.333
111	26	0.4
111	27	0.111
111	28	0
111	29	0.182
111	30	0.385
111	31	0.2
111	33	0.2
111	34	0.2
111	35	0.348
111	36	0.273
111	37	0.407
111	38	0.24
111	39	0.267
111	40	0
111	41	0.333
111	42	0.3
111	43	0.4
112	0	0
112	1	0
112	2	0
112	3	0
112	4	0
112	5	0
112	6	0
112	7	0
112	8	0
112	9	0
112	10	0
112	11	0
112	12	0
112	13	0
112	14	0
112	15	0
112	16	0
112	17	0
112	18	0
112	19	0
112	20	0
112	21	0
112	22	0
112	23	0
112	24	0.182
112	25	0.333
112	26	0.5
112	27	0
112	28	0.5
112	29	0.2
112	30	0.333
112	31	0.25
112	33	0
112	34	0.4
112	35	0.167
112	36	0.4
112	37	0.25
112	38	0.333
112	39	0.8
112	40	0.75
112	41	0.5
112	42	0.5
112	43	0.091
112	44	0.211
112	45	0.308
112	46	0.611
112	47	0.25
112	48	0.571
112	49	0.556
112	50	0.559
112	51	0.641
113	0	0
113	1	0
113	2	0
113	3	0
113	4	0
113	5	0
113	6	0
113	7	0
113	8	0
113	9	0
113	10	0
113	11	0
113	12	0
113	13	0
113	14	0
113	15	0
113	16	0
113	17	0
113	18	0
113	19	0
113	20	0
113	21	0
113	22	0
113	23	0
113	24	0.368
113	25	0.833
113	26	0.333
113	27	0
113	28	0.375
113	29	0.375
113	30	0.429
113	31	0.533
113	32	1
113	33	1
113	34	0.571
113	35	0.625
113	36	0.533
113	37	0.55
113	38	0.273
113	39	0.333
113	40	0
113	41	0.143
113	42	0
113	43	1
113	44	0
113	45	0.667
113	46	0.333
113	47	0.5
113	48	0.429
113	49	0.765
113	50	0.667
113	51	0.526
114	0	0
114	1	0
114	2	0
114	3	0
114	4	0
114	5	0
114	6	0
114	7	0
114	8	0
114	9	0
114	10	0
114	11	0
114	12	0
114	13	0
114	14	0
114	15	0
114	16	0
114	17	0
114	38	0.6
114	39	0.5
114	41	0.278
114	42	0.5
114	43	0.167
114	44	0.333
114	45	0.5
114	46	0.714
114	47	0.778
114	48	0.789
114	49	0.727
114	50	0.722
114	51	0.714
115	17	0
115	18	0
115	19	0
115	20	0
115	21	0
115	22	0.056
115	23	0.053
115	24	0.261
115	25	0.263
115	26	0.125
115	27	0.667
115	28	0
115	29	0.273
115	30	0.222
115	31	0.276
115	32	0
115	33	0.25
115	34	0
115	35	0.231
115	36	0.316
115	37	0.378
115	38	0.192
115	39	0.357
115	40	0.125
115	41	0.261
115	42	0.417
115	43	0.111
115	44	0.2
115	45	0.25
115	46	0.467
116	0	0
116	1	0
116	2	0
116	3	0
116	4	0
116	5	0
116	6	0
116	7	0
116	8	0
116	9	0
116	10	0
116	11	0
116	12	0
116	13	0
116	14	0
116	15	0
116	16	0
116	17	0
116	18	0
116	19	0
116	20	0
116	21	0
116	22	0
116	23	0
116	24	0.25
116	25	0.286
116	26	0.333
116	27	0
116	46	0.8
116	47	0.5
116	48	0.511
116	49	0.561
116	50	0.651
116	51	0.667
117	0	0
117	1	0
117	2	0
117	3	0
117	4	0
117	5	0
117	6	0
117	7	0
117	8	0
117	9	0
117	10	0
117	11	0
117	12	0
117	13	0
117	14	0
117	15	0
117	16	0
117	17	0
117	18	0
117	19	0
117	20	0
117	21	0
117	27	0.5
117	28	0.25
117	29	0.25
117	30	0.4
117	31	0.286
117	33	0.667
117	34	0
117	35	0.25
117	36	0.25
117	37	0.125
117	38	0.143
117	39	0.333
117	40	0
117	41	0.222
117	42	0.333
117	43	0.2
117	44	0.333
117	45	0
117	46	0.333
117	47	0.167
117	48	0.438
117	49	0.625
117	50	0.5
117	51	0.4
118	0	0
118	1	0
118	2	0
118	21	0
118	22	0
118	23	0
118	24	0.294
118	25	0.333
118	26	0
118	27	0.429
118	28	0.25
118	29	0.333
118	30	0.111
118	31	0.333
118	32	1
118	33	1
118	34	0.333
118	35	0.286
118	36	0.444
118	37	0.5
118	38	0.278
118	39	0.3
118	40	0.333
118	41	0.474
118	42	0.444
118	43	0.4
118	44	0.222
118	45	0.3
118	46	0.182
118	47	0.583
118	48	0.656
118	49	0.519
118	50	0.565
118	51	0.632
119	2	0
119	3	0
119	4	0
119	5	0
119	6	0
119	7	0
119	8	0
119	9	0
119	10	0
119	11	0
119	12	0
119	13	0
119	14	0
119	15	0
119	16	0
119	17	0
119	19	0
119	20	0
119	21	0
119	22	0
119	23	0
119	24	0.231
119	25	0.25
119	26	0.4
119	27	0.1
119	28	0.222
119	29	0.375
119	30	0.2
119	31	0.267
119	32	0
119	33	0
119	34	0
120	35	0.261
120	36	0.462
120	37	0.459
120	38	0.417
120	39	0.333
120	40	0.214
120	41	0.478
120	42	0.3
120	43	0.556
120	44	0.182
120	45	0.235
120	46	0.125
120	47	0.421
120	48	0.475
120	49	0.633
120	50	0.55
120	51	0.429
121	0	0
121	1	0
121	2	0
121	3	0
121	4	0
121	5	0
121	6	0
121	7	0
121	8	0
121	9	0
121	10	0
121	11	0
121	12	0
121	13	0
121	14	0
121	15	0
121	16	0
121	17	0.125
121	18	0
121	19	0
121	20	0
121	21	0
121	22	0.1
121	23	0.333
121	24	0.167
121	25	0.625
121	26	0.286
121	27	0.25
121	28	0.25
121	29	0.4
121	30	0.333
121	31	0.6
121	51	0.531
122	0	0
122	1	0
122	2	0
122	3	0
122	4	0
122	5	0
122	6	0
122	7	0
122	8	0
122	31	0
122	32	1
122	33	0.75
122	34	0.25
122	35	0.467
122	36	0.25
122	37	0.65
122	38	0.538
122	39	0.3
122	40	0.286
122	41	0.56
122	42	0.4
122	43	0.5
122	44	0.8
122	45	0.625
122	46	0.643
122	47	0.875
122	48	0.885
122	49	0.647
122	50	0.667
122	51	0.667
123	9	0
123	10	0
123	11	0
123	12	0
123	13	0
123	14	0
123	15	0
123	16	0
123	17	0
123	18	0
123	19	0
123	20	0
123	21	0
123	22	0.067
123	23	0.062
123	24	0.095
123	25	0
123	26	0
123	27	0
123	28	0
123	29	0
123	30	0.333
123	31	0.071
123	32	0.667
123	33	0.286
123	34	0.222
123	35	0.316
123	36	0.474
123	37	0.889
124	0	0
124	1	0
124	2	0
124	3	0
124	4	0
124	5	0
124	6	0
124	7	0
124	8	0
124	9	0
124	10	0
124	37	0.429
124	38	0.375
124	39	0.25
124	40	0.667
124	41	0.4
124	42	0.364
124	43	0.2
124	44	0.455
124	45	0.467
124	46	0.429
124	47	0.214
124	48	0.639
124	49	0.303
124	50	0.567
124	51	0.367
125	0	0
125	1	0
125	2	0
125	3	0
125	4	0
125	5	0
125	6	0
125	7	0
125	8	0
125	9	0
125	10	0
125	11	0
125	12	0
125	13	0
125	14	0
125	15	0
125	16	0
125	17	0
125	18	0.5
125	19	0
125	20	0
125	21	0
125	22	0.125
125	23	0.222
125	24	0.375
125	25	0.286
125	26	0
125	27	0
125	28	0
125	29	0
125	30	0
125	31	0
125	34	1
125	35	0.286
125	36	0.5
125	37	0.25
125	38	0.4
125	39	0
125	40	0.4
125	41	0.182
125	42	0.424
125	43	0
125	44	0
125	45	0
125	46	1
125	47	0.5
125	48	0.5
125	49	0.571
125	50	0.75
125	51	0.6
126	0	0
126	1	0
126	2	0
126	3	0
126	4	0
126	5	0
126	6	0
126	7	0
126	8	0
126	9	0
126	10	0
126	11	0
126	12	0
126	13	0
126	14	0
126	15	0
126	16	0
126	17	0
126	26	0.25
126	28	0.5
126	29	0.25
126	30	1
126	31	0.75
126	33	1
126	34	1
126	35	1
126	36	0.917
126	37	0.8
126	38	1
126	39	0.333
126	40	1
126	41	0.615
126	42	0
126	43	0.333
126	44	0
126	45	0.4
126	46	0.667
126	47	0.5
126	48	0.857
126	49	0.8
126	50	0.429
126	51	0.947
127	17	0.091
127	18	0.2
127	19	0
127	20	0
127	21	0
127	22	0.1
127	23	0.214
127	24	0.133
127	25	0.091
127	26	0
127	27	0
127	28	0.167
127	29	0.25
127	30	0.385
127	31	0.316
127	32	0
127	33	0
127	34	0
127	35	0.176
127	36	0
127	37	0.158
127	38	0.067
127	39	0.091
127	40	0.25
127	41	0.346
127	42	0.333
127	43	0.125
127	44	0.182
127	45	0.111
127	46	0.312
127	47	0.556
128	0	0
128	1	0
128	2	0
128	3	0
128	4	0
128	5	0
128	6	0
128	7	0
128	8	0
128	9	0
128	10	0
128	11	0
128	12	0
128	13	0
128	14	0
128	15	0
128	16	0
128	17	0
128	18	0
128	19	0
128	20	0
128	21	0
128	22	0
128	47	0
128	48	0.375
128	49	0.525
128	50	0.484
128	51	0.393
129	22	0
129	23	0.167
129	24	0.182
129	25	0.25
129	26	0.333
129	27	0
129	28	0.25
129	29	0
129	30	0.125
129	31	0.048
129	33	0
129	34	0
129	35	0.133
129	36	0.143
129	37	0.167
129	38	0.143
129	39	0
129	40	0.357
129	41	0.176
129	42	0.4
129	43	0
129	44	0.143
129	45	0.154
129	46	0.167
129	47	0.2
129	48	0.24
129	49	0.44
129	50	0.562
130	0	0
130	1	0
130	2	0
130	3	0
130	4	0
130	5	0
130	6	0
130	7	0
130	8	0
130	9	0
130	10	0
130	11	0
130	12	0
130	13	0
130	14	0.2
130	15	0
130	16	0
130	17	0.25
130	18	0.5
130	19	0
130	20	0
130	21	0.5
130	22	0
130	23	0.222
130	24	0.1
130	25	0
130	26	0
130	27	0
130	28	0
130	29	0
130	30	0
130	31	0.429
130	32	0
130	33	0
130	34	0
130	35	0
130	36	0
130	37	0.125
130	38	0.2
130	39	0.143
130	41	0.4
130	42	0.5
130	43	0.5
130	44	0.5
130	45	0.875
130	46	0.857
130	47	0.375
130	48	0.833
130	50	0
130	51	0.36
131	0	0
131	1	0
131	2	0
131	3	0
131	4	0
131	5	0
131	6	0
131	7	0
131	8	0
131	9	0
131	10	0
131	11	0
131	12	0
131	13	0
131	14	0
131	15	0
131	16	0
131	17	0
131	18	0
131	19	0
131	20	0
131	21	0
131	22	0
131	23	0.091
131	24	0.429
131	25	0.333
131	26	0.4
131	27	0.5
131	28	0.333
131	29	0
131	30	0.333
131	31	0.308
131	32	0
131	33	0.75
131	34	0.333
131	35	0.5
131	36	0.5
131	49	0.667
131	50	0.571
131	51	0.714
132	0	0
132	1	0
132	2	0
132	3	0
132	4	0
132	36	0.4
132	37	0.471
132	38	0.375
132	39	0.5
132	40	0
132	41	0.667
132	42	0.5
132	43	0.25
132	44	0.714
132	45	0.538
132	46	0.588
132	47	0.7
132	48	0.739
132	49	0.731
132	50	0.583
132	51	0.474
133	4	0
133	5	0
133	6	0
133	7	0
133	8	0
133	9	0
133	10	0
133	11	0
133	12	0.056
133	13	0
133	14	0
133	15	0
133	16	0.077
133	17	0.095
133	18	0
133	19	0
133	20	0
133	21	0
133	22	0.067
133	23	0.059
133	24	0.321
133	25	0.154
133	26	0.2
133	27	0
133	28	0.273
133	29	0.5
134	29	0.759
134	30	0.357
134	31	0.292
134	32	1
134	33	0.333
134	34	0.25
134	35	0.5
134	36	0.571
134	37	0.548
134	38	0.607
134	39	0.312
134	40	0.429
134	41	0.314
134	42	0.333
134	43	0.286
134	44	0.417
134	45	0.417
134	46	0.5
135	0	0
135	1	0
135	3	0
135	5	0
135	7	0
135	8	0
135	9	0
135	10	0
135	12	0
135	13	0
135	14	0
135	15	0
135	16	0
135	17	0
135	18	0
135	20	0
135	46	0.706
135	47	0.588
135	48	0.725
135	49	0.692
135	50	0.778
135	51	0.622
136	0	0
136	1	0
136	2	0
136	3	0
136	4	0
136	5	0
136	6	0
136	7	0
136	8	0
136	9	0
136	10	0
136	11	0
136	12	0.043
136	13	0.042
136	14	0
136	15	0
136	22	0
136	23	0
136	24	0
136	26	0
136	27	0
136	29	0
136	30	0
136	31	0
136	35	1
136	36	1
136	37	1
136	38	1
136	41	1
136	42	1
136	44	1
136	46	0
136	47	0
136	48	0
136	49	0
136	50	0
136	51	0
137	15	0
137	16	0
137	17	0.083
137	18	0
137	19	0
137	20	0
137	21	0
137	22	0
137	23	0.074
137	24	0.129
137	25	0
137	26	0
137	27	0
137	28	0
137	29	0
137	30	0.458
137	31	0.25
137	32	0
138	33	0
138	34	0
138	35	0.121
138	36	0.536
138	37	0.378
138	38	0.273
138	39	0.176
138	40	0.077
138	41	0.387
138	42	0.273
138	43	0.25
138	44	0.25
138	45	0.476
138	46	0.188
139	0	0
139	1	0
139	2	0
139	3	0
139	4	0
139	5	0
139	6	0
139	7	0
139	8	0
139	46	0.667
139	47	0.429
139	48	0.5
139	49	0.623
139	50	0.514
139	51	0.66
140	8	0
140	9	0
140	10	0
140	11	0
140	12	0
140	13	0
140	14	0
140	15	0
140	16	0
140	17	0.077
140	18	0.5
140	19	0
140	20	0.5
140	21	0
140	22	0
140	23	0.067
140	24	0.333
140	25	0.286
140	26	0
140	27	0
140	28	0
140	29	0
140	30	0.429
140	31	0.357
140	32	0
140	33	0
140	34	0
140	35	0.455
140	36	0.636
140	37	0.588
140	38	0.538
140	39	0.583
140	40	0.867
140	41	0
141	0	0
141	41	0.857
141	42	0.4
141	43	0.5
141	44	0.4
141	45	0.667
141	46	0.75
141	47	0.727
141	48	0.833
141	49	0.868
141	50	0.818
141	51	0.679
142	0	0
142	1	0
142	2	0
142	3	0
142	4	0
142	5	0
142	6	0
142	7	0
142	8	0
142	9	0
142	10	0
142	11	0
142	12	0
142	13	0
142	14	0
142	15	0
142	16	0
142	17	0
142	18	0
142	19	0
142	20	0
142	21	0
142	22	0
142	23	0
142	24	0
142	25	0.333
142	26	0
142	27	0
142	28	0.25
142	29	0.25
142	30	0.25
142	31	0.222
142	35	0.125
142	36	0.4
142	37	0.375
142	38	0.143
142	39	0.25
142	40	0.571
142	41	0.308
142	42	0.5
142	43	1
143	0	0
143	1	0
143	2	0
143	3	0
143	43	0
143	44	0.25
143	45	0.25
143	46	0.333
143	47	0.2
143	48	0.8
143	49	0.562
143	50	0.786
143	51	0.5
