"time"	"distance"	"value"
36	0	0.376
36	1	0.512
36	2	0.31
36	3	0.3
36	4	0.256
36	5	0.312
36	6	0.16
36	7	0.263
36	8	0.222
36	9	0.333
36	10	0.41
36	11	0.711
36	12	0.68
36	13	0.464
36	14	0.343
36	15	0.226
36	16	0.5
36	17	0.343
36	18	0.414
36	19	0.125
36	20	0.25
36	21	0.4
36	22	0.154
36	23	0.889
36	24	0.491
36	25	0.217
36	26	0
36	27	0.077
36	28	0.143
36	29	0.056
36	30	0.091
36	31	0.071
36	32	0
36	33	0.1
36	34	0
36	35	0
36	36	0
36	37	0
36	38	0
36	39	0
36	40	0
36	41	0
36	42	0
36	43	0
36	44	0
36	45	0
36	46	0
36	47	0
36	48	0
37	0	0.484
37	1	0.62
37	2	0.3
37	3	0.429
37	4	0.4
37	5	0.526
37	6	0.308
37	7	0.389
37	8	0.538
37	9	0.52
37	10	0.576
37	11	0.673
37	12	0.628
37	13	0.522
37	14	0.44
37	15	0.476
37	16	0.231
37	17	0.25
37	18	0.286
37	19	0.111
37	20	0.2
37	21	0.125
37	22	0.111
37	23	0.375
37	24	0.515
37	25	0.154
37	26	0
37	27	0.077
37	28	0.111
37	29	0.083
37	30	0.077
37	31	0.105
37	32	0
37	33	0
37	34	0
37	35	0
37	36	0
37	37	0
37	38	0
37	39	0
37	40	0
37	41	0.1
37	42	0
37	43	0
37	44	0
37	45	0
37	46	0
37	47	0
37	48	0.143
38	0	0
38	1	0
38	2	0.25
38	3	0.2
38	4	0.5
38	5	0
38	6	0
38	7	0
38	9	0
38	10	0.5
38	11	0.333
38	12	0.5
38	13	0.667
38	14	0
38	15	0
38	16	0
38	17	0
38	18	0
38	19	0
38	20	0
38	21	0
38	22	0
38	23	1
38	24	0.333
38	25	0
38	26	0
38	27	0
38	28	0
38	30	0
38	31	0
38	32	0
38	33	0
38	34	0
38	35	0
38	37	0
38	38	0
38	39	0
38	40	0
38	41	0
38	43	0
38	44	0
38	45	0
38	46	0
38	47	0
38	48	0
39	0	0.691
39	1	0.68
39	2	0.595
39	3	0.333
39	4	0.407
39	5	0.533
39	6	0.15
39	7	0.316
39	8	0.588
39	9	0.448
39	10	0.729
39	11	0.593
39	12	0.468
39	13	0.3
39	14	0.297
39	15	0.304
39	16	0.231
39	17	0.214
39	18	0.4
39	19	0.15
39	20	0.286
39	21	0.154
39	22	0.469
39	23	0.842
39	24	0.676
39	25	0.569
39	26	0.359
39	27	0.292
39	28	0.158
39	29	0.45
39	30	0.407
39	31	0.333
39	32	0.091
39	33	0.231
39	34	0.25
39	35	0
39	36	0.083
39	37	0.357
39	38	0
39	39	0
39	40	0
39	41	0
39	42	0
39	43	0
39	44	0
39	45	0.071
39	46	0
39	47	0.017
39	48	0.083
40	0	0.333
40	1	0.444
40	2	0.333
40	3	0
40	4	0.25
40	5	0.5
40	6	0
40	7	0.333
40	8	0
40	9	0
40	10	0
40	11	0.286
40	12	0.2
40	13	0.545
40	14	0.375
40	15	0.667
40	17	0.5
40	18	0.333
40	19	0.2
40	21	0.4
40	22	0.333
40	23	0
40	24	0.647
40	25	0.5
40	26	0.4
40	27	0.5
40	28	0.2
40	29	0.333
40	30	0.167
40	31	0.111
40	32	0.5
40	33	0.143
40	34	0
40	35	0
40	36	0.333
40	38	0
40	39	0
40	40	0
40	41	0
40	42	0
40	43	0
40	44	0
40	45	0
40	47	0
41	0	0.622
41	1	0.58
41	2	0.5
41	3	0.385
41	4	0.214
41	5	0.25
41	6	0.222
41	7	0.182
41	8	0.333
41	9	0.458
41	10	0.32
41	11	0.517
41	12	0.5
41	13	0.179
41	14	0.3
41	15	0.091
41	16	0
41	17	0.1
41	18	0.1
41	19	0.3
41	20	0
41	21	0.571
41	22	0.235
41	23	0.7
41	24	0.634
41	25	0.462
41	26	0.286
41	27	0.3
41	28	0.143
41	29	0.2
41	30	0.182
41	31	0.286
41	32	0.429
41	33	0
41	34	0
41	35	0
41	36	0.25
41	37	0.167
41	38	0
41	39	0
41	40	0
41	41	0.111
41	42	0
41	43	0
41	44	0.059
41	45	0.286
41	46	0
41	47	0
41	48	0
42	0	0.266
42	1	0.324
42	2	0.167
42	3	0.1
42	4	0.054
42	5	0.136
42	6	0.087
42	7	0.087
42	8	0.176
42	9	0.25
42	10	0.389
42	11	0.377
42	12	0.309
42	13	0.465
42	14	0.325
42	15	0.469
42	16	0.3
42	17	0.276
42	18	0.364
42	19	0.2
42	20	0.286
42	21	0.455
42	22	0.226
42	23	0.688
42	24	0.486
42	25	0.154
42	26	0.158
42	27	0.087
42	28	0.1
42	29	0.167
42	30	0.265
42	31	0.146
42	32	0
42	33	0.111
42	34	0.071
42	35	0
42	36	0.333
42	37	0.167
42	38	0
42	39	0
42	40	0
42	41	0
42	42	0.056
42	43	0
42	44	0
42	45	0
42	46	0
42	47	0
42	48	0
43	0	0.391
43	1	0.806
43	2	0.562
43	3	0.222
43	4	0.333
43	5	0.25
43	6	0
43	7	0.182
43	8	0
43	9	0.375
43	10	0.765
43	11	0.571
43	12	0.75
43	13	0.655
43	14	0.7
43	15	0.6
43	16	0.5
43	17	0.25
43	18	0.667
43	19	0.429
43	20	0
43	21	0.5
43	22	0.455
43	23	0.833
43	24	0.864
43	25	0.65
43	26	0.429
43	27	0.3
43	28	0
43	29	0.2
43	30	0.429
43	31	0.308
43	32	0.333
43	33	0.5
43	34	0
43	35	0.2
43	36	1
43	37	0.4
43	39	0.167
43	41	0.25
43	42	0
43	43	0.25
43	44	0.2
43	45	0
43	47	0
43	48	0
44	0	0.644
44	1	0.718
44	2	0.611
44	3	0.667
44	4	0.5
44	5	0.455
44	6	0.353
44	7	0.4
44	8	0.615
44	9	0.667
44	10	0.8
44	11	0.615
44	12	0.579
44	13	0.5
44	14	0.412
44	15	0.333
44	16	0.222
44	17	0.3
44	18	0.714
44	19	0.4
44	20	0
44	21	0.333
44	22	0.25
44	23	0.6
44	24	0.227
44	25	0.067
44	26	0.071
44	27	0
44	28	0.111
44	29	0
44	30	0.091
44	31	0.062
44	32	0
44	33	0
44	34	0
44	35	0
44	36	0.25
44	37	0
44	38	0
44	39	0
44	40	0
44	41	0
44	42	0
44	43	0
44	44	0
44	45	0
44	46	0
44	47	0
44	48	0
45	0	0.458
45	1	0.532
45	2	0.5
45	3	0.296
45	4	0.304
45	5	0.214
45	6	0.2
45	7	0.294
45	8	0.444
45	9	0.368
45	10	0.447
45	11	0.385
45	12	0.333
45	13	0.275
45	14	0.29
45	15	0.2
45	16	0
45	17	0.059
45	18	0.308
45	19	0
45	20	0
45	21	0.3
45	22	0.32
45	23	0.188
45	24	0.5
45	25	0.289
45	26	0.227
45	27	0.091
45	28	0.056
45	29	0
45	30	0.148
45	31	0.222
45	32	0.167
45	33	0.133
45	34	0
45	35	0
45	36	0
45	37	0.143
45	38	0
45	39	0
45	40	0.143
45	41	0
45	42	0.1
45	43	0.057
45	44	0.053
45	45	0
45	46	0
45	47	0
45	48	0
46	0	0.585
46	1	0.66
46	2	0.333
46	3	0.176
46	4	0.391
46	5	0.538
46	6	0.267
46	7	0.357
46	8	0.455
46	9	0.3
46	10	0.643
46	11	0.778
46	12	0.462
46	13	0.523
46	14	0.565
46	15	0.188
46	16	0.25
46	17	0.179
46	18	0.421
46	19	0.125
46	20	0.75
46	21	0
46	22	0.429
46	23	0.667
46	24	0.583
46	25	0.385
46	26	0.111
46	27	0.125
46	28	0
46	29	0
46	30	0
46	31	0.111
46	32	0.25
46	33	0
46	34	0
46	35	0
46	36	0
46	37	0
46	38	0
46	39	0
46	40	0
46	41	0
46	42	0
46	43	0
46	44	0
46	45	0
46	47	0
46	48	0
47	0	0.242
47	1	0.37
47	2	0.345
47	3	0.154
47	4	0.143
47	5	0.056
47	6	0.235
47	7	0.222
47	8	0.231
47	9	0.16
47	10	0.414
47	11	0.4
47	12	0.25
47	13	0.28
47	14	0.267
47	15	0.2
47	16	0
47	17	0.227
47	18	0.2
47	19	0.714
47	20	0.5
47	21	0.333
47	22	0.385
47	23	1
47	24	0.625
47	25	0.4
47	26	0.556
47	27	0.222
47	28	0.286
47	29	0.25
47	30	0.444
47	31	0.389
47	32	0
47	33	0.25
47	34	0.333
47	35	0.25
47	36	0.4
47	37	0.5
47	38	0
47	39	0
47	40	0
47	41	0
47	42	0
47	43	0
47	44	0
47	45	0
47	46	0
47	47	0
47	48	0
48	0	0.299
48	1	0.265
48	2	0.296
48	3	0.182
48	4	0.087
48	5	0.118
48	6	0.111
48	7	0.2
48	8	0.2
48	9	0.357
48	10	0.286
48	11	0.4
48	12	0.355
48	13	0.298
48	14	0.286
48	15	0.188
48	16	0.2
48	17	0.143
48	18	0.462
48	19	0.4
48	20	0.375
48	21	0.25
48	22	0.407
48	23	0.875
48	24	0.493
48	25	0.064
48	26	0.04
48	27	0.048
48	28	0.111
48	29	0.133
48	30	0.13
48	31	0.158
48	32	0.625
48	33	0.118
48	34	0.083
48	35	0.333
48	36	0.286
48	37	0.143
48	38	0
48	39	0
48	40	0
48	41	0
48	42	0
48	43	0
48	44	0
48	45	0
48	46	0
48	47	0
48	48	0
49	0	0.405
49	1	0.511
49	2	0.304
49	3	0.318
49	4	0.214
49	5	0.308
49	6	0.25
49	7	0.312
49	8	0
49	9	0.125
49	10	0.2
49	11	0.391
49	12	0.586
49	13	0.548
49	14	0.458
49	15	0.5
49	16	0
49	17	0.2
49	18	0.333
49	19	0.364
49	20	0.429
49	21	0.25
49	22	0.32
49	23	0.438
49	24	0.459
49	25	0.381
49	26	0.067
49	27	0.214
49	28	0.267
49	29	0.429
49	30	0.333
49	31	0.174
49	32	0.429
49	33	0.2
49	34	0.1
49	35	0
49	36	0.125
49	37	0.2
49	38	0
49	39	0
49	40	0
49	41	0
49	42	0
49	43	0
49	44	0
49	45	0
49	46	0
49	47	0
49	48	0
50	0	0.241
50	1	0.316
50	2	0.308
50	3	0.273
50	4	0.192
50	5	0.143
50	6	0.143
50	7	0
50	8	0.3
50	9	0.16
50	10	0.381
50	11	0.306
50	12	0.186
50	13	0.119
50	14	0.087
50	15	0.13
50	16	0.071
50	17	0.032
50	18	0.143
50	19	0
50	20	0
50	21	0.2
50	22	0.167
50	23	0.333
50	24	0.467
50	25	0.455
50	26	0.571
50	27	0.6
50	28	0.2
50	29	0.25
50	30	0.5
50	31	0.7
50	32	0
50	33	0.667
50	34	0.667
50	35	0.5
50	36	0.5
50	37	0.6
50	38	0
50	39	0.333
50	40	0.25
50	41	0
50	42	0.333
50	43	0.333
50	44	0.231
50	45	0
50	46	0.5
50	47	0
50	48	0
51	0	0.132
51	1	0.184
51	2	0.293
51	3	0.212
51	4	0.182
51	5	0.25
51	6	0.19
51	7	0.194
51	8	0
51	9	0.154
51	10	0.103
51	11	0.302
51	12	0.289
51	13	0.264
51	14	0.194
51	15	0.241
51	16	0.462
51	17	0.208
51	18	0.2
51	19	0.25
51	20	0.25
51	21	0.263
51	22	0.279
51	23	0.467
51	24	0.551
51	25	0.062
51	26	0.214
51	27	0.108
51	28	0.13
51	29	0.12
51	30	0.148
51	31	0.161
51	32	0
51	33	0.115
51	34	0
51	35	0.077
51	36	0.167
51	37	0.071
51	38	0
51	39	0.034
51	40	0.125
51	41	0.038
51	42	0
51	43	0.091
51	44	0.055
51	45	0.042
51	46	0
51	47	0.048
51	48	0
52	0	0.229
52	1	0.329
52	2	0.211
52	3	0.333
52	4	0.263
52	5	0.231
52	6	0.286
52	7	0.1
52	8	0.333
52	9	0.231
52	10	0.25
52	11	0.426
52	12	0.296
52	13	0.25
52	14	0.2
52	15	0.267
52	16	0.357
52	17	0.227
52	18	0.056
52	19	0.2
52	20	0
52	21	0.5
52	22	0.4
52	23	0
52	24	0.364
52	25	0
52	26	0
52	27	0
52	28	0
52	29	0
52	30	0
52	31	0
52	32	0
52	33	0
52	34	0
52	35	0
52	36	0
52	37	0
52	39	0
52	40	0
52	41	0
52	42	0
52	43	0
52	44	0
52	45	0
52	46	0
52	47	0
52	48	0
53	0	0.143
53	1	0.189
53	2	0.227
53	3	0.118
53	4	0.25
53	5	0.091
53	6	0.154
53	7	0.25
53	8	0
53	9	0.333
53	10	0.286
53	11	0.192
53	12	0.353
53	13	0.351
53	14	0.333
53	15	0.5
53	16	0.25
53	17	0.267
53	18	0.5
53	19	0.357
53	20	0.667
53	21	0.444
53	22	0.333
53	23	0.25
53	24	0.556
53	25	0.368
53	26	0.429
53	27	0.444
53	28	0.167
53	29	0.3
53	30	0.308
53	31	0
53	32	0
53	33	0.111
53	34	0
53	35	0.143
53	36	0
53	37	0
53	38	0
53	39	0
53	40	0
53	41	0
53	42	0
53	43	0
53	44	0
53	45	0
53	47	0
53	48	0
54	0	0.216
54	1	0.318
54	2	0.25
54	3	0.273
54	4	0.194
54	5	0.083
54	6	0.226
54	7	0.174
54	8	0.095
54	9	0.219
54	10	0.24
54	11	0.289
54	12	0.28
54	13	0.338
54	14	0.25
54	15	0.152
54	16	0.062
54	17	0.121
54	18	0.158
54	19	0.111
54	20	0.25
54	21	0.143
54	22	0.364
54	23	0.333
54	24	0.41
54	25	0.235
54	26	0
54	27	0
54	28	0
54	29	0
54	30	0
54	31	0
54	32	0.25
54	33	0.091
54	34	0.167
54	35	0
54	36	0
54	37	0
54	38	0
54	39	0
54	40	0
54	41	0
54	42	0
54	43	0
54	44	0
54	45	0
54	46	0
54	47	0
54	48	0
55	0	0.2
55	1	0.194
55	2	0.304
55	3	0.222
55	4	0.188
55	5	0.091
55	6	0.273
55	7	0
55	8	0.333
55	9	0
55	10	0.111
55	11	0.217
55	12	0.167
55	13	0.361
55	14	0.391
55	15	0.071
55	16	0
55	17	0
55	18	0
55	19	0.375
55	20	0.222
55	21	0.6
55	22	0.429
55	23	0.667
55	24	0.559
55	25	0.136
55	26	0.176
55	27	0.083
55	28	0.143
55	29	0.182
55	30	0.286
55	31	0.261
55	32	0.2
55	33	0
55	34	0.111
55	35	0.143
55	36	0.25
55	37	0.143
55	38	0
55	39	0
55	40	0
55	41	0
55	42	0
55	43	0
55	44	0
55	45	0
55	46	0
55	47	0
55	48	0
56	0	0.361
56	1	0.513
56	2	0.545
56	3	0.278
56	4	0.316
56	5	0.364
56	6	0.467
56	7	0.333
56	8	0
56	9	0.5
56	10	0.364
56	11	0.414
56	12	0.409
56	13	0.658
56	14	0.6
56	15	0.308
56	16	0.2
56	17	0.2
56	18	0.4
56	19	0.25
56	20	0.2
56	21	0.5
56	22	0.353
56	23	0.8
56	24	0.442
56	25	0.103
56	26	0.167
56	27	0.062
56	28	0.056
56	29	0.182
56	30	0.227
56	31	0.172
56	32	0.1
56	33	0.091
56	34	0.222
56	35	0.111
56	36	0
56	37	0.091
56	38	0.167
56	39	0
56	40	0
56	41	0
56	42	0
56	43	0
56	44	0
56	45	0
56	46	0
56	47	0
56	48	0
57	0	0.28
57	1	0.243
57	2	0.053
57	3	0.111
57	4	0.188
57	5	0.125
57	6	0.182
57	7	0.133
57	8	0.182
57	9	0.158
57	10	0.286
57	11	0.353
57	12	0.219
57	13	0.364
57	14	0.35
57	15	0.182
57	16	0.2
57	17	0.125
57	18	0.333
57	19	0.143
57	20	0.2
57	21	0
57	22	0.385
57	23	0.375
57	24	0.471
57	25	0.182
57	26	0.2
57	27	0.333
57	28	0.143
57	29	0.143
57	30	0.2
57	31	0.182
57	32	0
57	33	0.333
57	34	0
57	35	0.5
57	36	0
57	37	0.25
57	38	0
57	39	0
57	40	0
57	41	0
57	42	0
57	43	0
57	44	0
57	45	0
57	46	0
57	47	0
57	48	0
58	0	0.244
58	1	0.327
58	2	0.286
58	3	0.333
58	4	0.211
58	5	0.188
58	6	0.182
58	7	0.294
58	8	0.143
58	9	0.2
58	10	0.182
58	11	0.355
58	12	0.25
58	13	0.333
58	14	0.455
58	15	0.357
58	16	0.6
58	17	0.154
58	18	0.357
58	19	0.25
58	20	0
58	21	0.154
58	22	0.241
58	23	0.625
58	24	0.481
58	25	0.25
58	26	0.211
58	27	0.286
58	28	0.2
58	29	0.214
58	30	0.227
58	31	0.276
58	32	0.2
58	33	0.308
58	34	0
58	35	0.25
58	36	0.2
58	37	0.083
58	38	0
58	39	0
58	40	0
58	41	0.048
58	42	0
58	43	0
58	44	0
58	45	0
58	46	0
58	47	0
58	48	0
59	0	0.31
59	1	0.333
59	2	0.348
59	3	0.455
59	4	0.438
59	5	0.538
59	6	0.182
59	7	0.294
59	8	0
59	9	0.2
59	10	0.429
59	11	0.308
59	12	0.375
59	13	0.5
59	14	0.333
59	15	0.412
59	16	0.667
59	17	0.4
59	18	0.273
59	19	0.333
59	20	0.143
59	21	0.4
59	22	0.381
59	23	0.6
59	24	0.435
59	25	0.24
59	26	0.333
59	27	0.278
59	28	0.333
59	29	0.417
59	30	0.353
59	31	0.364
59	32	0.167
59	33	0.273
59	34	0.2
59	35	0.167
59	36	0
59	37	0.125
59	38	0
59	39	0
59	40	0
59	41	0
59	42	0
59	43	0
59	44	0
59	45	0
59	46	0
59	47	0
59	48	0.032
60	0	0.175
60	1	0.303
60	2	0.125
60	3	0.059
60	4	0.056
60	5	0.125
60	6	0
60	7	0.077
60	8	0
60	9	0
60	10	0
60	11	0.174
60	12	0.2
60	13	0.25
60	14	0.263
60	15	0.444
60	16	0.333
60	17	0.167
60	18	0.143
60	19	0.2
60	20	0.4
60	21	0
60	22	0.45
60	23	0.571
60	24	0.565
60	25	0.133
60	26	0.267
60	27	0.167
60	28	0.154
60	29	0.231
60	30	0.25
60	31	0.154
60	32	0
60	33	0.25
60	34	0.182
60	35	0
60	36	0.167
60	37	0.125
60	38	0
60	39	0
60	40	0
60	41	0
60	42	0.1
60	43	0
60	44	0
60	45	0
60	46	0
60	47	0.021
60	48	0.023
61	0	0.32
61	1	0.355
61	2	0.333
61	3	0.125
61	4	0.167
61	5	0.143
61	6	0.333
61	7	0
61	8	0
61	9	0
61	10	0.1
61	11	0.136
61	12	0.3
61	13	0.391
61	14	0.4
61	15	0.3
61	16	0
61	17	0
61	18	0
61	19	0.2
61	20	0
61	21	0.333
61	22	0.111
61	23	1
61	24	0.188
61	25	0.05
61	26	0.059
61	27	0
61	28	0.077
61	29	0.375
61	30	0.077
61	31	0.105
61	32	0
61	33	0.143
61	34	0
61	35	0.143
61	36	0
61	37	0.167
61	38	0
61	39	0
61	40	0
61	41	0.077
61	42	0
61	43	0
61	44	0
61	45	0
61	46	0
61	47	0
61	48	0
62	0	0.139
62	1	0.04
62	2	0.071
62	3	0
62	4	0
62	5	0
62	6	0
62	7	0
62	8	0
62	9	0
62	10	0
62	11	0.167
62	12	0.2
62	13	0.065
62	14	0.091
62	15	0
62	16	0
62	17	0.125
62	18	0.125
62	19	0
62	20	0
62	21	0.167
62	22	0.059
62	23	0
62	24	0.061
62	25	0
62	26	0
62	27	0
62	28	0
62	29	0
62	30	0.038
62	31	0
62	32	0
62	33	0
62	34	0
62	35	0
62	36	0
62	37	0
62	38	0
62	39	0
62	40	0
62	41	0
62	42	0
62	43	0
62	44	0.174
62	45	0.2
62	46	0
62	47	0
62	48	0.065
63	0	0.111
63	1	0.147
63	2	0.182
63	3	0.111
63	4	0.059
63	5	0.083
63	6	0
63	7	0.143
63	8	0
63	9	0
63	10	0.133
63	11	0.167
63	12	0.188
63	13	0.121
63	14	0.1
63	15	0.222
63	16	0
63	17	0
63	18	0
63	19	0.091
63	20	0
63	21	0.143
63	22	0.353
63	23	0.5
63	24	0.351
63	25	0.278
63	26	0.333
63	27	0.118
63	28	0.3
63	29	0.222
63	30	0.333
63	31	0.292
63	32	0.333
63	33	0.333
63	34	0.25
63	35	0.143
63	36	0.5
63	37	0
63	38	0
63	39	0
63	40	0
63	41	0
63	42	0
63	43	0
63	44	0.093
63	45	0
63	46	0
63	47	0
63	48	0.032
64	0	0.146
64	1	0.105
64	2	0.045
64	3	0.143
64	4	0.188
64	5	0
64	6	0.091
64	7	0.059
64	8	0.125
64	9	0.2
64	10	0.2
64	11	0.103
64	12	0.2
64	13	0.156
64	14	0.095
64	15	0.053
64	16	0
64	17	0
64	18	0
64	19	0.077
64	20	0
64	21	0
64	22	0
64	23	0.143
64	24	0.196
64	25	0.161
64	26	0.053
64	27	0.062
64	28	0
64	29	0.071
64	30	0.045
64	31	0.04
64	32	0.143
64	33	0
64	34	0
64	35	0
64	36	0
64	37	0
64	38	0
64	39	0
64	40	0
64	41	0
64	42	0.125
64	43	0
64	44	0
64	45	0
64	46	0
64	47	0
64	48	0
65	0	0.265
65	1	0.212
65	2	0.074
65	3	0.143
65	4	0.091
65	5	0.353
65	6	0.231
65	7	0.125
65	8	0.091
65	9	0
65	10	0.25
65	11	0.24
65	12	0.348
65	13	0.282
65	14	0.273
65	15	0
65	16	0.333
65	17	0.067
65	18	0.167
65	19	0.2
65	20	0.167
65	21	0
65	22	0.2
65	23	0.111
65	24	0.25
65	25	0
65	26	0
65	27	0
65	28	0
65	29	0
65	30	0.053
65	31	0.029
65	32	0.25
65	33	0.2
65	34	0
65	35	0.125
65	36	0.2
65	37	0.286
65	38	0
65	39	0
65	40	0
65	41	0.059
65	42	0
65	43	0
65	44	0
65	45	0
65	46	0
65	47	0
65	48	0
66	0	0.022
66	1	0.107
66	2	0
66	3	0
66	4	0.077
66	5	0
66	6	0.059
66	7	0
66	8	0
66	9	0
66	10	0.091
66	11	0.04
66	12	0
66	13	0.16
66	14	0
66	15	0
66	16	0
66	17	0.077
66	18	0.111
66	19	0.167
66	20	0
66	21	0.167
66	22	0.167
66	23	0.1
66	24	0.229
66	25	0
66	26	0
66	27	0
66	28	0
66	29	0
66	30	0
66	31	0
66	32	0
66	33	0
66	34	0
66	35	0
66	36	0
66	37	0
66	38	0
66	39	0
66	40	0
66	41	0.071
66	42	0
66	43	0
66	44	0
66	45	0
66	46	0
66	47	0
66	48	0
67	0	0.328
67	1	0.431
67	2	0.405
67	3	0.129
67	4	0.242
67	5	0.05
67	6	0.19
67	7	0.158
67	8	0.429
67	9	0.25
67	10	0.292
67	11	0.368
67	12	0.441
67	13	0.444
67	14	0.5
67	15	0.263
67	16	0
67	17	0.286
67	18	0.067
67	19	0.35
67	20	0.167
67	21	0.286
67	22	0.457
67	23	0.538
67	24	0.483
67	25	0.176
67	26	0.24
67	27	0.214
67	28	0.188
67	29	0.071
67	30	0.216
67	31	0.122
67	32	0.182
67	33	0.154
67	34	0.071
67	35	0
67	36	0
67	37	0
67	38	0
67	39	0
67	40	0
67	41	0.053
67	42	0.056
67	43	0.026
67	44	0
67	45	0
67	46	0
67	47	0
67	48	0
68	0	0.04
68	1	0.074
68	2	0.1
68	3	0.077
68	4	0.167
68	5	0
68	6	0.143
68	7	0.167
68	8	0.143
68	9	0
68	10	0
68	11	0.154
68	12	0.143
68	13	0.095
68	14	0.222
68	15	0
68	16	0
68	17	0
68	18	0
68	19	0
68	20	0
68	22	0
68	23	0
68	24	0.1
68	25	0
68	26	0
68	27	0
68	28	0
68	29	0
68	30	0
68	31	0
68	32	0
68	33	0
68	34	0
68	35	0
68	36	0
68	37	0
68	38	0
68	39	0
68	40	0
68	41	0
68	42	0
68	43	0
68	44	0
68	45	0
68	46	0
68	47	0
68	48	0
69	0	0.157
69	1	0.159
69	2	0.136
69	3	0.13
69	4	0.05
69	5	0.071
69	6	0.077
69	7	0.125
69	8	0
69	9	0.071
69	10	0.077
69	11	0.111
69	12	0.261
69	13	0.22
69	14	0.2
69	15	0.2
69	16	1
69	17	0.083
69	18	0.111
69	19	0.118
69	20	0.333
69	21	0.083
69	22	0.148
69	23	0
69	24	0.186
69	25	0
69	26	0
69	27	0
69	28	0
69	29	0
69	30	0
69	31	0
69	32	0
69	33	0
69	34	0
69	35	0.111
69	36	0
69	37	0
69	38	0
69	39	0
69	40	0
69	41	0
69	42	0
69	43	0
69	44	0
69	45	0
69	46	0
69	47	0
69	48	0
70	0	0.258
70	1	0.25
70	2	0.182
70	3	0.107
70	4	0.143
70	5	0.158
70	6	0.045
70	7	0.111
70	8	0
70	9	0
70	10	0.167
70	11	0.091
70	12	0.167
70	13	0.114
70	14	0.042
70	15	0.133
70	16	0.286
70	17	0.053
70	18	0
70	19	0.062
70	20	0.077
70	21	0
70	22	0.182
70	23	0.1
70	24	0.225
70	25	0.1
70	26	0
70	27	0.036
70	28	0
70	29	0
70	30	0.083
70	31	0.097
70	32	0
70	33	0.083
70	34	0.154
70	35	0
70	36	0
70	37	0
70	38	0
70	39	0
70	40	0
70	41	0
70	42	0
70	43	0
70	44	0
70	45	0
70	46	0
70	47	0
70	48	0
71	0	0.224
71	1	0.192
71	2	0.143
71	3	0.111
71	4	0.217
71	5	0.067
71	6	0.111
71	7	0.071
71	8	0.167
71	9	0.1
71	10	0.167
71	11	0.115
71	12	0.167
71	13	0.172
71	14	0.15
71	15	0.077
71	17	0
71	18	0.4
71	19	0.083
71	20	0
71	21	0.286
71	22	0.25
71	23	0.375
71	24	0.3
71	25	0.083
71	26	0.188
71	27	0
71	28	0
71	29	0
71	30	0.118
71	31	0.074
71	32	0
71	33	0.083
71	34	0
71	35	0.25
71	36	0.143
71	37	0.4
71	38	0
71	39	0
71	40	0
71	41	0
71	42	0
71	43	0
71	44	0
71	45	0
71	46	0
71	47	0
71	48	0
73	0	0.333
73	1	0.296
73	2	0.273
73	3	0.231
73	4	0.222
73	5	0.143
73	6	0.167
73	7	0.25
73	8	0
73	9	0
73	10	0.273
73	11	0.25
73	12	0.3
73	13	0.19
73	14	0.273
73	15	0.2
73	17	0
73	18	0
73	19	0
73	20	0
73	21	0.2
73	22	0.167
73	23	0.25
73	24	0.333
73	25	0.235
73	26	0.214
73	27	0.273
73	28	0
73	29	0.222
73	30	0
73	31	0.125
73	32	0
73	33	0
73	34	0
73	35	0
73	36	0
73	37	0
73	38	0
73	39	0
73	40	0
73	41	0
73	42	0
73	43	0
73	44	0
73	45	0
73	46	0
73	47	0
73	48	0
74	0	0.267
74	1	0.333
74	2	0.143
74	3	0.143
74	4	0
74	5	0.5
74	6	0
74	7	0.167
74	9	0
74	10	0.5
74	11	0.2
74	12	0.4
74	13	0.5
74	14	0.333
74	15	0.2
74	16	0
74	17	0
74	18	0
74	19	0.25
74	20	0
74	22	0.182
74	23	0.75
74	24	0.364
74	25	0.231
74	26	0.143
74	27	0.25
74	28	0.25
74	29	0.333
74	30	0.286
74	31	0.25
74	32	1
74	33	0
74	34	0.4
74	35	0
74	36	0
74	37	0.5
74	38	0
74	39	0
74	40	0
74	41	0
74	42	0
74	43	0
74	44	0
74	45	0
74	47	0
74	48	0
76	0	0.118
76	1	0.154
76	2	0.1
76	3	0.143
76	4	0.1
76	5	0
76	6	0.167
76	7	0
76	8	1
76	9	0
76	10	0.143
76	11	0.333
76	12	0.167
76	13	0.286
76	14	0.143
76	15	0
76	16	0.667
76	17	0.167
76	18	0.5
76	19	0.429
76	20	0
76	21	0.667
76	22	0.6
76	23	0
76	24	0.524
76	25	0.294
76	26	0.417
76	27	0.333
76	28	0.1
76	29	0.333
76	30	0.125
76	31	0.154
76	32	0
76	33	0.125
76	34	0
76	35	0
76	36	0.2
76	37	0
76	38	0
76	39	0
76	40	0
76	41	0
76	42	0
76	43	0
76	44	0
76	45	0
76	46	0
76	47	0
76	48	0
77	0	0.8
77	1	1
77	2	0.5
77	3	0.5
77	4	0.667
77	5	0.5
77	7	0.5
77	10	0.667
77	11	0.667
77	12	0.667
77	13	1
77	14	1
77	15	0.5
77	17	0
77	18	0
77	19	0
77	20	0.5
77	21	0
77	22	0.667
77	24	0.4
77	25	0
77	26	0
77	27	0
77	28	0
77	29	0
77	30	0
77	31	0
77	32	0
77	34	0
77	35	0
77	37	0
77	38	0
77	40	0
77	41	0
77	42	0
77	43	0
77	44	0
77	45	0
77	46	0
77	47	0
77	48	0
78	0	0.529
78	1	0.524
78	2	0.588
78	3	0.37
78	4	0.238
78	5	0.231
78	6	0.273
78	7	0.182
78	8	0.25
78	9	0.091
78	10	0.176
78	11	0.175
78	12	0.308
78	13	0.25
78	14	0.273
78	15	0.118
78	16	0
78	17	0.333
78	18	0
78	19	0.222
78	20	0.125
78	21	0.111
78	22	0.154
78	23	0.077
78	24	0.349
78	25	0.1
78	26	0.111
78	27	0.133
78	28	0.053
78	29	0
78	30	0.176
78	31	0.137
78	32	0
78	33	0.125
78	34	0.125
78	35	0
78	36	0.111
78	37	0.067
78	38	0
78	39	0
78	40	0
78	41	0
78	42	0
78	43	0
78	44	0
78	45	0
78	46	0
78	47	0
78	48	0
79	0	0
79	1	0
79	2	0
79	3	0
79	4	0
79	5	0
79	6	0
79	7	0
79	8	0
79	9	0
79	10	0
79	11	0
79	12	0
79	13	0
79	14	0
79	15	0
79	16	0
79	17	0
79	18	0
79	19	0
79	20	0
79	21	0
79	22	0
79	23	0
79	24	0
79	25	0
79	26	0
79	27	0
79	28	0
79	29	0
79	30	0
79	31	0
79	32	0
79	33	0
79	34	0
79	36	0
79	37	0
79	38	0
79	39	0
79	40	0
79	41	0
79	42	0
79	43	0
79	44	0
79	45	0
79	46	0
79	47	0
79	48	0
80	0	0.04
80	1	0.118
80	2	0.097
80	3	0.048
80	4	0.118
80	5	0.182
80	6	0
80	7	0.059
80	8	0
80	9	0
80	10	0.174
80	11	0.121
80	12	0.15
80	13	0.179
80	14	0.238
80	15	0.111
80	16	0
80	17	0.154
80	18	0
80	19	0.167
80	20	0.333
80	21	0
80	22	0.25
80	23	0.214
80	24	0.158
80	25	0.038
80	26	0.034
80	27	0.043
80	28	0.053
80	29	0
80	30	0.038
80	31	0.028
80	32	0
80	33	0.045
80	34	0.091
80	35	0
80	36	0.167
80	37	0
80	38	0
80	39	0
80	40	0
80	41	0
80	42	0
80	43	0
80	44	0
80	45	0
80	46	0
80	47	0
80	48	0.018
81	0	0.52
81	1	0.55
81	2	0.091
81	3	0
81	4	0
81	5	0.286
81	6	0.333
81	7	0.167
81	8	0.667
81	9	0
81	10	0.429
81	11	0.571
81	12	0.6
81	13	0.526
81	14	0.417
81	15	0
81	17	0
81	18	0.25
81	19	0
81	20	0.2
81	21	0.333
81	22	0.167
81	23	0.25
81	24	0.44
81	25	0.273
81	26	0.182
81	27	0.154
81	28	0
81	29	0.222
81	30	0.125
81	31	0.316
81	32	0.25
81	33	0
81	34	0.25
81	35	0
81	36	0.333
81	37	0.375
81	38	0
81	39	0
81	40	0
81	41	0.091
81	42	0
81	43	0
81	44	0.125
81	45	0
81	46	0
81	47	0
81	48	0.05
82	0	0
82	1	0
82	2	0
82	3	0
82	4	0
82	5	0
82	6	0
82	7	0
82	8	0
82	10	0
82	11	0
82	12	0
82	13	0
82	14	0
82	15	0
82	16	0
82	18	0
82	19	0
82	21	0
82	22	0
82	23	0
82	24	0
82	25	0
82	26	0
82	27	0
82	29	0
82	30	0
82	31	0
82	32	0
82	33	0
82	34	0
82	36	0
82	37	0
82	39	0
82	40	0
82	41	0
82	42	0
82	43	0
82	44	0
82	45	0
82	46	0
82	47	0
82	48	0
83	0	0.341
83	1	0.4
83	2	0.37
83	3	0.368
83	4	0.2
83	5	0.214
83	6	0.333
83	7	0.133
83	8	0.2
83	9	0.167
83	10	0.174
83	11	0.304
83	12	0.381
83	13	0.469
83	14	0.35
83	15	0.125
83	16	0
83	17	0
83	18	0.2
83	19	0.111
83	20	0.1
83	21	0.333
83	22	0.435
83	23	0.333
83	24	0.551
83	25	0.6
83	26	0.423
83	27	0.238
83	28	0.375
83	29	0.615
83	30	0.571
83	31	0.488
83	32	0.429
83	33	0.2
83	34	0.5
83	35	0
83	36	0.182
83	37	0.5
83	38	0
83	39	0
83	40	0
83	41	0.056
83	42	0
83	43	0.04
83	44	0.267
83	45	0.167
83	46	0
83	47	0
83	48	0.017
84	0	0
84	1	0
84	2	0
84	3	0
84	4	0
84	5	0
84	6	0
84	7	0
84	8	0
84	9	0
84	10	0
84	11	0
84	12	0
84	13	0
84	14	0
84	15	0
84	17	0
84	18	0
84	19	0
84	20	0
84	21	0
84	22	0
84	23	0
84	24	0
84	25	0
84	26	0
84	27	0
84	28	0
84	29	0
84	30	0
84	31	0
84	32	0
84	33	0
84	34	0
84	35	0
84	36	0
84	37	0
84	38	0
84	39	0
84	40	0
84	41	0
84	43	0
84	44	0
84	45	0
84	46	0
84	47	0
84	48	0
85	0	0.154
85	1	0.146
85	2	0.115
85	3	0
85	4	0.045
85	5	0
85	6	0.077
85	7	0
85	8	0.167
85	9	0
85	10	0.071
85	11	0.136
85	12	0.333
85	13	0.167
85	14	0.158
85	15	0.273
85	17	0
85	18	0
85	19	0.125
85	20	0.111
85	21	0
85	22	0.053
85	23	0
85	24	0.122
85	25	0
85	26	0
85	27	0.1
85	28	0
85	29	0
85	30	0
85	31	0
85	32	0
85	33	0
85	34	0
85	35	0
85	36	0
85	37	0
85	38	0
85	39	0
85	40	0
85	41	0
85	42	0
85	43	0
85	44	0
85	45	0
85	46	0
85	47	0
85	48	0.083
86	0	0.348
86	1	0.375
86	2	0.267
86	3	0.182
86	4	0.333
86	5	0.091
86	6	0.2
86	7	0.1
86	8	0
86	9	0.143
86	10	0.3
86	11	0.2
86	12	0.333
86	13	0.261
86	14	0.429
86	15	0.143
86	16	0.5
86	17	0.143
86	18	0.4
86	19	0.273
86	20	1
86	21	0.2
86	22	0.429
86	23	0
86	24	0.441
86	25	0.217
86	26	0.2
86	27	0
86	28	0
86	29	0
86	30	0.167
86	31	0.083
86	32	0
86	33	0
86	34	0
86	35	0
86	36	0.167
86	37	0.118
86	38	0
86	39	0
86	40	0
86	41	0
86	42	0.4
86	43	0.062
86	44	0.042
86	45	0
86	46	0
86	47	0
86	48	0
87	0	0
87	1	0
87	2	0
87	3	0
87	4	0
87	5	0
87	6	0
87	7	0
87	8	0
87	9	1
87	10	0.5
87	11	0.125
87	12	0.25
87	13	0
87	14	0
87	15	0
87	16	0
87	17	0
87	19	0
87	20	0
87	21	0
87	22	0
87	23	0
87	24	0.143
87	25	0
87	26	0
87	27	0
87	28	0
87	29	0
87	30	0
87	31	0
87	32	0
87	33	0
87	34	0
87	35	0
87	36	0
87	37	0
87	38	0
87	39	0
87	41	0
87	42	0
87	43	0
87	44	0
87	45	0
87	47	0
87	48	0
88	0	0.5
88	1	0.462
88	2	0.286
88	3	0.1
88	4	0.077
88	5	0.25
88	6	0
88	7	0.182
88	8	0.333
88	9	0.2
88	10	0.35
88	11	0.316
88	12	0.455
88	13	0.391
88	14	0.6
88	15	0.182
88	16	1
88	17	0.1
88	18	0.2
88	19	0.429
88	20	0.125
88	21	0.333
88	22	0.353
88	23	0.286
88	24	0.467
88	25	0.273
88	26	0.316
88	27	0.3
88	28	0.182
88	29	0.3
88	30	0.176
88	31	0.143
88	32	0
88	33	0.125
88	34	0.125
88	35	0
88	36	0.125
88	37	0
88	38	0
88	39	0
88	40	0
88	41	0
88	42	0
88	43	0
88	44	0
88	45	0
88	46	0
88	47	0
88	48	0
89	0	0.304
89	1	0.271
89	2	0.062
89	3	0.071
89	4	0.115
89	5	0.111
89	6	0
89	7	0.15
89	8	0
89	9	0.05
89	10	0.237
89	11	0.304
89	12	0.3
89	13	0.32
89	14	0.391
89	15	0.294
89	16	0.333
89	17	0.176
89	18	0.286
89	19	0.222
89	20	0.417
89	21	0.308
89	22	0.44
89	23	0.45
89	24	0.471
89	25	0.23
89	26	0.132
89	27	0.138
89	28	0.091
89	29	0.2
89	30	0.111
89	31	0.103
89	32	0
89	33	0.062
89	34	0
89	35	0
89	36	0
89	37	0.143
89	38	0
89	39	0
89	40	0
89	41	0
89	42	0
89	43	0
89	44	0
89	45	0
89	46	0
89	47	0
89	48	0
90	0	0.333
90	1	0.333
90	2	0.556
90	3	0
90	4	0.167
90	5	0
90	6	0.2
90	7	1
90	8	0
90	9	0
90	10	0.286
90	11	0.222
90	12	0.2
90	13	0.333
90	14	0.2
90	15	0.5
90	17	0.25
90	18	0
90	19	0
90	20	0
90	21	0.667
90	22	0.6
90	23	0.667
90	24	0.4
90	25	0
90	26	0.2
90	27	0.167
90	28	0
90	29	0.5
90	30	0.2
90	31	0.375
90	32	0
90	33	0.25
90	34	0
90	35	0
90	36	0
90	37	0.333
90	38	0
90	39	0
90	41	0
90	42	0
90	43	0
90	44	0
90	45	0
90	46	0
90	47	0
90	48	0
91	0	0.177
91	1	0.404
91	2	0.29
91	3	0.192
91	4	0.115
91	5	0.071
91	6	0.154
91	7	0.211
91	8	0.154
91	9	0.278
91	10	0.351
91	11	0.189
91	12	0.182
91	13	0.292
91	14	0.227
91	15	0.222
91	16	0.5
91	17	0
91	18	0.286
91	19	0.143
91	20	0
91	21	0.083
91	22	0.304
91	23	0.353
91	24	0.388
91	25	0.135
91	26	0.088
91	27	0.08
91	28	0
91	29	0.133
91	30	0.038
91	31	0.051
91	32	0
91	33	0
91	34	0
91	35	0
91	36	0
91	37	0
91	38	0
91	39	0
91	40	0
91	41	0
91	42	0.077
91	43	0
91	44	0
91	45	0
91	46	0
91	47	0
91	48	0
92	0	0.56
92	1	0.517
92	2	0.727
92	3	0.125
92	4	0.636
92	5	0.462
92	6	0.5
92	7	0.636
92	8	0
92	9	0.333
92	10	0.5
92	11	0.611
92	12	0.769
92	13	0.565
92	14	0.733
92	15	0.5
92	16	0.5
92	17	0
92	18	0.4
92	19	0.375
92	20	0.25
92	21	0.2
92	22	0.333
92	23	0.25
92	24	0.485
92	25	0.292
92	26	0.389
92	27	0.154
92	28	0.2
92	29	0.273
92	30	0.214
92	31	0.25
92	32	0.333
92	33	0.3
92	34	0.167
92	35	0.2
92	36	0
92	37	0.286
92	38	0
92	39	0
92	40	0
92	41	0.077
92	42	0
92	43	0
92	44	0
92	45	0
92	46	0
92	47	0
92	48	0
93	0	0.571
93	1	0.81
93	2	0.583
93	3	0
93	4	0.167
93	5	0.4
93	6	0.5
93	7	0.5
93	8	0
93	9	0.5
93	10	0.643
93	11	0.778
93	12	0.875
93	13	0.545
93	14	0.4
93	15	1
93	17	0
93	18	0
93	19	0.333
93	20	0
93	21	0
93	22	0.333
93	23	0.5
93	24	0.5
93	25	0.143
93	26	0.2
93	27	0
93	28	0
93	29	0
93	30	0.111
93	31	0.286
93	32	0
93	33	0.25
93	34	0
93	36	0.333
93	37	0
93	38	0
93	39	0
93	40	0
93	41	0
93	42	0
93	43	0
93	44	0.167
93	45	0
93	47	0
93	48	0
94	0	0.259
94	1	0.515
94	2	0.474
94	3	0.091
94	4	0.077
94	5	0
94	6	0.2
94	7	0.111
94	8	0
94	9	0.4
94	10	0.389
94	11	0.2
94	12	0.077
94	13	0.118
94	14	0.083
94	15	0.4
94	16	0
94	17	0
94	18	0.2
94	19	0.333
94	20	0.167
94	21	0
94	22	0.267
94	23	0
94	24	0.167
94	25	0
94	26	0
94	27	0.083
94	28	0
94	29	0
94	30	0
94	31	0.056
94	32	0
94	33	0.111
94	34	0
94	35	0
94	36	0.143
94	37	0
94	38	0
94	39	0
94	40	0
94	41	0
94	42	0
94	43	0.091
94	44	0
94	45	0
94	46	0
94	47	0
94	48	0.25
95	0	0.5
95	1	0.595
95	2	0.55
95	3	0.278
95	4	0.143
95	5	0.25
95	6	0.182
95	7	0.286
95	8	0.5
95	9	0.545
95	10	0.567
95	11	0.478
95	12	0.6
95	13	0.5
95	14	0.529
95	15	0.5
95	16	1
95	17	0.429
95	18	0.286
95	19	0.25
95	20	0.333
95	21	0.2
95	22	0.471
95	23	0.357
95	24	0.524
95	25	0.32
95	26	0.222
95	27	0.429
95	28	0.111
95	29	0.2
95	30	0.2
95	31	0.182
95	32	0.2
95	33	0.091
95	34	0.167
95	35	0
95	36	0.167
95	37	0.333
95	39	0.154
95	40	0.25
95	41	0.077
95	42	0.1
95	43	0.062
95	44	0.13
95	45	0.091
95	46	0
95	47	0.167
95	48	0.077
96	0	0.452
96	1	0.581
96	2	0.5
96	3	0.286
96	4	0.214
96	5	0.25
96	6	0.2
96	7	0.3
96	8	0.143
96	9	0.571
96	10	0.316
96	11	0.35
96	12	0.389
96	13	0.391
96	14	0.5
96	15	0.273
96	17	0.25
96	18	0.5
96	19	0.222
96	20	0.5
96	21	0.222
96	22	0.692
96	23	0.4
96	24	0.567
96	25	0.364
96	26	0.3
96	27	0.1
96	28	0.091
96	29	0.167
96	30	0.308
96	31	0.211
96	32	0.25
96	33	0.333
96	34	0
96	35	0
96	36	0.429
96	37	0
96	38	0
96	39	0.125
96	40	0.125
96	41	0.2
96	42	0.143
96	43	0.077
96	44	0.105
96	45	0
96	46	0
96	47	0
96	48	0.167
97	0	0.353
97	1	0.483
97	2	0.364
97	3	0.25
97	4	0
97	5	0.2
97	6	0
97	7	0.143
97	8	0
97	9	0.375
97	10	0.267
97	11	0.333
97	12	0.167
97	13	0.143
97	14	0
97	15	0
97	16	0
97	17	0.2
97	18	0
97	19	0
97	20	0.2
97	21	0
97	22	0.143
97	23	0
97	24	0.2
97	25	0.125
97	26	0.091
97	27	0.111
97	28	0
97	29	0.143
97	30	0.333
97	31	0.067
97	32	0
97	33	0.2
97	34	0
97	35	0.5
97	36	0
97	37	0
97	39	0
97	40	0
97	41	0
97	42	0
97	43	0
97	44	0
97	45	0
97	46	0
97	47	0
98	0	0.341
98	1	0.567
98	2	0.385
98	3	0.167
98	4	0.318
98	5	0.2
98	6	0.077
98	7	0.214
98	8	0
98	9	0.267
98	10	0.607
98	11	0.31
98	12	0.435
98	13	0.403
98	14	0.458
98	15	0.222
98	16	0.5
98	17	0.3
98	18	0.2
98	19	0.125
98	20	0.2
98	21	0.2
98	22	0.235
98	23	0.375
98	24	0.468
98	25	0.25
98	26	0.276
98	27	0.211
98	28	0.077
98	29	0.214
98	30	0.045
98	31	0.158
98	32	0.167
98	33	0.235
98	34	0.143
98	35	0.167
98	36	0.143
98	37	0.25
98	38	0
98	39	0.077
98	40	0
98	41	0
98	42	0
98	43	0
98	44	0
98	45	0
98	46	0
98	47	0
98	48	0.111
99	0	0.143
99	1	0.37
99	2	0.167
99	3	0.071
99	4	0
99	5	0.071
99	6	0
99	7	0.143
99	8	0.2
99	9	0
99	10	0.312
99	11	0.318
99	12	0.286
99	13	0.312
99	14	0.235
99	15	0.25
99	16	0
99	17	0
99	18	0.286
99	19	0.5
99	20	0.25
99	21	0.333
99	22	0.562
99	23	0.571
99	24	0.462
99	25	0.292
99	26	0.312
99	27	0.125
99	28	0.1
99	29	0
99	30	0.231
99	31	0.235
99	32	0.2
99	33	0.2
99	34	0.111
99	35	0.167
99	36	0
99	37	0.167
99	38	0
99	39	0
99	40	0
99	41	0
99	42	0.111
99	43	0
99	44	0
99	45	0
99	46	0
99	47	0
99	48	0
100	0	0.471
100	1	0.763
100	2	0.75
100	3	0.476
100	4	0.667
100	5	0.4
100	6	0.786
100	7	0.417
100	8	0.5
100	9	0.64
100	10	0.66
100	11	0.606
100	12	0.615
100	13	0.694
100	14	0.583
100	15	0.357
100	16	0
100	17	0.273
100	18	0
100	19	0.4
100	20	0
100	21	0.333
100	22	0.444
100	23	0.25
100	24	0.514
100	25	0.174
100	26	0.067
100	27	0.053
100	28	0.111
100	29	0
100	30	0.133
100	31	0.111
100	32	0
100	33	0.083
100	34	0.111
100	35	0
100	36	0
100	37	0
100	38	0
100	39	0
100	40	0
100	41	0.071
100	42	0
100	43	0
100	44	0.087
100	45	0.091
100	46	0
100	47	0
100	48	0
101	0	0.455
101	1	0.79
101	2	0.55
101	3	0.375
101	4	0.263
101	5	0.667
101	6	0.5
101	7	0.286
101	8	0.6
101	9	0.647
101	10	0.533
101	11	0.458
101	12	0.571
101	13	0.562
101	14	0.474
101	15	0.364
101	16	0.4
101	17	0.3
101	18	0.571
101	19	0.444
101	20	0.5
101	21	0.625
101	22	0.55
101	23	0.778
101	24	0.717
101	25	0.452
101	26	0.4
101	27	0.333
101	28	0.071
101	29	0
101	30	0.059
101	31	0.29
101	32	0
101	33	0.308
101	34	0.167
101	35	0
101	36	0.333
101	37	0.3
101	38	0
101	39	0
101	40	0
101	41	0
101	42	0
101	43	0.087
101	44	0.1
101	45	0.083
101	46	0
101	47	0
101	48	0
102	0	0.286
102	1	0.778
102	2	0.6
102	3	0.333
102	4	0.333
102	5	0.5
102	6	0.167
102	7	0.4
102	8	0
102	9	0.4
102	10	0.5
102	11	0.429
102	12	0.667
102	13	0.25
102	14	0.375
102	15	0.333
102	16	1
102	17	0.333
102	18	0
102	19	0
102	20	0
102	21	0
102	22	0.25
102	23	0.333
102	24	0.462
102	25	0
102	26	0
102	27	0
102	28	0
102	30	0.2
102	31	0.125
102	32	0
102	33	0.25
102	34	0
102	35	0
102	36	0
102	37	0
102	38	0
102	39	0
102	40	0
102	41	0
102	42	0
102	43	0
102	44	0
102	45	0
102	46	0
102	47	0
102	48	0
103	0	0.338
103	1	0.512
103	2	0.388
103	3	0.241
103	4	0.207
103	5	0.333
103	6	0.231
103	7	0.1
103	8	0.556
103	9	0.571
103	10	0.568
103	11	0.4
103	12	0.424
103	13	0.511
103	14	0.481
103	15	0.227
103	16	0.5
103	17	0.125
103	18	0.286
103	19	0.286
103	20	0.2
103	21	0.333
103	22	0.269
103	23	0.462
103	24	0.552
103	25	0.383
103	26	0.148
103	27	0.071
103	28	0.053
103	29	0
103	30	0.25
103	31	0.224
103	32	0.143
103	33	0.1
103	34	0.077
103	35	0.167
103	36	0.143
103	37	0
103	38	0
103	39	0
103	40	0
103	41	0.2
103	42	0
103	43	0.029
103	44	0.081
103	45	0.059
103	46	0
103	47	0.036
103	48	0
104	0	0.091
104	1	0.467
104	2	0.4
104	3	0.222
104	4	0.091
104	5	0.333
104	6	0
104	7	0.222
104	9	0.154
104	10	0.35
104	11	0.25
104	12	0.083
104	13	0.167
104	14	0.2
104	15	0
104	16	0.333
104	17	0.25
104	18	0.143
104	19	0.5
104	20	0
104	21	0.5
104	22	0.333
104	23	0.667
104	24	0.545
104	25	0.308
104	26	0.444
104	27	0.167
104	28	0.25
104	29	0.5
104	30	0.273
104	31	0.214
104	32	0
104	33	0.4
104	34	0
104	35	0.5
104	36	0
104	37	0
104	38	0
104	39	0
104	40	0
104	41	0.3
104	42	0
104	43	0.091
104	44	0.071
104	45	0.125
104	46	0
104	47	0.077
104	48	0
105	0	0.273
105	1	0.655
105	2	0.545
105	3	0.222
105	4	0.375
105	5	0.5
105	6	0.286
105	7	0.167
105	8	0
105	9	0.167
105	10	0.375
105	11	0.308
105	12	0.231
105	13	0.25
105	14	0.333
105	15	0.167
105	17	0
105	18	0.4
105	19	0.333
105	20	0.5
105	21	0.2
105	22	0.25
105	23	0.25
105	24	0.333
105	25	0.222
105	26	0.091
105	27	0.167
105	28	0.167
105	29	0.143
105	30	0
105	31	0.25
105	32	0
105	33	0
105	34	0.167
105	35	0
105	36	0
105	37	0
105	39	0
105	40	0
105	41	0
105	42	0
105	43	0.083
105	44	0.111
105	45	0
105	46	0
105	47	0
105	48	0
106	0	0.3
106	1	0.475
106	2	0.438
106	3	0.235
106	4	0.35
106	5	0.25
106	6	0.444
106	7	0.385
106	8	0
106	9	0.267
106	10	0.632
106	11	0.542
106	12	0.571
106	13	0.679
106	14	0.6
106	15	0.636
106	16	0.333
106	17	0.375
106	18	0.714
106	19	0.364
106	20	0.6
106	21	0.286
106	22	0.474
106	23	0.7
106	24	0.762
106	25	0.481
106	26	0.308
106	27	0.25
106	28	0.1
106	29	0.111
106	30	0.125
106	31	0.28
106	32	0
106	33	0.091
106	34	0
106	35	0
106	36	0.5
106	37	0
106	38	0
106	39	0
106	40	0
106	41	0.083
106	42	0.4
106	43	0.053
106	44	0.05
106	45	0.167
106	46	0
106	47	0
106	48	0
107	0	0.333
107	1	0.489
107	2	0.421
107	3	0.364
107	4	0.2
107	5	0.455
107	6	0.222
107	7	0.182
107	8	0.571
107	9	0.333
107	10	0.409
107	11	0.348
107	12	0.385
107	13	0.348
107	14	0.368
107	15	0.182
107	16	1
107	17	0
107	18	0.333
107	19	0
107	20	0.125
107	21	0.5
107	22	0.133
107	23	0.333
107	24	0.192
107	25	0.105
107	26	0.05
107	27	0
107	28	0
107	29	0
107	30	0
107	31	0.111
107	32	0.5
107	33	0.1
107	34	0
107	35	0
107	36	0.4
107	37	0
107	38	0
107	39	0
107	40	0
107	41	0
107	42	0.167
107	43	0
107	44	0
107	45	0
107	46	0.167
107	47	0.032
108	0	0.791
108	1	0.844
108	2	0.632
108	3	0.35
108	4	0.333
108	5	0.357
108	6	0.231
108	7	0.143
108	8	0.25
108	9	0.5
108	10	0.667
108	11	0.606
108	12	0.593
108	13	0.585
108	14	0.435
108	15	0.615
108	16	0.667
108	17	0.273
108	18	0.5
108	19	0.4
108	20	0.333
108	21	0.4
108	22	0.654
108	23	0.818
108	24	0.638
108	25	0.654
108	26	0.433
108	27	0.333
108	28	0.176
108	29	0.263
108	30	0.179
108	31	0.528
108	32	0.111
108	33	0.19
108	34	0.167
108	35	0.125
108	36	0
108	37	0.167
108	38	0
108	39	0.048
108	40	0
108	41	0.136
108	42	0.2
108	43	0.042
108	44	0.037
108	45	0.062
108	46	0
108	47	0.079
108	48	0
110	0	0.552
110	1	0.769
110	2	0.529
110	3	0.5
110	4	0.259
110	5	0.353
110	6	0.333
110	7	0.364
110	8	0.25
110	9	0.375
110	10	0.409
110	11	0.375
110	12	0.375
110	13	0.476
110	14	0.323
110	15	0.2
110	16	0
110	17	0
110	18	0.375
110	19	0.059
110	20	0.286
110	21	0.214
110	22	0.267
110	23	0.529
110	24	0.531
110	25	0.423
110	26	0.17
110	27	0.111
110	28	0.095
110	29	0.105
110	30	0.172
110	31	0.177
110	32	0.111
110	33	0
110	34	0.154
110	35	0.3
110	36	0
110	37	0
110	38	0
110	39	0
110	40	0
110	41	0.045
110	42	0.111
110	43	0
110	44	0
110	45	0
110	46	0
110	47	0.031
110	48	0.023
111	0	0.65
111	1	0.818
111	2	0.667
111	3	0.5
111	4	0.556
111	5	0.5
111	6	0.385
111	7	0.25
111	8	0.25
111	9	0.583
111	10	0.588
111	11	0.533
111	12	0.625
111	13	0.6
111	14	0.667
111	15	0.5
111	17	0.2
111	18	0
111	19	0.333
111	20	0
111	21	0
111	22	0.333
111	23	0.333
111	24	0.529
111	25	0.381
111	26	0.25
111	27	0
111	28	0.25
111	29	0.25
111	30	0.2
111	31	0.182
111	32	0.333
111	33	0.333
111	34	0
111	35	0
111	36	1
111	38	0
111	39	0
111	41	0
111	42	0
111	43	0
111	44	0
111	45	0
111	46	0.25
111	47	0.043
111	48	0
112	0	0.483
112	1	0.667
112	2	0.438
112	3	0.538
112	4	0.333
112	5	0.333
112	6	0.143
112	7	0.182
112	8	0
112	9	0.8
112	10	0.778
112	11	0.562
112	12	0.571
112	13	0.455
112	14	0.5
112	15	0.286
112	16	0
112	17	0.333
112	18	0.6
112	19	0.6
112	20	1
112	21	0.4
112	22	0.615
112	23	0.75
112	24	0.591
112	25	0.19
112	26	0.5
112	27	0
112	28	0.111
112	29	0.25
112	30	0.231
112	31	0.25
112	32	0.167
112	33	0.25
112	34	0.167
112	35	0
112	36	0
112	37	0.25
112	38	0
112	39	0
112	40	0
112	41	0
112	42	0
112	43	0
112	44	0
112	45	0
112	46	0
112	47	0
112	48	0
113	0	0.238
113	1	0.333
113	2	0.357
113	3	0.2
113	4	0.2
113	5	0
113	6	0.125
113	7	0
113	8	0
113	9	0.273
113	10	0.231
113	11	0.077
113	12	0.333
113	13	0.167
113	14	0
113	15	0.222
113	16	0
113	17	0
113	18	0
113	19	0
113	20	0.5
113	21	0
113	22	0.125
113	23	0.167
113	24	0.318
113	25	0
113	26	0
113	27	0
113	28	0
113	29	0
113	30	0
113	31	0.308
113	32	0
113	33	0.115
113	34	0
113	35	0.25
113	36	0
113	37	0.2
113	38	0.333
113	39	0
113	40	0
113	41	0.125
113	42	0.5
113	43	0
113	44	0.105
113	45	0.143
113	46	0
113	47	0.021
113	48	0
114	0	0.483
114	1	0.429
114	2	0.429
114	3	0.455
114	4	0.375
114	5	0.333
114	6	0.667
114	7	0.182
114	8	0.286
114	9	0.4
114	10	0.684
114	11	0.476
114	12	0.647
114	13	0.318
114	14	0.364
114	15	0.143
114	16	0.4
114	17	0.429
114	18	0.273
114	19	0.571
114	20	0
114	21	0.4
114	22	0.429
114	23	0.5
114	24	0.607
114	25	0.37
114	26	0.133
114	27	0.143
114	28	0
114	29	0
114	30	0.1
114	31	0
114	32	0
114	33	0
114	34	0
114	35	0
114	36	0
114	37	0
114	38	0
114	39	0
114	40	0
114	41	0.125
114	42	0
114	43	0
114	44	0
114	45	0
114	46	0
114	47	0
114	48	0
115	0	0.261
115	1	0.308
115	2	0.125
115	3	0.333
115	4	0.111
115	5	0.5
115	6	0.083
115	7	0
115	8	0
115	9	0
115	10	0.111
115	11	0.182
115	12	0.125
115	13	0
115	14	0.083
115	15	0
115	17	0
115	18	0
115	19	0
115	20	0
115	21	0
115	22	0
115	23	0
115	24	0.278
115	25	0.364
115	26	0
115	27	0
115	28	0
115	29	0
115	30	0
115	31	0.111
115	32	0
115	33	0
115	34	0
115	35	0
115	36	0
115	37	0
115	38	0
115	39	0
115	40	0
115	41	0
115	42	0
115	43	0
115	44	0
115	45	0
115	46	0
115	47	0
115	48	0
116	0	0.385
116	1	0.486
116	2	0.44
116	3	0.286
116	4	0.4
116	5	0.273
116	6	0.5
116	7	0.286
116	8	0.571
116	9	0.538
116	10	0.688
116	11	0.825
116	12	0.766
116	13	0.512
116	14	0.5
116	15	0.238
116	16	0.294
116	17	0.308
116	18	0.393
116	19	0
116	20	0.333
116	21	0.2
116	22	0.3
116	23	0.167
116	24	0.45
116	25	0.625
116	26	0.308
116	27	0.222
116	28	0
116	29	0.143
116	30	0.182
116	31	0.077
116	32	0
116	33	0
116	34	0
116	35	0.2
116	36	0
116	37	0.25
116	38	0
116	39	0
116	40	0
116	41	0
116	42	0
116	43	0
116	44	0
116	45	0
116	46	0
116	47	0
116	48	0
117	0	0.208
117	1	0.393
117	2	0.333
117	3	0.077
117	4	0.077
117	5	0.333
117	6	0.125
117	7	0.143
117	8	0.333
117	9	0.167
117	10	0.562
117	11	0.474
117	12	0.3
117	13	0.389
117	14	0.222
117	15	0.286
117	17	0
117	18	0.2
117	19	0.143
117	20	0
117	21	0.286
117	22	0.143
117	23	0.333
117	24	0.286
117	25	0
117	26	0
117	27	0
117	28	0
117	29	0
117	30	0
117	31	0
117	32	0
117	33	0
117	34	0
117	35	0
117	36	0
117	37	0
117	38	0
117	39	0
117	40	0
117	41	0
117	42	0
117	43	0
117	44	0
117	45	0
117	46	0
117	47	0
117	48	0
118	0	0.466
118	1	0.6
118	2	0.469
118	3	0.238
118	4	0.238
118	5	0.143
118	6	0.125
118	7	0.421
118	8	0.111
118	9	0.211
118	10	0.294
118	11	0.524
118	12	0.5
118	13	0.463
118	14	0.393
118	15	0.385
118	16	0.375
118	17	0.133
118	18	0.5
118	19	0.125
118	20	0.444
118	21	0.571
118	22	0.296
118	23	0.765
118	24	0.492
118	25	0.404
118	26	0.258
118	27	0.125
118	28	0.067
118	29	0.059
118	30	0.2
118	31	0.175
118	32	0.25
118	33	0
118	34	0
118	35	0
118	36	0.125
118	37	0
118	38	0
118	39	0
118	40	0
118	41	0.05
118	42	0.071
118	43	0
118	44	0.024
118	45	0
118	46	0
118	47	0
118	48	0
119	0	0.294
119	1	0.385
119	2	0.091
119	3	0.111
119	4	0.125
119	5	0
119	6	0
119	7	0
119	9	0
119	10	0.222
119	11	0.1
119	12	0
119	13	0.176
119	14	0
119	15	0
119	17	0
119	18	0.167
119	19	0
119	20	0.333
119	21	0
119	22	0.125
119	23	0.333
119	24	0.095
119	25	0.182
119	26	0.111
119	27	0
119	28	0.167
119	29	0.2
119	30	0
119	31	0
119	32	0
119	33	0
119	34	0
119	35	0
119	36	0
119	37	0
119	38	0
119	39	0
119	40	0
119	41	0
119	42	0
119	43	0
119	44	0
119	45	0
119	46	0
119	47	0
119	48	0
121	0	0.406
121	1	0.412
121	2	0.421
121	3	0.32
121	4	0.194
121	5	0.412
121	6	0.136
121	7	0.217
121	8	0.111
121	9	0.24
121	10	0.486
121	11	0.45
121	12	0.473
121	13	0.382
121	14	0.161
121	15	0.208
121	16	0
121	17	0.118
121	18	0.25
121	19	0.154
121	20	0.182
121	21	0.2
121	22	0.273
121	23	0.556
121	24	0.446
121	25	0.419
121	26	0.194
121	27	0.4
121	28	0.176
121	29	0.071
121	30	0.3
121	31	0.109
121	32	0.2
121	33	0.118
121	34	0.1
121	35	0
121	36	0.111
121	37	0.111
121	38	0
121	39	0
121	40	0
121	41	0.176
121	42	0
121	43	0
121	44	0
121	45	0
121	46	0
121	47	0
121	48	0
123	0	0.133
123	1	0.167
123	2	0.25
123	3	0.2
123	4	0.2
123	5	0
123	6	0
123	7	0
123	8	0
123	9	0
123	10	0
123	11	0.111
123	12	0
123	13	0.091
123	14	0
123	15	0
123	17	0
123	18	0
123	19	0
123	20	0.25
123	21	0
123	22	0.167
123	23	0.5
123	24	0.5
123	25	0.2
123	26	0.4
123	27	0.25
123	28	0
123	29	0.4
123	30	0.4
123	31	0.125
123	32	0
123	33	0.333
123	34	0.333
123	35	0
123	36	0
123	38	0
123	39	0
123	40	0
123	41	0
123	42	0
123	43	0
123	44	0
123	45	0
123	46	0
123	47	0
123	48	0
124	0	0.311
124	1	0.268
124	2	0.273
124	3	0.222
124	4	0
124	5	0.2
124	6	0.077
124	7	0.294
124	8	0.375
124	9	0.375
124	10	0.455
124	11	0.442
124	12	0.484
124	13	0.25
124	14	0.294
124	15	0.25
124	16	0
124	17	0.091
124	18	0.4
124	19	0.231
124	20	0.167
124	21	0.286
124	22	0.158
124	23	0.833
124	24	0.386
124	25	0.417
124	26	0.389
124	27	0.286
124	28	0.167
124	29	0.273
124	30	0.263
124	31	0.464
124	32	0.167
124	33	0.417
124	34	0.25
124	35	0
124	36	0
124	37	0.333
124	38	0
124	39	0
124	40	0
124	41	0
124	42	0
124	43	0
124	44	0
124	45	0
124	46	0
124	47	0
124	48	0
125	0	1
125	1	1
125	2	1
125	3	1
125	4	1
125	5	1
125	6	0
125	7	0.5
125	8	1
125	9	0.667
125	10	0.5
125	11	1
125	12	1
125	13	0.5
125	14	1
125	15	0.333
125	16	0.5
125	17	0.4
125	18	1
125	20	0
125	22	0
125	24	0
125	25	0
125	26	0
125	27	0
125	28	0
125	30	0
125	31	0
125	33	0
125	36	0
125	37	0
125	39	0
125	41	0
125	43	0
125	44	0
125	45	0
125	47	0
126	0	0.472
126	1	0.717
126	2	0.429
126	3	0.467
126	4	0.333
126	5	0.312
126	6	0.5
126	7	0.5
126	8	0.75
126	9	0.588
126	10	0.346
126	11	0.571
126	12	0.389
126	13	0.433
126	14	0.353
126	15	0.2
126	16	0.286
126	17	0.3
126	18	0.286
126	19	0.455
126	20	0.667
126	21	0
126	22	0.529
126	23	0.778
126	24	0.538
126	25	0.417
126	26	0.353
126	27	0.333
126	28	0.2
126	29	0.231
126	30	0.357
126	31	0.208
126	32	0
126	33	0
126	34	0.125
126	35	0
126	36	0.143
126	37	0
126	38	0
126	39	0
126	40	0
126	41	0.182
126	42	0.143
126	43	0
126	44	0
126	45	0
126	46	0
126	47	0
126	48	0
127	0	0.333
127	1	0.375
127	2	0.286
127	3	0
127	4	0
127	5	0
127	6	0
127	7	0
127	8	0
127	9	0
127	10	0.333
127	11	0.375
127	12	0.5
127	13	0.375
127	14	0.5
127	15	0.25
127	17	0
127	18	0.5
127	19	0
127	20	0.5
127	21	0
127	22	0.429
127	23	1
127	24	0.5
127	25	0
127	26	0.333
127	27	0
127	28	0.25
127	29	0.2
127	30	0.25
127	31	0.2
127	32	0
127	33	0
127	34	0
127	35	0
127	36	0
127	37	0
127	38	0
127	39	0
127	40	0
127	41	0
127	42	0
127	43	0
127	44	0
127	45	0
127	46	0
127	47	0
127	48	0
128	0	0.2
128	1	0.111
128	2	0.167
128	3	0
128	4	0.143
128	5	0.25
128	6	0
128	7	0.25
128	8	0
128	9	0
128	10	0.2
128	11	0.2
128	12	0.091
128	13	0.133
128	14	0.111
128	15	0
128	16	0
128	17	0
128	18	0
128	19	0
128	20	0.2
128	21	0
128	22	0
128	23	0
128	24	0.053
128	25	0
128	26	0
128	27	0
128	28	0
128	29	0
128	30	0
128	31	0.077
128	32	0
128	33	0
128	34	0
128	35	0
128	36	0
128	37	0
128	38	0
128	39	0
128	40	0
128	41	0
128	42	0
128	43	0
128	44	0
128	45	0
128	46	0
128	47	0
129	0	0.344
129	1	0.292
129	2	0.308
129	3	0.167
129	4	0.077
129	5	0.143
129	6	0.176
129	7	0
129	8	0.429
129	9	0.438
129	10	0.235
129	11	0.737
129	12	0.743
129	13	0.367
129	14	0.25
129	15	0.25
129	16	0.333
129	17	0.2
129	18	0.364
129	19	0
129	20	0
129	21	0.333
129	22	0.091
129	23	0.5
129	24	0.545
129	25	0.5
129	26	0.231
129	27	0.25
129	28	0
129	29	0
129	30	0
129	31	0
129	32	0
129	33	0
129	34	0
129	35	0
129	36	0
129	37	0
129	38	0
129	39	0
129	40	0
129	41	0.222
129	42	0
129	43	0
129	44	0
129	45	0
129	46	0
129	47	0
129	48	0
130	0	0.355
130	1	0.37
130	2	0.278
130	3	0.143
130	4	0.176
130	5	0.25
130	6	0.125
130	7	0.077
130	8	1
130	9	0
130	10	0.083
130	11	0.217
130	12	0.133
130	13	0.174
130	14	0.176
130	15	0.111
130	16	0
130	17	0.111
130	18	0
130	19	0
130	20	0
130	21	0
130	22	0.143
130	23	0.125
130	24	0.237
130	25	0
130	26	0
130	27	0.062
130	28	0
130	29	0.091
130	30	0.062
130	31	0.091
130	32	0
130	33	0.167
130	34	0
130	35	0
130	36	0
130	37	0
130	38	0
130	39	0
130	40	0
130	41	0
130	42	0.111
130	43	0
130	44	0
130	45	0
130	46	0
130	47	0
130	48	0
132	0	0.585
132	1	0.579
132	2	0.55
132	3	0.455
132	4	0.412
132	5	0.462
132	6	0.341
132	7	0.5
132	8	0.5
132	9	0.5
132	10	0.677
132	11	0.712
132	12	0.717
132	13	0.625
132	14	0.333
132	15	0.385
132	16	0.308
132	17	0.5
132	18	0.316
132	19	0.5
132	20	0
132	21	0.667
132	22	0.308
132	23	0.571
132	24	0.737
132	25	0.524
132	26	0.4
132	27	0
132	28	0
132	29	0
132	30	0.2
132	31	0.231
132	33	0
132	34	0
132	35	0
132	36	0.167
132	37	0.4
132	38	0
132	39	0
132	40	0
132	41	0
132	42	0
132	43	0
132	44	0
132	45	0
132	46	0
132	47	0
132	48	0
133	0	0
133	1	0
133	2	0
133	3	0
133	4	0
133	5	0
133	6	0
133	7	0
133	10	0
133	11	0.25
133	12	0
133	13	0.2
133	14	0.5
133	15	0
133	16	0
133	17	0
133	18	0
133	19	0
133	20	0
133	21	0
133	22	0
133	23	0
133	24	0.125
133	25	0
133	26	0
133	27	0
133	28	0
133	29	0.25
133	30	0.25
133	31	0.1
133	32	0
133	33	0
133	34	0
133	35	0
133	37	0
133	38	0
133	39	0
133	40	0
133	41	0
133	42	0
133	43	0
133	44	0
133	45	0
133	46	0
133	47	0.018
133	48	0
134	0	0.12
134	1	0.14
134	2	0.045
134	3	0
134	4	0
134	5	0
134	6	0.083
134	7	0
134	8	0
134	9	0
134	10	0.133
134	11	0.1
134	12	0.107
134	13	0.053
134	14	0.13
134	15	0.214
134	16	0
134	17	0
134	18	0.333
134	19	0
134	20	0.1
134	21	0.182
134	22	0.048
134	23	0.385
134	24	0.31
134	25	0
134	26	0
134	27	0
134	28	0.071
134	29	0
134	30	0.036
134	31	0.029
134	32	0
134	33	0
134	34	0
134	35	0
134	36	0
134	37	0
134	38	0
134	39	0
134	40	0
134	41	0
134	42	0
134	43	0
134	44	0
134	45	0
134	46	0
134	47	0
134	48	0
136	0	0.343
136	1	0.273
136	2	0.2
136	3	0.214
136	4	0.091
136	5	0.167
136	6	0
136	7	0.111
136	8	0
136	9	0.333
136	10	0.316
136	11	0.25
136	12	0.333
136	13	0.333
136	14	0.438
136	15	0.222
136	16	0.667
136	17	0.6
136	18	0.333
136	19	0.556
136	20	0.333
136	21	0
136	22	0.471
136	23	0.556
136	24	0.545
136	25	0.462
136	26	0.471
136	27	0.417
136	28	0.333
136	29	0.455
136	30	0.083
136	31	0.286
136	32	0
136	33	0
136	34	0
136	35	0.6
136	36	0.286
136	37	0.333
136	38	0
136	39	0
136	40	0
136	41	0
136	42	0
136	43	0
136	44	0
136	45	0
136	46	0
136	47	0
136	48	0
138	0	0.286
138	1	0.625
138	2	0.4
138	3	0.25
138	4	0.4
138	5	0
138	6	0
138	7	0
138	8	0
138	9	0
138	10	0
138	11	0.1
138	12	0.25
138	13	0.556
138	14	0.5
138	15	0.2
138	16	0
138	17	0
138	18	0
138	19	0
138	20	0
138	21	0
138	22	0
138	23	0
138	24	0
138	25	0
138	26	0
138	27	0
138	28	0.333
138	29	0
138	30	0.111
138	31	0.125
138	32	0
138	33	0
138	34	0
138	35	0
138	37	0
138	38	0
138	39	0
138	40	0
138	41	0
138	42	0
138	43	0
138	44	0
138	45	0
138	46	0
138	47	0
138	48	0
139	0	0.375
139	1	0.431
139	2	0.346
139	3	0.286
139	4	0.35
139	5	0.417
139	6	0.222
139	7	0.2
139	8	0.286
139	9	0.091
139	10	0.367
139	11	0.406
139	12	0.448
139	13	0.5
139	14	0.467
139	15	0.235
139	16	0.5
139	17	0.111
139	18	0.267
139	19	0.182
139	20	0.182
139	21	0.222
139	22	0.174
139	23	0.545
139	24	0.607
139	25	0.308
139	26	0.259
139	27	0.389
139	28	0.167
139	29	0.267
139	30	0.174
139	31	0.193
139	32	0
139	33	0.118
139	34	0.222
139	35	0
139	36	0.1
139	37	0.091
139	38	0
139	39	0
139	40	0
139	41	0
139	42	0.083
139	43	0
139	44	0
139	45	0
139	46	0
139	47	0
139	48	0
140	0	0.6
140	1	0.7
140	2	0.25
140	3	0.4
140	4	0.2
140	5	0.667
140	6	0.25
140	7	0.25
140	8	0.333
140	9	0.333
140	10	0.667
140	11	0.429
140	12	0.4
140	13	0.824
140	14	0.846
140	15	0.5
140	16	1
140	17	0.75
140	18	0.333
140	19	0.667
140	21	0.667
140	22	0.667
140	23	1
140	24	0.667
140	25	0.375
140	26	0.5
140	27	0.2
140	28	0.4
140	29	0.333
140	30	0.25
140	31	0
140	32	0
140	33	0
140	34	0.333
140	36	0
140	37	0
140	38	0
140	39	0
140	40	0
140	41	0
140	42	0
140	43	0
140	44	0
140	45	0
140	47	0.25
140	48	0
141	0	0.182
141	1	0.091
141	2	0
141	3	0
141	4	0.25
141	5	0
141	6	0.5
141	7	0.333
141	8	0
141	10	0.143
141	11	0.2
141	12	0.286
141	13	0.25
141	14	0.4
141	15	0.25
141	16	1
141	17	1
141	18	0
141	19	0.5
141	20	0
141	21	0
141	22	0.25
141	23	0
141	24	0.375
141	25	0.8
141	26	0.667
141	27	1
141	28	0.333
141	29	0.5
141	30	0.75
141	31	0.667
141	33	0.333
141	34	0
141	35	0
141	36	0
141	37	1
141	38	0
141	39	0
141	40	0
141	41	0.333
141	43	0
141	44	0
141	45	0
141	47	0
141	48	0
142	0	0
142	1	0
142	2	0
142	3	0
142	4	0
142	5	0
142	6	0
142	7	0
142	8	0
142	9	0
142	10	0
142	11	0
142	12	0
142	13	0
142	14	0
142	15	0
142	16	0
142	17	0
142	18	0
142	19	0
142	20	0.2
142	21	0.5
142	22	0.143
142	23	0.75
142	24	0.167
142	25	0
142	26	0
142	27	0
142	28	0
142	29	0
142	30	0
142	31	0
142	32	0
142	33	0
142	34	0
142	35	0
142	36	0
142	37	0
142	38	0
142	39	0
142	40	0
142	41	0
142	42	0
142	43	0
142	44	0
142	45	0
142	46	0
142	47	0
142	48	0
143	0	0
143	1	0
143	2	0
143	3	0
143	4	0
143	7	0
143	8	0
143	10	0
