"time"	"distance"	"value"
36	0	0.033
36	1	0.06
36	2	0
36	3	0.022
36	4	0
36	5	0.06
36	6	0
36	7	0.083
36	8	0
36	9	0.03
36	10	0.048
36	11	0.038
36	12	0.071
36	13	0.056
36	14	0.104
36	15	0.064
36	16	0
36	17	0.056
36	18	0.047
36	19	0.158
36	20	0.016
36	21	0.095
36	22	0.045
36	23	0
36	24	0
36	25	0.071
36	26	0
36	27	0
36	28	0
36	29	0
36	30	0
36	31	0
36	32	0
36	33	0
36	34	0
36	35	0
36	36	0
36	37	0
36	38	0
36	39	0
36	40	0.034
36	41	0.138
37	0	0.092
37	1	0.128
37	2	0.116
37	3	0.047
37	4	0.031
37	5	0.19
37	6	0
37	7	0
37	8	0
37	9	0.261
37	10	0.261
37	11	0.043
37	12	0.143
37	13	0
37	14	0.111
37	15	0
37	16	0.182
37	17	0
37	18	0.143
37	19	0
37	20	0.083
37	21	0
37	22	0
37	23	0
37	24	0
37	25	0
37	26	0
37	27	0.111
37	28	0.143
37	29	0.091
37	30	0
37	31	0
37	32	0
37	33	0
37	34	0
37	35	0
37	36	0
37	37	0.136
37	38	0.167
37	39	0
37	40	0.188
37	41	0.031
38	0	0
38	1	0
38	2	0
38	3	0
38	4	0
38	5	0
38	6	0
38	7	0
38	8	0
38	9	0
38	10	0
38	11	0
38	12	0
38	13	0
38	14	0
38	15	0
38	16	0
38	17	0
38	18	0
38	19	0
38	20	0
38	21	0
38	22	0
38	23	0
38	24	0
38	25	0
38	26	0
38	27	0
38	28	0
38	29	0
38	31	0
38	32	0
38	33	0
38	35	0
38	36	0
38	37	0
38	38	0
38	39	0
38	40	0
38	41	0
39	0	0.017
39	1	0.039
39	2	0.019
39	3	0
39	4	0
39	5	0
39	6	0
39	7	0
39	8	0
39	9	0
39	10	0.028
39	11	0
39	12	0
39	13	0.095
39	14	0.062
39	15	0.037
39	16	0
39	17	0.071
39	18	0
39	19	0.1
39	20	0.025
39	21	0.078
39	22	0.111
39	23	0
39	24	0
39	25	0
39	26	0
39	27	0
39	28	0
39	29	0
39	30	0
39	31	0
39	32	0
39	33	0
39	34	0
39	35	0
39	36	0
39	37	0
39	38	0
39	39	0
39	40	0.053
39	41	0.023
39	42	0
40	0	0.119
40	1	0.279
40	2	0.125
40	3	0.103
40	4	0.183
40	5	0.253
40	6	0
40	7	0
40	8	0
40	9	0.062
40	10	0.17
40	11	0.067
40	12	0.087
40	13	0.167
40	14	0.059
40	15	0.061
40	16	0.062
40	17	0.071
40	18	0.061
40	19	0.071
40	20	0.096
40	21	0
40	22	0
40	23	0
40	24	0.333
40	25	0
40	26	0.053
40	27	0
40	28	0
40	29	0.047
40	30	0
40	31	0
40	32	0
40	33	0
40	34	0
40	35	0
40	36	0
40	37	0.05
40	38	0.065
40	39	0
40	40	0.034
40	41	0.135
40	42	0
41	0	0.059
41	1	0.154
41	2	0.115
41	3	0.083
41	4	0.048
41	5	0.25
41	6	0
41	7	0
41	8	0.111
41	9	0.1
41	10	0.125
41	11	0
41	12	0
41	13	0
41	14	0
41	15	0
41	16	0
41	17	0
41	18	0
41	19	0
41	20	0
41	21	0
41	22	0
41	23	0
41	24	0
41	25	0
41	26	0
41	27	0
41	28	0
41	29	0
41	30	0
41	31	0
41	32	0
41	33	0
41	34	0
41	35	0
41	36	0
41	37	0
41	38	0
41	39	0
41	40	0
41	41	0.041
41	42	0.222
42	0	0.009
42	1	0.023
42	2	0
42	3	0
42	4	0
42	5	0
42	6	0
42	7	0
42	8	0
42	9	0
42	10	0.022
42	11	0
42	12	0
42	13	0.04
42	14	0.026
42	15	0.05
42	16	0
42	17	0
42	18	0
42	19	0
42	20	0.024
42	21	0.032
42	22	0.024
42	23	0
42	24	0
42	25	0
42	26	0
42	27	0
42	28	0
42	29	0
42	30	0
42	31	0
42	32	0
42	33	0
42	34	0
42	35	0
42	36	0
42	37	0
42	38	0
42	39	0
42	40	0
42	41	0.033
42	42	0
43	0	0
43	1	0
43	2	0
43	3	0
43	4	0
43	5	0
43	6	0
43	7	0
43	8	0
43	9	0
43	10	0
43	11	0
43	12	0
43	13	0
43	14	0
43	15	0
43	16	0
43	17	0
43	18	0
43	19	0
43	20	0
43	21	0
43	22	0
43	23	0
43	24	0
43	25	0
43	26	0
43	27	0
43	28	0
43	29	0
43	30	0
43	31	0
43	32	0
43	33	0
43	34	0
43	35	0
43	36	0
43	37	0
43	38	0
43	39	0
43	40	0
43	41	0
43	42	0
44	0	0.178
44	1	0.195
44	2	0.143
44	3	0.127
44	4	0.074
44	5	0.193
44	6	0
44	7	0
44	8	0.056
44	9	0.115
44	10	0.077
44	11	0.026
44	12	0.067
44	13	0.04
44	14	0
44	15	0
44	16	0
44	17	0
44	18	0
44	19	0
44	20	0
44	21	0
44	22	0
44	23	0
44	24	0
44	25	0
44	26	0
44	27	0
44	28	0
44	29	0
44	30	0
44	31	0
44	32	0
44	33	0
44	34	0
44	35	0
44	36	0
44	37	0
44	38	0
44	39	0
44	40	0.056
44	41	0.121
44	42	0
45	0	0.009
45	1	0
45	2	0
45	3	0
45	4	0
45	5	0
45	6	0
45	7	0
45	8	0
45	9	0
45	10	0.031
45	11	0
45	12	0
45	13	0
45	14	0.029
45	15	0.034
45	16	0
45	17	0
45	18	0
45	19	0
45	20	0
45	21	0.037
45	22	0.022
45	23	0
45	24	0
45	25	0
45	26	0
45	27	0
45	28	0
45	29	0
45	30	0
45	31	0
45	32	0
45	33	0
45	34	0
45	35	0
45	36	0
45	37	0
45	38	0
45	39	0
45	40	0.061
45	41	0.04
45	42	0
46	0	0
46	1	0
46	2	0
46	3	0
46	4	0
46	5	0
46	6	0
46	7	0
46	8	0
46	9	0
46	10	0
46	11	0
46	12	0
46	13	0
46	14	0
46	15	0
46	16	0
46	17	0
46	18	0
46	19	0
46	20	0
46	21	0
46	22	0
46	23	0
46	24	0
46	25	0
46	26	0
46	27	0
46	28	0
46	29	0
46	31	0
46	32	0
46	33	0
46	34	0
46	35	0
46	36	0
46	37	0
46	38	0
46	39	0
46	40	0
46	41	0
46	42	0
47	0	0.07
47	1	0.03
47	2	0.029
47	3	0.021
47	4	0
47	5	0.333
47	6	0
47	7	0
47	8	0
47	9	0
47	10	0
47	11	0
47	12	0
47	13	0
47	14	0
47	15	0
47	16	0
47	17	0
47	18	0
47	19	0
47	20	0
47	21	0
47	22	0
47	24	0
47	25	0
47	26	0
47	27	0
47	28	0
47	29	0
47	30	0
47	31	0
47	32	0
47	33	0
47	34	0
47	36	0
47	37	0
47	38	0
47	39	0
47	40	0
47	41	0.415
47	42	0
48	0	0
48	1	0
48	2	0
48	3	0
48	4	0
48	5	0
48	6	0
48	7	0
48	8	0
48	9	0
48	10	0
48	11	0
48	12	0
48	13	0
48	14	0
48	15	0
48	16	0
48	17	0
48	18	0
48	19	0
48	20	0
48	21	0
48	22	0
48	23	0
48	24	0
48	25	0
48	26	0
48	27	0
48	28	0
48	29	0
48	30	0
48	31	0
48	32	0
48	33	0
48	34	0
48	35	0
48	36	0
48	37	0
48	38	0
48	39	0
48	40	0
48	41	0.042
49	0	0.011
49	1	0.127
49	2	0
49	3	0.021
49	4	0.057
49	5	0.2
49	6	0
49	7	0
49	8	0
49	9	0
49	10	0.016
49	11	0.095
49	12	0.083
49	13	0
49	14	0.077
49	15	0.038
49	16	0
49	17	0
49	18	0.045
49	19	0
49	20	0.069
49	21	0.045
49	22	0.026
49	23	0
49	24	0
49	25	0.1
49	26	0.111
49	27	0
49	28	0.068
49	29	0
49	30	0
49	31	0
49	32	0.05
49	33	0
49	34	0
49	35	0
49	36	0
49	37	0.053
49	38	0
49	39	0
49	40	0.118
49	41	0.312
49	42	0
50	0	0
50	1	0.25
50	2	0
50	3	0
50	4	0
50	5	0
50	8	0
50	9	0
50	10	0
50	11	0
50	13	0
50	14	0
50	15	0
50	16	0
50	18	0
50	20	0.5
50	21	0
50	23	0
50	26	0
50	29	0
50	33	0
50	34	0
50	35	0
50	37	0
50	40	0
50	41	0
51	0	0.054
51	1	0.13
51	2	0.105
51	3	0.062
51	4	0.077
51	5	0
51	6	0
51	7	0
51	8	0
51	9	0
51	10	0.111
51	11	0
51	12	0.167
51	13	0
51	14	0.125
51	15	0.091
51	16	0
51	17	0.167
51	18	0
51	19	0.125
51	20	0
51	21	0.111
51	22	0
51	23	0
51	24	0
51	25	0
51	26	0.1
51	27	0
51	28	0
51	29	0
51	30	0
51	31	0
51	32	0.25
51	33	0
51	34	0
51	35	0
51	36	0
51	37	0
51	39	0
51	40	0
51	41	0.217
52	0	0.062
52	1	0.151
52	2	0
52	3	0.034
52	4	0.062
52	5	0
52	6	0
52	7	0
52	8	0
52	9	0.083
52	10	0.065
52	11	0.111
52	12	0.091
52	13	0
52	14	0.182
52	15	0.118
52	16	0
52	17	0.167
52	18	0.056
52	19	0
52	20	0.067
52	21	0
52	22	0
52	24	0
52	25	0.167
52	26	0
52	27	0
52	28	0
52	29	0
52	30	0
52	31	0
52	32	0.091
52	33	0
52	34	0
52	35	0
52	36	0
52	37	0
52	38	0
52	39	0
52	40	0.091
52	41	0.204
52	42	0
53	0	0.23
53	1	0.203
53	2	0.054
53	3	0.109
53	4	0.378
53	5	0.268
53	6	0
53	7	0
53	8	0
53	9	0
53	10	0.143
53	11	0.125
53	12	0.15
53	13	0
53	14	0.19
53	15	0.167
53	16	0
53	17	0.167
53	18	0
53	19	0.2
53	20	0.12
53	21	0.2
53	22	0
53	23	0
53	24	0
53	25	0.111
53	26	0.235
53	27	0.167
53	28	0.091
53	29	0.091
53	31	0
53	32	0.111
53	33	0.2
53	34	0
53	35	0.667
53	36	0
53	37	0.136
53	38	0
53	39	0
53	40	0.182
53	41	0.273
53	42	0.143
54	0	0.154
54	1	0.1
54	2	0
54	3	0
54	4	0
54	5	0
54	6	0
54	7	0
54	8	0
54	9	0
54	10	0
54	11	0
54	12	0
54	13	0
54	14	0
54	15	0
54	16	0
54	17	0
54	18	0
54	19	0
54	20	0
54	21	0
54	22	0
54	25	0
54	26	0
54	28	0
54	29	0
54	30	0
54	31	0
54	32	0
54	34	0
54	35	0
54	37	0
54	38	0
54	39	0
54	40	0
54	41	0.111
55	0	0.079
55	1	0.027
55	2	0
55	3	0
55	4	0
55	5	0
55	6	0
55	7	0
55	8	0
55	9	0
55	10	0.087
55	11	0.125
55	12	0
55	13	0.167
55	14	0.083
55	15	0
55	16	0
55	17	0
55	18	0
55	19	0
55	20	0
55	21	0
55	22	0
55	24	0
55	25	0
55	26	0
55	27	0
55	28	0
55	29	0
55	30	0
55	32	0
55	33	0
55	34	0
55	35	0
55	36	0
55	37	0
55	38	0
55	39	0
55	40	0
55	41	0.389
56	0	0.059
56	1	0.133
56	2	0.111
56	3	0
56	4	0
56	5	0
56	6	0
56	7	0
56	8	0
56	9	0
56	10	0
56	11	0
56	12	0
56	13	0
56	14	0
56	15	0
56	16	0
56	17	0
56	18	0
56	19	0
56	20	0
56	21	0
56	22	0
56	23	0
56	24	0
56	25	0
56	26	0
56	28	0
56	29	0
56	30	0
56	31	0
56	32	0
56	33	0
56	35	0
56	36	0
56	37	0
56	38	0
56	39	0
56	40	0.25
56	41	0.15
56	42	1
57	0	0.029
57	1	0.029
57	2	0
57	3	0
57	4	0
57	5	0
57	6	0
57	7	0
57	8	0
57	9	0
57	10	0
57	11	0.1
57	12	0
57	13	0
57	14	0
57	15	0
57	16	0
57	17	0
57	18	0
57	19	0
57	20	0
57	21	0
57	22	0
57	23	0
57	24	0
57	25	0
57	26	0
57	27	0
57	28	0
57	29	0
57	30	0
57	31	0
57	32	0
57	33	0.053
57	34	0
57	35	0
57	36	0
57	37	0
57	38	0
57	39	0
57	40	0
57	41	0.08
57	42	0.182
58	0	0.143
58	1	0.143
58	2	0.167
58	3	0
58	4	0
58	5	0
58	7	0
58	8	0
58	9	0
58	10	0
58	11	0
58	12	0
58	13	0
58	14	0
58	15	0
58	18	0
58	19	0
58	20	0
58	21	0
58	24	0
58	25	0
58	26	0
58	27	0
58	29	0
58	31	0
58	32	0
58	35	0
58	36	0
58	37	0
58	38	0
58	39	0
58	40	0
58	41	0
59	0	0.083
59	1	0.055
59	2	0.061
59	3	0.015
59	4	0.022
59	5	0.026
59	6	0
59	7	0
59	8	0
59	9	0
59	10	0.034
59	11	0.067
59	12	0
59	13	0.042
59	14	0.038
59	15	0
59	16	0.071
59	17	0
59	18	0.032
59	19	0.077
59	20	0
59	21	0.036
59	22	0
59	23	0
59	24	0.111
59	25	0
59	26	0
59	27	0
59	28	0.167
59	29	0
59	30	0
59	31	0
59	32	0
59	33	0
59	34	0
59	35	0
59	36	0
59	37	0
59	38	0
59	39	0
59	40	0
59	41	0.149
59	42	0
60	0	0.043
60	1	0.189
60	2	0.056
60	3	0.077
60	4	0
60	5	0
60	6	0
60	7	0
60	8	0
60	9	0
60	10	0.115
60	11	0.1
60	12	0.125
60	13	0
60	14	0.077
60	15	0.091
60	16	0
60	17	0
60	18	0.1
60	19	0.083
60	20	0
60	21	0.091
60	22	0
60	24	0.2
60	25	0
60	26	0
60	27	0
60	28	0
60	29	0
60	31	0
60	32	0
60	33	0.25
60	34	0
60	35	0
60	36	0
60	37	0
60	38	0
60	39	0
60	40	0
60	41	0.208
60	42	0
61	0	0
61	1	0
61	2	0
61	3	0
61	4	0
61	6	0
61	9	0
61	10	0
61	11	0
61	13	0
61	15	0
61	18	0
61	19	0
61	20	0
61	21	0
61	26	0
61	29	0
61	34	0
61	37	0
61	40	0
61	41	0
62	0	0.115
62	1	0.154
62	2	0.057
62	3	0.154
62	4	0.118
62	5	0.031
62	6	0.2
62	7	0
62	8	0
62	9	0.133
62	10	0.237
62	11	0.235
62	12	0.417
62	13	0.091
62	14	0.278
62	15	0.333
62	16	0
62	17	0.8
62	18	0.158
62	19	0.167
62	20	0.19
62	21	0.167
62	22	0
62	23	0
62	24	0.2
62	25	0.125
62	26	0
62	27	0.25
62	28	0.5
62	29	0.105
62	30	0
62	31	0.333
62	32	0.2
62	33	0.286
62	34	0
62	35	0
62	36	0
62	37	0.133
62	38	0
62	39	0.25
62	40	0.111
62	41	0.087
62	42	0.107
63	0	0.167
63	1	0.133
63	2	0
63	3	0
63	4	0
63	5	0
63	6	0
63	7	0
63	8	0
63	9	0
63	10	0.133
63	11	0
63	12	0
63	13	0
63	14	0.125
63	15	0.167
63	16	0
63	17	0.333
63	18	0
63	19	0.25
63	20	0.222
63	21	0
63	22	0
63	23	0
63	24	0
63	25	0
63	26	0
63	27	0
63	28	0
63	29	0
63	30	0
63	32	0
63	33	0
63	34	0
63	35	0
63	37	0
63	39	0
63	40	0
63	41	0.059
64	0	0.169
64	1	0.212
64	2	0.167
64	3	0.156
64	4	0.118
64	5	0.132
64	6	0.154
64	7	0
64	8	0
64	9	0.071
64	10	0.091
64	11	0.125
64	12	0.136
64	13	0.077
64	14	0.065
64	15	0.077
64	16	0.067
64	17	0
64	18	0.103
64	19	0.1
64	20	0.086
64	21	0.053
64	22	0
64	23	0
64	24	0
64	25	0
64	26	0
64	27	0.25
64	28	0.125
64	29	0
64	30	0
64	31	0.167
64	32	0
64	33	0
64	34	0.091
64	35	0
64	36	0
64	37	0
64	38	0
64	39	0
64	40	0.2
64	41	0.209
64	42	0
66	0	0.114
66	1	0.126
66	2	0.039
66	3	0.015
66	4	0.02
66	5	0.084
66	6	0
66	7	0
66	8	0
66	9	0
66	10	0.065
66	11	0.15
66	12	0.038
66	13	0.091
66	14	0.067
66	15	0.111
66	16	0
66	17	0
66	18	0.074
66	19	0
66	20	0.048
66	21	0.034
66	22	0.048
66	23	0
66	24	0
66	25	0
66	26	0
66	27	0
66	28	0
66	29	0
66	30	0
66	31	0
66	32	0
66	33	0
66	34	0
66	35	0
66	36	0
66	37	0
66	38	0
66	39	0
66	40	0.045
66	41	0.205
67	0	0
67	1	0
67	2	0
67	3	0
67	4	0
67	5	0
67	6	0
67	7	0
67	8	0
67	9	0
67	10	0
67	11	0
67	13	0
67	14	0
67	15	0
67	16	0
67	17	0
67	18	0
67	19	0
67	20	0
67	21	0
67	24	0
67	25	0
67	26	0
67	27	0
67	28	0
67	29	0
67	30	0
67	31	0
67	32	0
67	33	0
67	34	0
67	35	0
67	36	0
67	37	0
67	39	0
67	40	0
67	41	0
68	0	0
68	1	0.023
68	2	0
68	3	0
68	4	0
68	5	0
68	6	0
68	7	0
68	8	0
68	9	0
68	10	0
68	11	0
68	12	0
68	13	0
68	14	0
68	15	0
68	16	0
68	17	0
68	18	0
68	19	0
68	20	0
68	21	0
68	23	0
68	24	0
68	25	0
68	26	0
68	27	0
68	28	0
68	29	0
68	31	0
68	32	0
68	33	0
68	34	0
68	35	0
68	36	0
68	37	0
68	38	0
68	39	0
68	40	0
68	41	0.048
69	0	0.206
69	1	0.192
69	2	0.029
69	3	0.027
69	4	0.069
69	5	0.205
69	6	0
69	7	0
69	8	0
69	9	0.077
69	10	0.086
69	11	0.083
69	12	0
69	13	0.059
69	14	0.071
69	15	0
69	16	0.143
69	17	0
69	18	0.067
69	19	0
69	20	0.062
69	21	0
69	22	0
69	23	0
69	24	0
69	25	0
69	26	0.077
69	27	0
69	28	0
69	29	0.048
69	30	0
69	31	0
69	32	0
69	33	0
69	34	0
69	35	0.5
69	36	0
69	37	0
69	38	0
69	39	0.125
69	40	0
69	41	0.188
69	42	0.2
70	0	0.074
70	1	0.038
70	2	0
70	3	0.043
70	4	0.143
70	5	0.059
70	6	0
70	7	0
70	8	0
70	9	0.143
70	10	0.167
70	11	0.067
70	12	0
70	13	0.143
70	14	0.1
70	15	0.091
70	16	0
70	17	0
70	18	0.083
70	19	0
70	20	0.143
70	21	0
70	22	0
70	24	0
70	25	0
70	26	0.125
70	27	0
70	28	0
70	29	0.143
70	30	0
70	31	0
70	32	0
70	33	0
70	34	0
70	35	0
70	36	0
70	37	0
70	38	0.5
70	39	0
70	40	0
70	41	0.111
71	0	0.042
71	1	0.088
71	2	0.052
71	3	0.08
71	4	0.122
71	5	0.105
71	6	0
71	7	0
71	8	0.038
71	9	0.034
71	10	0.094
71	11	0.069
71	12	0.111
71	13	0
71	14	0.057
71	15	0.038
71	16	0
71	17	0.118
71	18	0.033
71	19	0
71	20	0.026
71	21	0
71	22	0
71	23	0
71	24	0
71	25	0
71	26	0
71	27	0
71	28	0
71	29	0
71	30	0
71	31	0
71	32	0.043
71	33	0
71	34	0
71	35	0
71	36	0
71	37	0
71	38	0
71	39	0
71	40	0
71	41	0.103
71	42	0.019
73	0	0.175
73	1	0.095
73	2	0.05
73	3	0.154
73	4	0.205
73	5	0.171
73	6	0
73	7	0
73	8	0.125
73	9	0
73	10	0.034
73	11	0
73	12	0
73	13	0
73	14	0
73	15	0
73	16	0
73	17	0
73	18	0
73	19	0
73	20	0
73	21	0
73	22	0.143
73	23	0
73	24	0
73	25	0
73	26	0
73	27	0
73	28	0
73	29	0
73	30	0
73	31	0
73	32	0
73	33	0
73	34	0
73	35	0
73	36	0
73	37	0
73	38	0
73	39	0
73	40	0
73	41	0.296
73	42	0
75	0	0.068
75	1	0.121
75	2	0.085
75	3	0.11
75	4	0.277
75	5	0.256
75	6	0.053
75	7	0
75	8	0
75	9	0.037
75	10	0.065
75	11	0.14
75	12	0.056
75	13	0.1
75	14	0.065
75	15	0
75	16	0.056
75	17	0
75	18	0.065
75	19	0
75	20	0.068
75	21	0.031
75	22	0
75	23	0
75	24	0
75	25	0
75	26	0
75	27	0
75	28	0
75	29	0.053
75	30	0
75	31	0
75	32	0.069
75	33	0
75	34	0.083
75	35	0
75	36	0
75	37	0
75	38	0.143
75	39	0
75	40	0.071
75	41	0.367
75	42	0.3
77	0	0.046
77	1	0.063
77	2	0.041
77	3	0
77	4	0.032
77	5	0.152
77	6	0
77	7	0
77	8	0
77	9	0
77	10	0
77	11	0
77	12	0
77	13	0
77	14	0
77	15	0
77	16	0
77	17	0
77	18	0
77	19	0
77	20	0
77	21	0
77	22	0.1
77	23	0
77	24	0
77	25	0
77	26	0
77	27	0
77	28	0
77	29	0
77	30	0
77	31	0
77	32	0
77	33	0
77	34	0
77	35	0
77	36	0
77	37	0
77	38	0
77	39	0
77	40	0
77	41	0.066
77	42	0
78	0	0.172
78	1	0.273
78	2	0.125
78	3	0.37
78	4	0.516
78	5	0.542
78	6	0
78	7	0
78	8	0.167
78	9	0.25
78	10	0.308
78	11	0.167
78	12	0.2
78	13	0.333
78	14	0.333
78	15	0.125
78	16	0
78	17	0
78	18	0
78	19	0.25
78	20	0.154
78	21	0.2
78	22	0
78	23	0
78	24	0
78	25	0
78	26	0.2
78	27	0
78	28	0
78	29	0.182
78	30	0
78	31	0
78	32	0
78	33	0
78	34	0
78	36	0
78	37	0
78	38	0.25
78	40	0.4
78	41	0.069
78	42	0.033
79	0	0
79	1	0
79	2	0
79	3	0
79	4	0
79	5	0
79	6	0
79	7	0
79	8	0
79	9	0
79	10	0
79	11	0
79	12	0
79	13	0
79	14	0
79	15	0
79	16	0
79	17	0
79	18	0
79	19	0
79	20	0
79	21	0
79	22	0
79	23	0
79	24	0
79	25	0
79	26	0
79	27	0
79	28	0
79	29	0
79	30	0
79	31	0
79	32	0
79	33	0
79	34	0
79	35	0
79	36	0
79	37	0
79	38	0
79	39	0
79	40	0
79	41	0.034
80	0	0
80	1	0
80	2	0
80	3	0
80	4	0
80	5	0
80	7	0
80	8	0
80	9	0
80	10	0
80	11	0
80	12	0
80	13	0
80	14	0
80	15	0
80	16	0
80	17	0
80	18	0
80	19	0
80	20	0
80	21	0
80	23	0
80	26	0
80	27	0
80	28	0
80	29	0
80	30	0
80	32	0
80	34	0
80	37	0
80	39	0
80	40	0
80	41	0.022
81	0	0.074
81	1	0.048
81	2	0.021
81	3	0
81	4	0.062
81	5	0.024
81	6	0
81	7	0.125
81	8	0
81	9	0
81	10	0.121
81	11	0
81	12	0.1
81	13	0.04
81	14	0.042
81	15	0.045
81	16	0
81	17	0
81	18	0.037
81	19	0
81	20	0.059
81	21	0.059
81	22	0
81	23	0
81	24	0
81	25	0
81	26	0.062
81	27	0
81	28	0.077
81	29	0.04
81	30	0
81	31	0
81	32	0.05
81	33	0
81	34	0.067
81	35	0
81	36	0
81	37	0
81	38	0
81	39	0
81	40	0
81	41	0.28
82	0	0
82	1	0
82	2	0
82	3	0.02
82	4	0
82	5	0
82	6	0
82	7	0
82	8	0
82	9	0
82	10	0
82	11	0
82	12	0
82	13	0
82	14	0
82	15	0
82	16	0
82	17	0
82	18	0
82	19	0
82	20	0
82	21	0
82	22	0
82	23	0
82	24	0
82	25	0
82	26	0
82	27	0
82	28	0
82	29	0
82	30	0
82	31	0
82	32	0
82	33	0
82	34	0
82	35	0
82	36	0
82	37	0
82	38	0
82	39	0
82	40	0
82	41	0.075
82	42	0.053
83	0	0.129
83	1	0.091
83	2	0
83	3	0
83	4	0.32
83	5	0
83	6	0
83	7	0
83	8	0
83	9	0
83	10	0
83	11	0
83	12	0
83	13	0
83	14	0.135
83	15	0
83	16	0
83	17	0
83	18	0
83	19	0
83	20	0
83	21	0
83	22	0
83	23	0
83	24	0
83	25	0
83	26	0
83	27	0
83	28	0
83	29	0.167
83	31	0
83	32	0
83	34	0
83	37	0
83	38	0
83	40	0
83	41	0.533
83	42	0.125
84	0	0
84	1	0
84	2	0
84	3	0
84	4	0
84	5	0
84	6	0
84	8	0
84	9	0
84	10	0
84	11	0
84	12	0
84	13	0
84	14	0.25
84	15	0
84	17	0
84	18	0
84	19	0
84	20	0
84	21	0
84	22	0
84	25	0
84	26	0
84	28	0
84	29	0
84	30	0
84	32	0
84	33	0
84	34	0
84	35	0
84	36	0
84	38	0
84	40	0
84	41	0.393
85	0	0.061
85	1	0.13
85	2	0.045
85	3	0
85	4	0.167
85	5	0.318
85	6	0
85	7	0
85	8	0
85	9	0
85	10	0.125
85	11	0.286
85	12	0
85	13	0
85	14	0
85	15	0
85	16	0
85	17	0
85	18	0
85	20	0
85	21	0.111
85	22	0
85	23	0
85	24	0
85	25	0
85	26	0
85	27	0
85	28	0
85	29	0.091
85	31	0
85	32	0
85	33	0.333
85	34	0
85	36	0
85	37	0.1
85	38	0
85	39	0
85	40	0
85	41	0.137
85	42	0.242
86	0	0.123
86	1	0.273
86	2	0.107
86	3	0.135
86	4	0.167
86	5	0.385
86	6	0
86	7	0
86	8	0.167
86	9	0.143
86	10	0.098
86	11	0.087
86	12	0
86	13	0.105
86	14	0.071
86	15	0.12
86	16	0.083
86	17	0
86	18	0
86	19	0.091
86	20	0.042
86	21	0.08
86	22	0
86	23	0
86	24	0
86	25	0.083
86	26	0
86	27	0
86	28	0.105
86	29	0.16
86	30	0.5
86	31	0
86	32	0.111
86	33	0
86	34	0
86	35	0
86	36	0
86	37	0.115
86	38	0.067
86	39	0.333
86	40	0
86	41	0.29
86	42	0.308
88	0	0.175
88	1	0.062
88	2	0.093
88	3	0.05
88	4	0.222
88	5	0.158
88	6	0
88	7	0
88	8	0
88	9	0.071
88	10	0.125
88	11	0
88	12	0.125
88	13	0.077
88	14	0.13
88	15	0.133
88	16	0
88	17	0.111
88	18	0
88	19	0.111
88	20	0.045
88	21	0.067
88	22	0
88	23	0
88	24	0
88	25	0
88	26	0.045
88	27	0
88	28	0.167
88	29	0.167
88	30	0
88	31	0
88	32	0
88	33	0.091
88	34	0
88	35	0
88	36	0
88	37	0.2
88	38	0.143
88	39	0
88	40	0.214
88	41	0.391
88	42	0.381
89	0	0
89	1	0
89	2	0
89	3	0
89	4	0
89	5	0
89	6	0
89	7	0
89	8	0
89	9	0
89	10	0
89	11	0
89	12	0
89	13	0
89	14	0
89	15	0
89	16	0
89	17	0
89	18	0
89	19	0
89	20	0
89	21	0
89	22	0
89	23	0
89	24	0
89	25	0
89	26	0
89	27	0
89	28	0
89	29	0
89	31	0
89	32	0
89	33	0
89	34	0
89	35	0
89	36	0
89	37	0
89	38	0
89	39	0
89	40	0
89	41	0.448
89	42	0.148
91	0	0.016
91	1	0
91	2	0.051
91	3	0.021
91	4	0
91	5	0.116
91	6	0
91	7	0
91	8	0
91	9	0
91	10	0.032
91	11	0
91	12	0
91	13	0
91	14	0
91	15	0
91	16	0
91	17	0
91	18	0
91	19	0
91	20	0
91	21	0
91	22	0
91	23	0
91	24	0
91	25	0
91	26	0
91	27	0
91	28	0
91	29	0
91	31	0
91	32	0
91	33	0
91	34	0
91	35	0
91	36	0
91	37	0
91	38	0
91	39	0
91	40	0
91	41	0.259
92	0	0
92	1	0
92	2	0
92	3	0
92	4	0
92	5	0
92	6	0
92	7	0
92	8	0
92	9	0
92	10	0
92	11	0
92	12	0
92	13	0
92	14	0
92	15	0
92	16	0
92	17	0
92	18	0
92	19	0
92	20	0
92	21	0
92	22	0
92	23	0
92	24	0
92	25	0
92	26	0
92	27	0
92	28	0
92	29	0
92	30	0
92	31	0
92	32	0
92	33	0
92	34	0
92	35	0
92	36	0
92	37	0
92	38	0
92	39	0
92	40	0
92	41	0.518
92	42	0.211
93	0	0
93	1	0.13
93	2	0.154
93	3	0.118
93	4	0.071
93	5	0.143
93	6	0
93	7	0
93	8	0.167
93	9	0.333
93	10	0
93	11	0
93	12	0.2
93	13	0
93	14	0.182
93	15	0.2
93	16	0
93	17	0
93	18	0
93	19	0
93	20	0
93	21	0
93	22	0
93	23	0
93	24	0
93	25	0
93	26	0
93	27	0
93	28	0
93	29	0
93	32	0
93	33	0
93	34	0
93	37	0
93	38	0
93	39	0
93	40	0
93	41	0.353
94	0	0.027
94	1	0.08
94	2	0.057
94	3	0.04
94	4	0
94	5	0.047
94	6	0
94	7	0.077
94	8	0
94	9	0.048
94	10	0
94	11	0.071
94	12	0
94	13	0.091
94	14	0.032
94	15	0.032
94	16	0
94	17	0
94	18	0
94	19	0
94	20	0
94	21	0
94	22	0
94	23	0
94	24	0
94	25	0
94	26	0
94	27	0.091
94	28	0
94	29	0
94	30	0
94	31	0
94	32	0.043
94	33	0
94	34	0
94	35	0
94	36	0
94	37	0
94	38	0
94	39	0
94	40	0
94	41	0.222
94	42	0.188
95	0	0
95	1	0.067
95	2	0.111
95	3	0
95	4	0
95	5	0.231
95	6	0
95	7	0
95	8	0
95	9	0
95	10	0.111
95	11	0
95	12	0
95	13	0.143
95	14	0.167
95	15	0
95	16	1
95	17	0
95	18	0.2
95	19	0
95	20	0.1
95	21	0.143
95	22	0
95	24	0
95	25	0.167
95	26	0
95	27	0
95	28	0
95	29	0.1
95	31	0
95	32	0.167
95	33	0
95	34	0
95	35	0
95	36	0
95	37	0.167
95	38	0
95	39	0.25
95	40	0
95	41	0.136
95	42	0.222
96	0	0
96	1	0
96	2	0
96	3	0
96	4	0
96	5	0
96	6	0
96	7	0
96	8	0
96	9	0
96	10	0
96	11	0
96	12	0
96	13	0
96	14	0
96	15	0
96	16	0
96	17	0
96	18	0
96	19	0
96	20	0
96	21	0
96	22	0
96	23	0
96	24	0
96	26	0
96	27	0
96	28	0
96	29	0
96	31	0
96	32	0
96	33	0
96	34	0
96	35	0
96	36	0
96	37	0
96	38	0
96	39	0
96	40	0
96	41	0.037
96	42	0
97	0	0
97	1	0
97	2	0
97	3	0
97	4	0
97	5	0
97	6	0
97	7	0
97	8	0
97	9	0
97	10	0
97	11	0
97	12	0
97	13	0
97	14	0
97	15	0
97	16	0
97	17	0
97	18	0
97	19	0
97	20	0
97	21	0
97	22	0
97	23	0
97	24	0
97	25	0
97	26	0
97	27	0
97	28	0
97	29	0
97	30	0
97	31	0
97	32	0
97	33	0
97	34	0
97	35	0
97	36	0
97	37	0
97	38	0
97	39	0
97	40	0
97	41	0.231
97	42	0.188
98	0	0.12
98	1	0.294
98	2	0.133
98	3	0.231
98	4	0
98	5	0
98	6	0
98	8	0
98	9	0
98	10	0.25
98	11	0
98	12	0
98	13	0.2
98	14	0.143
98	15	0
98	16	0.333
98	17	0
98	18	0.2
98	19	0.25
98	20	0
98	21	0.167
98	22	0
98	23	0
98	24	0
98	25	0.5
98	26	0
98	27	0
98	28	0
98	29	0.2
98	31	0
98	32	0
98	33	0
98	34	0
98	35	0
98	36	0
98	37	0
98	38	0
98	39	1
98	40	0.4
98	41	0.562
99	0	0.174
99	1	0.088
99	2	0
99	3	0.118
99	4	0
99	5	0
99	6	0
99	7	0
99	8	0
99	9	0
99	10	0
99	11	0.067
99	12	0
99	13	0
99	14	0
99	15	0
99	16	0
99	17	0
99	18	0
99	19	0
99	20	0
99	21	0
99	22	0
99	23	0
99	24	0
99	25	0
99	26	0
99	28	0.125
99	29	0
99	30	0
99	31	0
99	32	0.1
99	33	0.25
99	34	0
99	35	0
99	36	0
99	37	0.091
99	38	0
99	39	0
99	40	0.333
99	41	0.115
99	42	0.088
100	0	0
100	1	0
100	2	0
100	3	0
100	4	0
100	5	0
100	6	0
100	7	0
100	8	0
100	9	0
100	10	0
100	11	0
100	12	0
100	13	0
100	14	0
100	15	0
100	16	0
100	17	0
100	18	0
100	19	0
100	20	0
100	21	0
100	22	0
100	23	0
100	24	0
100	25	0
100	26	0
100	27	0
100	28	0
100	29	0
100	30	0
100	31	0
100	32	0
100	33	0
100	34	0
100	35	0
100	36	0
100	37	0
100	38	0
100	39	0
100	40	0
100	41	0.289
102	0	0.02
102	1	0
102	2	0.022
102	3	0.052
102	4	0
102	5	0
102	6	0
102	7	0
102	8	0
102	9	0
102	10	0.031
102	11	0
102	12	0
102	13	0
102	14	0
102	15	0
102	16	0
102	17	0
102	18	0
102	19	0
102	20	0
102	21	0
102	22	0
102	23	0
102	24	0
102	25	0
102	26	0
102	27	0
102	28	0
102	29	0
102	30	0
102	31	0
102	32	0
102	33	0
102	34	0
102	35	0
102	36	0
102	37	0
102	38	0
102	39	0
102	40	0
102	41	0.256
102	42	0
103	0	0.016
103	1	0.077
103	2	0.054
103	3	0.021
103	4	0.036
103	5	0
103	6	0
103	7	0
103	8	0
103	9	0
103	10	0
103	11	0
103	12	0
103	13	0
103	14	0
103	15	0
103	16	0
103	17	0
103	18	0
103	19	0
103	20	0
103	21	0
103	22	0
103	23	0
103	24	0
103	25	0
103	26	0
103	27	0
103	28	0
103	29	0
103	30	0
103	31	0
103	32	0
103	33	0
103	34	0
103	35	0
103	36	0
103	37	0
103	38	0
103	39	0
103	40	0
103	41	0.394
103	42	0
104	0	0
104	1	0
104	2	0
104	3	0
104	4	0
104	5	0
104	6	0
104	7	0
104	8	0
104	9	0
104	10	0
104	11	0
104	12	0
104	13	0
104	14	0
104	15	0
104	16	0
104	17	0
104	18	0
104	19	0
104	20	0
104	21	0
104	22	0
104	23	0
104	24	0
104	25	0
104	26	0
104	27	0
104	28	0
104	29	0
104	31	0
104	32	0
104	33	0
104	34	0
104	35	0
104	36	0
104	37	0
104	38	0
104	39	0
104	40	0
104	41	0
104	42	0
105	0	0.074
105	1	0.13
105	2	0.136
105	3	0.071
105	4	0
105	5	0
105	6	0
105	7	0
105	8	0
105	9	0
105	10	0
105	11	0
105	12	0
105	13	0
105	14	0
105	15	0
105	16	0
105	17	0
105	18	0
105	19	0
105	20	0
105	21	0
105	22	0
105	23	0
105	24	0
105	25	0
105	26	0
105	27	0
105	28	0
105	29	0
105	30	0
105	31	0
105	32	0
105	33	0
105	34	0
105	35	0
105	36	0
105	37	0
105	38	0
105	39	0
105	40	0
105	41	0
105	42	0
106	0	0.033
106	1	0.038
106	2	0
106	3	0.013
106	4	0.017
106	5	0
106	6	0
106	7	0
106	8	0
106	9	0
106	10	0
106	11	0
106	12	0
106	13	0
106	14	0
106	15	0
106	16	0
106	17	0
106	18	0
106	19	0
106	20	0
106	21	0
106	22	0
106	23	0
106	24	0
106	25	0
106	26	0
106	27	0
106	28	0
106	29	0
106	30	0
106	31	0
106	32	0
106	33	0
106	34	0
106	35	0
106	36	0
106	37	0
106	38	0
106	39	0
106	40	0
106	41	0.036
106	42	0
107	41	1
108	0	0.039
108	1	0.026
108	2	0.053
108	3	0.044
108	4	0.021
108	5	0
108	6	0
108	7	0
108	8	0
108	9	0
108	10	0
108	11	0.031
108	12	0
108	13	0
108	14	0
108	15	0
108	16	0
108	17	0
108	18	0
108	19	0
108	20	0
108	21	0.137
108	22	0
108	23	0
108	24	0
108	25	0
108	26	0
108	27	0
108	28	0
108	29	0
108	30	0
108	31	0
108	32	0
108	33	0
108	34	0
108	35	0.5
108	36	0
108	37	0.04
108	38	0
108	39	0
108	40	0.037
108	41	0.012
109	0	0.051
109	1	0.281
109	2	0.25
109	3	0.08
109	4	0.105
109	5	0
109	6	0
109	7	0
109	8	0
109	9	0.2
109	10	0.238
109	11	0
109	12	0
109	13	0
109	14	0.083
109	15	0.071
109	16	0
109	17	0
109	18	0.143
109	19	0
109	20	0.067
109	21	0.125
109	22	0
109	23	0
109	24	0
109	25	0
109	26	0
109	27	0
109	28	0
109	29	0
109	30	0
109	31	0
109	32	0
109	33	0
109	34	0
109	35	0.333
109	36	0
109	37	0
109	38	0.1
109	39	0
109	40	0.143
109	41	0.097
109	42	0.4
110	0	0
110	1	0
110	2	0
110	3	0.054
110	4	0
110	5	0
110	6	0
110	7	0
110	8	0
110	9	0
110	10	0
110	11	0
110	12	0
110	13	0
110	14	0
110	15	0
110	16	0
110	17	0
110	18	0
110	19	0
110	20	0
110	21	0
110	22	0
110	23	0
110	24	0
110	25	0
110	26	0
110	27	0
110	28	0
110	29	0
110	30	0
110	31	0
110	32	0
110	33	0
110	34	0
110	35	0
110	36	0
110	37	0
110	38	0
110	39	0
110	40	0
110	41	0.04
110	42	0
111	0	0.068
111	1	0.167
111	2	0.057
111	3	0.063
111	4	0.032
111	5	0
111	6	0
111	7	0
111	8	0
111	9	0.056
111	10	0.192
111	11	0
111	12	0
111	13	0
111	14	0.059
111	15	0.067
111	16	0
111	17	0
111	18	0.056
111	19	0
111	20	0.077
111	21	0.182
111	22	0
111	23	0
111	24	0
111	25	0
111	26	0
111	27	0
111	28	0
111	29	0
111	30	0
111	31	0
111	32	0
111	33	0
111	34	0
111	35	0
111	36	0
111	37	0
111	38	0
111	39	0
111	40	0
111	41	0.065
111	42	0.16
112	0	0
112	1	0
112	2	0.029
112	3	0.043
112	4	0
112	5	0
112	6	0
112	7	0
112	8	0
112	9	0
112	10	0
112	11	0
112	12	0
112	13	0
112	14	0
112	15	0
112	16	0
112	17	0
112	18	0
112	19	0
112	20	0
112	21	0
112	22	0.029
112	24	0
112	25	0
112	26	0
112	27	0
112	28	0
112	29	0
112	30	0
112	31	0
112	32	0
112	33	0.029
112	34	0
112	35	0
112	36	0
112	37	0
112	38	0
112	39	0
112	40	0
112	41	0
112	42	0
113	0	0.06
113	1	0.13
113	2	0.115
113	3	0.067
113	4	0.036
113	5	0
113	6	0
113	7	0
113	8	0.111
113	9	0
113	10	0
113	11	0
113	12	0.125
113	13	0.071
113	14	0
113	15	0.071
113	16	0.077
113	17	0
113	18	0.071
113	19	0
113	20	0.13
113	21	0.133
113	22	0
113	23	0
113	24	0
113	25	0
113	26	0.062
113	27	0
113	28	0.125
113	29	0
113	30	0
113	31	0.111
113	32	0
113	33	0
113	34	0
113	35	0
113	36	0
113	37	0
113	38	0
113	39	0
113	40	0
113	41	0.615
114	0	0
114	1	0
114	2	0
114	3	0
114	4	0
114	5	0
114	6	0
114	7	0
114	8	0
114	9	0
114	10	0
114	11	0
114	12	0
114	13	0
114	14	0
114	15	0
114	16	0
114	17	0
114	18	0
114	19	0
114	20	0
114	21	0
114	22	0
114	23	0
114	24	0
114	25	0
114	26	0
114	27	0
114	28	0
114	29	0
114	30	0
114	31	0
114	32	0
114	33	0
114	34	0
114	35	0
114	36	0
114	37	0
114	38	0
114	39	0
114	40	0
114	41	0.251
114	42	0.19
115	0	0.029
115	1	0.06
115	2	0.047
115	3	0.037
115	4	0
115	5	0.032
115	6	0
115	7	0
115	8	0.048
115	9	0
115	10	0
115	11	0
115	12	0.062
115	13	0.048
115	14	0
115	15	0.028
115	16	0.1
115	17	0
115	18	0.037
115	19	0
115	20	0.029
115	21	0.031
115	22	0.067
115	23	0
115	24	0
115	25	0
115	26	0.032
115	27	0
115	28	0.087
115	29	0
115	30	0
115	31	0
115	32	0.05
115	33	0
115	34	0
115	35	0
115	36	0
115	37	0
115	38	0
115	39	0
115	40	0
115	41	0.233
115	42	0.571
116	0	0.057
116	1	0.121
116	2	0.1
116	3	0.095
116	4	0
116	5	0.059
116	6	0.2
116	7	0.5
116	8	0.222
116	9	0.111
116	10	0.25
116	11	0.636
116	12	0
116	13	0.286
116	14	0.2
116	15	0.364
116	16	0
116	17	0
116	18	0.2
116	19	0.5
116	20	0.188
116	21	0.182
116	22	0
116	23	0
116	24	0
116	25	0
116	26	0.118
116	27	0
116	28	0.143
116	29	0.2
116	30	0
116	31	0
116	32	0.118
116	33	0
116	34	0.1
116	35	0
116	36	0
116	37	0.111
116	38	0.083
116	39	0.125
116	40	0.059
116	41	0.497
116	42	0.575
117	0	0.012
117	1	0.095
117	2	0.07
117	3	0
117	4	0.152
117	5	0
117	6	0
117	7	0.083
117	8	0
117	9	0.048
117	10	0.077
117	11	0
117	12	0
117	13	0
117	14	0
117	15	0
117	16	0
117	17	0
117	18	0
117	19	0
117	20	0.04
117	21	0.045
117	22	0
117	23	0
117	24	0
117	25	0
117	26	0
117	27	0.091
117	28	0.143
117	29	0
117	30	0
117	31	0.125
117	32	0
117	33	0
117	34	0.111
117	35	0
117	36	0
117	37	0
117	38	0.091
117	39	0
117	40	0.087
117	41	0.383
117	42	0.138
118	0	0.045
118	1	0.176
118	2	0.111
118	3	0.077
118	4	0.182
118	5	0.429
118	6	0
118	7	0
118	8	0
118	9	0
118	10	0.5
118	11	0
118	12	0.667
118	13	0
118	14	0.333
118	15	0
118	16	0.333
118	17	0
118	18	0.333
118	19	0
118	20	0.143
118	21	0
118	22	0
118	23	0
118	25	0
118	26	0
118	27	0.5
118	28	0
118	29	0.167
118	31	0
118	32	0.2
118	33	0
118	34	0.25
118	37	0.167
118	38	0
118	40	0.4
118	41	0.359
118	42	0
119	0	0
119	1	0
119	2	0
119	3	0
119	4	0
119	5	0
119	6	0
119	7	0
119	8	0
119	9	0
119	10	0
119	11	0
119	12	0
119	13	0
119	14	0
119	15	0
119	16	0
119	17	0
119	18	0
119	19	0
119	20	0
119	21	0
119	22	0
119	23	0
119	24	0
119	26	0
119	27	0
119	28	0
119	29	0
119	30	0
119	31	0
119	32	0
119	33	0
119	34	0
119	35	0
119	36	0
119	37	0
119	38	0
119	39	0
119	40	0
119	41	0.333
119	42	0.167
120	0	0.022
120	1	0.053
120	2	0.082
120	3	0.023
120	4	0.015
120	5	0.123
120	6	0
120	7	0
120	8	0
120	9	0
120	10	0.053
120	11	0.032
120	12	0
120	13	0.037
120	14	0
120	15	0.023
120	16	0.048
120	17	0
120	18	0.023
120	19	0
120	20	0.02
120	21	0
120	22	0
120	23	0
120	24	0
120	25	0
120	26	0
120	27	0.1
120	28	0
120	29	0.023
120	30	0
120	31	0
120	32	0.031
120	33	0
120	34	0
120	35	0.091
120	36	0
120	37	0
120	38	0.04
120	39	0
120	40	0.048
120	41	0.267
120	42	0.233
122	0	0
122	1	0
122	2	0
122	3	0
122	4	0
122	5	0
122	6	0
122	7	0
122	8	0
122	9	0
122	10	0
122	11	0
122	12	0
122	13	0
122	14	0
122	15	0
122	16	0
122	17	0
122	18	0
122	19	0
122	20	0
122	21	0
122	22	0
122	23	0
122	24	0
122	25	0
122	26	0
122	27	0
122	28	0
122	29	0
122	30	0
122	31	0
122	32	0
122	33	0
122	34	0
122	36	0
122	37	0
122	38	0
122	39	0
122	40	0
122	41	0.34
123	0	0.043
123	1	0.05
123	2	0
123	3	0.037
123	4	0.03
123	5	0
123	6	0
123	7	0
123	8	0
123	9	0
123	10	0
123	11	0.036
123	12	0
123	13	0
123	14	0
123	15	0.048
123	16	0
123	17	0
123	18	0
123	19	0
123	20	0
123	21	0
123	22	0.023
123	24	0
123	25	0
123	26	0.062
123	28	0
123	29	0.095
123	31	0
123	32	0.077
123	33	0
123	34	0
123	35	0
123	36	0.125
123	37	0.062
123	38	0
123	39	0
123	40	0.071
123	41	0.233
123	42	0.125
124	0	0.022
124	1	0
124	2	0
124	3	0
124	4	0
124	5	0
124	6	0
124	7	0
124	8	0
124	9	0
124	10	0.024
124	11	0
124	12	0
124	13	0
124	14	0
124	15	0.042
124	16	0
124	17	0
124	18	0
124	19	0
124	20	0
124	21	0
124	22	0
124	23	0
124	24	0
124	25	0
124	26	0.05
124	27	0
124	28	0
124	29	0.067
124	30	0
124	31	0
124	32	0.038
124	33	0
124	34	0
124	35	0
124	36	0.2
124	37	0.033
124	38	0
124	39	0
124	40	0.143
124	41	0.063
124	42	0.267
125	0	0
125	1	0.012
125	2	0
125	3	0
125	4	0.043
125	5	0.069
125	6	0
125	7	0
125	8	0
125	9	0
125	10	0
125	11	0
125	12	0
125	13	0
125	14	0
125	15	0
125	16	0
125	17	0
125	18	0
125	19	0
125	20	0
125	21	0
125	22	0
125	23	0
125	24	0
125	25	0
125	26	0
125	27	0
125	28	0
125	29	0
125	30	0
125	31	0
125	32	0
125	33	0
125	34	0
125	35	0
125	36	0
125	37	0
125	38	0
125	39	0
125	40	0
125	41	0.1
125	42	0
126	3	0.667
126	4	0
126	5	0
126	7	0
126	9	0
126	11	0
126	13	0
126	14	0
126	16	0
126	18	0
126	20	0
126	21	0.167
127	0	0
127	1	0
127	2	0
127	3	0
127	4	0
127	5	0
127	6	0
127	7	0
127	8	0
127	9	0
127	10	0.071
127	11	0
127	12	0
127	13	0
127	14	0
127	15	0
127	16	0
127	17	0
127	18	0
127	19	0
127	20	0
127	21	0
127	22	0
127	23	0
127	24	0
127	25	0
127	26	0
127	27	0
127	28	0
127	29	0
127	30	0
127	31	0
127	32	0
127	33	0
127	35	0
127	36	0
127	37	0
127	38	0
127	39	0
127	40	0
127	41	0.038
127	42	0
128	0	0
128	1	0.024
128	2	0
128	3	0
128	4	0
128	5	0
128	6	0
128	7	0
128	8	0
128	9	0
128	10	0.023
128	11	0
128	12	0
128	13	0
128	14	0
128	15	0
128	16	0
128	17	0
128	18	0
128	19	0
128	20	0
128	21	0
128	22	0.071
128	23	0
128	24	0
128	25	0
128	26	0
128	27	0
128	28	0
128	29	0
128	30	0
128	31	0
128	32	0
128	33	0
128	34	0
128	35	0
128	36	0
128	37	0
128	38	0
128	39	0
128	40	0.067
128	41	0.148
128	42	0
129	0	0.048
129	1	0.029
129	2	0.042
129	3	0.052
129	4	0.048
129	5	0.062
129	6	0
129	7	0
129	8	0.056
129	9	0
129	10	0.139
129	11	0.087
129	12	0
129	13	0.071
129	14	0.034
129	15	0.062
129	16	0
129	17	0
129	18	0.062
129	19	0
129	20	0.088
129	21	0.048
129	22	0.083
129	23	0
129	24	0
129	25	0
129	26	0
129	27	0.1
129	28	0.125
129	29	0
129	30	0
129	31	0.167
129	32	0.04
129	33	0
129	34	0
129	35	0
129	36	0
129	37	0
129	38	0.062
129	39	0
129	40	0.067
129	41	0.155
129	42	0
130	0	0
130	1	0
130	2	0
130	3	0
130	4	0
130	5	0
130	6	0
130	7	0
130	8	0
130	9	0
130	10	0
130	11	0
130	12	0
130	13	0
130	14	0
130	15	0
130	16	0
130	17	0
130	18	0
130	19	0
130	20	0
130	21	0
130	22	0
130	24	0
130	25	0
130	26	0
130	27	0
130	28	0
130	29	0
130	30	0
130	31	0
130	32	0
130	33	0
130	34	0
130	35	0
130	36	0
130	37	0
130	38	0
130	39	0
130	40	0.182
130	41	0.096
130	42	0
131	0	0.209
131	1	0.222
131	2	0.185
131	3	0.111
131	4	0.227
131	5	0.175
131	6	0
131	7	0
131	8	0.083
131	9	0
131	10	0.226
131	11	0.5
131	12	0.273
131	13	0.286
131	14	0.214
131	15	0.167
131	16	0.286
131	17	0.2
131	18	0.143
131	19	0.125
131	20	0.091
131	21	0.071
131	22	0.2
131	24	0
131	25	0
131	26	0
131	27	0.333
131	28	0.25
131	29	0.059
131	30	0
131	31	0.167
131	32	0.091
131	33	0
131	34	0
131	35	0
131	36	0
131	37	0.067
131	38	0
131	39	0.167
131	40	0
131	41	0.178
132	0	0
132	1	0
132	2	0
132	3	0
132	4	0
132	5	0
132	6	0
132	7	0
132	8	0
132	9	0
132	10	0
132	11	0
132	12	0
132	13	0
132	14	0
132	15	0
132	16	0
132	17	0
132	18	0
132	19	0
132	20	0
132	21	0
132	22	0
132	23	0
132	24	0
132	25	0
132	26	0
132	27	0.057
132	28	0
132	29	0
132	31	0
132	32	0
132	33	0
132	34	0
132	35	0
132	36	0
132	37	0
132	38	0
132	39	0
132	40	0
132	41	0.065
132	42	0
133	0	0.198
133	1	0.148
133	2	0
133	3	0
133	4	0
133	5	0
133	6	0
133	7	0
133	8	0
133	9	0
133	10	0
133	11	0
133	12	0
133	13	0
133	14	0.032
133	15	0
133	16	0
133	17	0
133	18	0
133	19	0
133	20	0
133	21	0
133	22	0
133	23	0
133	24	0
133	25	0
133	26	0
133	27	0
133	28	0
133	29	0
133	30	0
133	31	0
133	32	0
133	33	0
133	34	0
133	35	0
133	36	0
133	37	0
133	38	0
133	39	0
133	40	0
133	41	0.059
133	42	0.68
134	0	0
134	1	0
134	2	0
134	3	0.033
134	4	0
134	5	0
134	6	0
134	7	0
134	8	0
134	9	0
134	10	0.061
134	11	0
134	12	0
134	13	0
134	14	0
134	15	0
134	16	0
134	17	0
134	18	0
134	19	0
134	20	0.071
134	21	0
134	22	0
134	23	0
134	24	0
134	25	0
134	26	0
134	28	0
134	29	0
134	31	0
134	32	0
134	33	0
134	34	0
134	36	0
134	37	0
134	38	0
134	39	0
134	40	0
134	41	0.119
134	42	0.176
135	0	0
135	1	0.062
135	2	0.018
135	3	0
135	4	0.04
135	5	0.175
135	6	0
135	7	0
135	8	0
135	9	0
135	10	0.022
135	11	0.037
135	12	0
135	13	0.048
135	14	0.038
135	15	0.042
135	16	0
135	17	0
135	18	0.042
135	19	0
135	20	0.054
135	21	0.04
135	22	0.167
135	23	0
135	24	0
135	25	0
135	26	0
135	27	0
135	28	0.067
135	29	0.036
135	30	0
135	31	0
135	32	0
135	33	0
135	34	0
135	35	0
135	36	0
135	37	0
135	38	0
135	39	0
135	40	0
135	41	0.1
135	42	0.062
136	0	0.329
136	1	0.176
136	2	0.049
136	3	0
136	4	0.074
136	5	0.08
136	6	0
136	7	0
136	8	0
136	9	0
136	10	0.034
136	11	0.067
136	12	0.1
136	13	0.053
136	14	0.087
136	15	0
136	16	0
136	17	0
136	18	0.04
136	19	0.077
136	20	0.05
136	21	0.043
136	22	0
136	23	0
136	24	0
136	25	0
136	26	0
136	27	0
136	28	0
136	29	0.083
136	30	0
136	31	0
136	32	0
136	33	0
136	34	0
136	35	0
136	36	0
136	37	0
136	38	0.222
136	39	0
136	40	0.083
136	41	0.322
136	42	0.31
137	0	0
137	1	0
137	2	0
137	3	0
137	4	0
137	5	0
137	6	0
137	7	0
137	8	0
137	9	0
137	10	0
137	11	0
137	12	0
137	13	0
137	14	0
137	15	0
137	16	0
137	17	0
137	18	0
137	19	0
137	20	0
137	21	0
137	22	0
137	24	0
137	25	0
137	26	0
137	27	0
137	28	0
137	29	0
137	30	0
137	31	0
137	32	0
137	33	0
137	34	0
137	35	0
137	36	0
137	37	0
137	38	0
137	39	0
137	40	0
137	41	0
139	0	0.037
139	1	0
139	2	0.023
139	3	0.068
139	4	0.067
139	5	0.314
139	6	0
139	7	0
139	8	0.062
139	9	0
139	10	0.095
139	11	0.125
139	12	0
139	13	0.143
139	14	0.143
139	15	0.143
139	16	0.143
139	17	0.111
139	18	0.05
139	19	0.286
139	20	0.2
139	21	0.125
139	22	0
139	23	0
139	24	0
139	25	0
139	26	0.05
139	27	0
139	28	0
139	29	0.087
139	30	0
139	31	0
139	32	0.071
139	33	0
139	34	0
139	35	0
139	36	0
139	37	0
139	38	0.077
139	39	0
139	40	0
139	41	0.193
140	0	0.103
140	1	0.123
140	2	0.098
140	3	0.078
140	4	0.118
140	5	0.314
140	6	0
140	7	0
140	8	0
140	9	0
140	10	0.182
140	11	0
140	12	0.167
140	13	0
140	14	0.095
140	15	0.125
140	16	0.059
140	17	0
140	18	0.05
140	19	0
140	20	0.036
140	21	0.125
140	22	0
140	23	0
140	24	0
140	25	0.083
140	26	0.053
140	27	0
140	28	0
140	29	0.056
140	31	0
140	32	0
140	33	0.25
140	34	0
140	35	0
140	36	0
140	37	0
140	38	0.111
140	39	0
140	40	0
140	41	0.177
140	42	0
142	0	0.12
142	1	0.048
142	2	0
142	3	0
142	4	0
142	5	0
142	6	0
142	7	0
142	8	0
142	9	0
142	10	0.062
142	11	0
142	12	0.25
142	13	0.143
142	14	0.125
142	15	0
142	16	0
142	17	0
142	18	0.143
142	19	0
142	20	0.143
142	21	0.125
142	22	0
142	23	0
142	24	0
142	25	0
142	26	0
142	27	0
142	28	0
142	29	0
142	30	0
142	31	0
142	32	0
142	33	0
142	34	0
142	35	0
142	36	0
142	37	0
142	38	0
142	39	0
142	40	0
142	41	0.07
142	42	0
