"time"	"distance"	"value"
36	0	0.359
36	1	0.444
36	2	0.2
36	3	0
36	4	0
36	5	0
36	6	0
36	7	0
36	8	0
36	9	0.5
36	10	0.333
36	11	0.25
36	12	0.2
36	13	0.333
36	14	0.333
36	15	0.429
36	16	0.364
36	17	0.158
36	35	0
37	0	0.2
37	1	0.476
37	2	0.2
37	3	0
37	4	0
37	5	0.25
37	6	0.25
37	7	0
37	8	0.167
37	9	0.4
37	10	0.5
37	11	0.2
37	17	0.522
37	18	0
37	19	0
37	20	0.5
37	21	0
37	22	0
37	23	0.333
37	24	0.143
37	25	0
37	26	0.2
37	27	0.333
37	28	0
37	29	0
37	30	0
37	31	0
37	32	0
37	33	0.2
37	34	0.286
37	35	0
38	11	0.75
38	12	0.444
38	13	0.462
38	14	0.5
38	15	0.75
38	16	0.438
38	17	0.154
38	18	0.5
38	19	0
38	20	0.333
38	21	0.167
38	22	0.125
38	23	0.2
38	24	0.143
38	25	0
38	26	0.25
38	27	0.5
38	28	0.143
38	29	0
38	30	0
38	31	0
38	32	0
38	33	0
38	34	0
38	35	0
39	0	0.517
39	1	0.816
39	2	0.5
39	3	0.308
39	4	0.333
39	5	0.143
39	6	0.571
39	7	0.273
39	8	0.438
39	9	0.444
39	10	0.625
39	11	0.364
39	35	0
40	11	0.444
40	12	0.609
40	13	0.75
40	14	0.682
40	15	0.75
40	16	0.816
40	17	0.5
40	18	0.25
41	18	0.385
41	19	0.111
41	20	0.056
41	21	0.273
41	22	0.312
41	23	0.267
41	24	0.167
41	25	0
41	26	0.28
41	27	0.6
41	28	0
41	29	0
41	30	0
41	31	0
41	32	0
42	0	0.412
42	1	0.355
42	2	0.375
42	32	0.125
42	33	0.133
42	34	0.125
42	35	0.054
43	2	0.5
43	3	0.455
43	4	0.25
43	5	0.25
43	6	0.125
43	7	0.2
43	8	0.333
43	9	0.429
43	10	0.5
43	11	0.545
43	12	0.667
43	13	0.526
43	14	0.667
43	15	0.85
43	16	0.722
43	17	0.533
43	18	0.286
43	19	0.25
43	20	0.1
43	21	0.6
43	22	0.222
43	23	0.3
43	24	0
43	25	0
43	26	0.182
43	27	0.2
43	28	0
44	0	0.727
44	1	0.545
44	2	0.333
44	3	0.333
44	4	0.333
44	5	1
44	6	0.5
44	7	0.667
44	8	1
44	9	0.667
44	10	0.75
44	11	1
44	12	0.9
44	13	0.8
44	14	0.8
44	15	1
44	16	0.667
44	17	0.4
44	18	0.1
44	19	0
44	20	0.2
44	21	0
44	22	0.4
44	23	0
44	24	0.143
44	25	0
44	28	0
44	29	0
44	30	0
44	31	0
44	32	0
44	33	0.222
44	34	0.156
44	35	0
45	0	0.324
45	1	0.191
45	2	0.105
45	3	0
45	4	0
45	5	0
45	6	0
45	26	0
45	27	0.286
45	28	0
45	29	0
45	30	0
45	31	0
45	32	0.4
45	33	0.143
45	34	0.467
45	35	0
46	6	0
46	7	0
46	8	0.062
46	9	0
46	10	0.111
46	11	0.053
46	12	0.111
46	13	0.189
46	14	0
46	15	0.343
46	16	0.103
46	17	0.103
46	18	0
47	18	0
47	19	0
47	20	0
47	21	0
47	22	0
47	23	0.059
47	24	0.048
47	25	0
47	26	0.087
47	27	0.174
47	28	0
47	29	0
47	30	0
47	31	0
47	32	0
47	33	0.267
47	34	0.833
48	0	0.667
48	1	0.567
48	2	0.333
48	3	0.143
48	4	0
48	5	0
48	6	0.167
48	7	0.333
48	8	0.25
48	9	0.2
48	10	1
48	11	0
48	12	0.444
48	13	0.25
48	14	0.25
48	15	0.444
48	16	0.25
48	17	0.333
48	18	0
48	19	0
48	20	0
48	21	0
48	22	0
48	23	0
48	24	0
48	25	0
48	26	0.4
48	27	0.143
48	28	0
48	29	0
48	30	0
48	31	0
48	32	0
48	34	0.196
48	35	0
49	0	0.488
49	1	0.468
49	2	0.154
49	3	0.182
49	4	0
49	5	0
49	6	0.133
49	7	0.333
49	8	0.167
49	9	0.25
49	10	0.2
49	11	0.2
49	12	0.333
49	13	0.375
49	14	0.4
49	15	0.375
49	16	0.333
49	17	0.333
49	18	0
49	19	0
49	20	0
49	21	0
49	22	0
49	23	0
49	24	0
49	25	0
49	26	0.4
49	27	0
49	28	0
49	29	0
49	30	0
49	31	0
49	32	0
49	33	0
49	34	0
50	0	0.429
50	1	0.636
50	2	0.4
50	3	0.2
50	4	0.25
50	5	0
50	6	0.167
50	7	0.5
50	8	0
50	9	0
50	10	0
50	11	0.176
50	12	0.214
50	13	0.25
50	14	0.167
50	15	0.444
50	16	0.118
50	17	0.154
50	18	0
50	19	0
50	20	0
50	21	0
50	22	0
50	23	0.143
50	24	0
50	25	0
50	26	0.3
50	27	0.583
50	28	0.167
50	29	0
50	30	0
50	31	0
50	32	0
50	33	0.429
50	34	0.2
51	0	0.643
51	1	0.872
51	2	0.667
51	3	0.636
51	4	0.467
51	5	0.179
51	12	0
51	13	0
51	14	0.125
51	15	0
51	16	0.231
51	17	0
51	18	0
51	19	0
51	20	0
51	21	0
51	22	0
51	23	0
51	24	0
51	25	0
51	26	0
51	27	0
51	28	0
51	29	0
51	30	0
51	31	0
51	32	0
51	33	0
51	34	0
52	5	0.25
52	6	0.583
52	7	0.375
52	8	0.625
52	9	0.5
52	10	0.75
52	11	0.833
52	12	0.684
52	13	0.708
52	14	0.789
52	15	0.81
52	16	0.667
52	17	0.476
52	18	0.529
52	19	0.111
52	20	0.267
52	21	0.429
52	22	0.455
52	23	0.444
52	24	0
52	25	0
52	26	0.182
52	27	0.538
52	28	0
53	0	0.032
53	1	0.206
53	2	0.111
53	3	0.071
53	4	0.077
53	5	0.167
53	6	0.056
53	7	0
53	8	0.143
53	9	0.167
53	10	0.143
53	11	0.263
53	12	0.259
53	13	0.242
53	14	0.28
53	15	0.185
53	16	0.261
53	17	0
53	18	0.059
53	19	0
53	20	0
53	21	0
53	22	0
53	23	0
53	24	0
53	25	0
53	26	0.037
53	27	0
53	28	0
53	29	0
53	30	0
53	31	0
53	32	0.111
53	33	0.455
53	34	0.333
54	0	0.182
54	1	0.209
54	2	0.136
54	3	0.105
54	4	0.062
54	5	0.182
54	6	0.08
54	7	0.071
54	8	0.118
54	9	0.091
54	10	0.222
54	11	0.067
54	12	0.189
54	13	0.189
54	14	0.133
54	15	0.4
54	16	0.667
54	17	0.667
54	18	0.25
54	19	0
54	20	0
54	21	0
54	22	0.25
54	23	0
54	24	0.167
54	25	0
54	26	0
54	27	0
54	28	0
54	29	0
54	30	0
54	31	0
54	32	0.042
54	33	0.192
54	34	0.289
54	35	0.044
55	0	0.392
55	1	0.532
55	2	0.417
55	3	0.308
55	4	0.25
55	5	0.4
55	6	0.125
55	7	0.182
55	8	0.417
55	9	0.333
55	10	0.333
55	11	0.533
55	12	0.286
55	13	0.2
55	14	0.143
55	15	0.1
55	16	0.136
55	17	0.14
55	18	0.062
55	19	0
55	20	0.056
55	21	0.071
55	22	0
55	23	0
55	24	0
55	25	0
55	26	0.087
55	27	0.083
55	28	0
55	29	0
55	30	0
55	31	0
55	32	0
55	33	0.19
55	34	0.2
55	35	0.091
56	0	0.133
56	4	0.222
56	5	0.143
56	6	0.333
56	7	0.222
56	8	0.278
56	9	0.25
56	10	0.375
56	11	0.385
56	12	0.711
56	13	0.63
56	14	0.643
56	15	0.581
56	16	0.467
56	17	0.278
56	18	0.385
56	19	0.222
56	20	0.232
56	21	0.316
56	22	0.55
56	23	0.273
56	24	0.333
56	25	0.045
56	26	0.148
56	27	0.139
56	28	0.056
56	29	0
56	30	0.045
56	31	0.154
56	32	0.118
56	33	0.368
56	34	0.414
56	35	0.087
57	0	0.233
57	1	0.393
57	2	0.216
57	3	0.083
57	4	0.05
57	5	0.278
57	6	0.115
57	7	0.167
57	8	0.16
57	9	0.294
57	10	0.2
57	11	0.257
57	12	0.438
57	13	0.34
57	14	0.359
57	15	0.514
57	16	0.514
57	17	0.133
57	18	0.083
57	19	0
57	20	0.043
57	21	0
57	22	0
57	23	0
57	24	0
57	25	0
57	26	0
57	27	0
57	28	0
57	29	0
57	30	0
57	31	0
57	32	0
57	33	0
57	34	0.6
58	0	0.222
58	1	0.217
58	2	0.143
58	3	0.095
58	4	0.351
58	5	0.154
58	6	0.227
58	7	0.25
58	8	0.278
58	9	0.263
58	10	0.375
58	11	0.25
58	12	0.275
58	13	0.395
58	14	0.359
58	15	0.355
58	16	0.321
58	17	0.278
58	18	0.08
58	19	0
58	20	0.167
58	21	0.143
58	22	0.111
58	23	0.062
58	24	0.1
58	25	0
58	26	0.235
58	27	0.4
58	28	0.125
58	29	0
58	30	0
58	31	0
58	32	0.1
58	33	0.583
58	34	0.119
59	0	0.288
59	1	0.326
59	2	0.229
59	3	0.156
59	4	0.194
59	5	0.158
59	6	0.175
59	7	0.125
59	8	0.111
59	9	0.2
59	10	0.125
59	11	0.188
59	12	0.429
59	13	0.308
59	14	0.269
59	15	1
59	16	0
59	17	0
59	20	0
59	22	0
59	23	0.059
59	24	0
59	25	0
59	26	0.04
59	27	0.259
59	28	0
59	29	0
59	30	0
59	31	0
59	32	0.043
59	33	0.2
59	34	0.286
59	35	0.061
60	6	0
60	7	0.059
60	8	0.087
60	9	0.048
60	10	0
60	11	0.243
60	12	0.432
60	13	0.488
60	14	0.475
60	15	0.302
60	16	0.391
60	17	0.214
60	18	0.154
60	19	0
60	20	0.061
60	21	0.12
60	22	0.111
60	23	0.097
60	24	0.032
60	25	0
60	26	0.119
60	27	0.205
60	28	0
60	29	0
60	30	0
60	31	0
60	32	0
60	33	0.083
60	34	0.105
61	0	0.353
61	1	0.355
61	2	0.308
61	3	0.095
61	4	0.111
61	5	0.111
61	6	0.056
61	7	0.214
61	8	0.211
61	9	0.188
61	10	0.3
61	11	0.348
61	12	0.441
61	13	0.467
61	14	0.464
61	15	0.5
61	16	0.469
61	17	0.071
61	18	0.143
61	19	0.2
61	20	0.2
61	21	0.5
61	22	0.273
61	23	0.167
61	24	0
61	25	0
61	26	0.071
61	27	0.429
61	28	0.04
61	29	0
61	30	0
61	31	0
61	32	0
61	33	0.062
61	34	0.152
61	35	0.019
62	0	0.187
62	1	0.416
62	2	0.143
62	3	0.222
62	4	0.059
62	5	0.167
62	6	0.059
62	7	0.25
62	8	0.111
62	9	0.083
62	10	0.125
62	11	0.05
62	12	0.125
62	13	0.25
62	14	0.125
62	15	0.25
62	16	0.25
62	17	0
62	18	0
62	19	0
62	20	0.062
62	21	0
62	22	0
62	23	0.059
62	24	0
62	25	0
62	26	0.259
62	27	0.227
62	28	0
62	29	0
62	30	0
62	31	0
62	32	0.091
62	33	0.235
62	34	0.209
62	35	0
63	3	0
63	4	0.136
63	5	0.222
63	6	0.19
63	7	0.083
63	8	0.048
63	9	0.133
63	10	0.286
63	11	0.333
63	12	0.469
63	13	0.553
63	14	0.356
63	15	0.306
63	16	0.255
63	17	0.125
63	18	0.073
63	19	0
63	20	0.071
63	21	0.13
63	22	0.083
63	23	0.061
63	24	0
63	25	0
63	26	0.049
63	27	0.244
63	28	0.044
63	29	0
63	30	0
63	31	0
63	32	0
63	33	0
63	34	0.321
63	35	0.017
64	0	0.203
64	1	0.302
64	2	0.083
64	3	0
64	4	0.077
64	5	0.111
64	6	0.143
64	7	0.167
64	8	0.125
64	9	0
64	10	0.286
64	11	0.312
64	12	0.278
64	13	0.308
64	14	0.4
64	15	0.412
64	16	0.312
64	17	0.417
64	18	0.15
64	19	0
64	20	0.083
64	21	0
64	22	0
64	23	0
64	24	0
64	25	0
64	26	0.125
64	27	0.2
64	28	0
64	29	0
64	30	0
64	31	0
64	32	0
64	33	0.333
64	34	0.41
64	35	0.081
65	0	0.333
65	1	0.41
65	2	0.35
65	3	0.129
65	4	0.219
65	5	0.143
65	6	0.37
65	7	0.13
65	8	0.161
65	9	0.24
65	10	0.167
65	11	0.34
65	12	0.348
65	13	0.328
65	14	0.333
65	15	0.267
65	16	0.324
65	17	0.182
65	21	0.5
65	22	0.167
65	23	0.25
65	24	0
65	25	0
65	26	0
65	27	0
65	28	0
65	29	0
65	30	0
65	31	0
65	32	0
65	33	0
65	34	0.15
65	35	0
66	0	0.237
66	1	0.333
66	2	0.316
66	3	0
66	4	0
66	6	1
66	7	1
66	9	1
66	10	1
66	11	1
66	12	0.5
66	13	0.426
66	14	0.529
66	15	0.533
66	16	0.267
66	17	0.139
66	18	0.086
66	19	0.067
66	20	0.03
66	21	0.038
66	22	0.174
66	23	0.156
66	24	0.04
66	25	0
66	26	0.226
66	27	0.229
66	28	0
66	29	0
66	30	0
66	31	0
66	32	0.095
66	33	0.632
66	34	0.292
66	35	0
67	0	0.588
67	1	0.75
67	2	0.625
67	3	0.5
67	4	0.417
67	5	0.333
67	6	0.394
67	7	0.312
67	8	0.4
67	9	0.211
67	10	0.462
67	11	0.425
67	12	0.545
67	13	0.742
67	14	0.545
67	15	0.688
67	16	0.553
67	17	0.235
67	18	0.067
67	19	0
67	20	0
67	21	0
67	22	0
67	23	0
67	24	0
67	25	0
67	26	0
67	27	0
67	28	0.071
67	29	0
67	30	0
67	31	0
67	32	0
67	33	0
67	34	0.167
67	35	0.08
68	0	0.328
68	1	0.438
68	2	0.429
68	3	0.188
68	4	0.273
68	5	0.167
68	6	0.167
68	7	0.125
68	8	0.263
68	9	0.25
68	10	0.077
68	11	0.292
68	12	0.273
68	13	0.571
68	14	0.273
68	15	0.556
68	16	0.333
68	17	0
68	18	0.143
68	19	0
68	20	0.235
68	21	0.417
68	22	0.316
68	23	0.143
68	24	0.077
68	25	0
68	26	0.129
68	27	0.148
68	28	0
68	29	0
68	30	0
68	31	0
68	32	0.056
68	33	0.222
68	34	0.514
68	35	0.132
69	0	0.182
69	1	0.478
69	2	0.333
69	3	0.125
69	4	0.286
69	5	0.333
69	6	0.286
69	7	0.333
69	8	0.5
69	9	0.333
69	10	0.4
69	11	0.5
69	12	0.45
69	13	0.438
69	14	0.394
69	15	0.406
69	16	0.419
69	17	0.235
69	18	0.19
69	19	0.25
69	20	0.158
69	21	0.214
69	22	0.25
69	23	0.143
69	24	0
69	25	0
69	26	0.038
69	27	0.308
69	28	0
69	29	0
69	30	0
69	31	0
69	32	0
69	33	0.208
69	34	0.656
69	35	0.13
70	0	0.436
70	1	0.551
70	2	0.231
70	3	0.429
70	4	0.263
70	5	0.2
70	6	0.208
70	7	0.2
70	8	0.056
70	9	0.267
70	10	0.2
70	11	0.231
70	12	0.263
70	13	0.306
70	14	0.345
70	15	0.333
70	16	0.286
70	17	0.278
70	18	0.172
70	19	0.091
70	20	0.083
70	21	0.125
70	22	0.143
70	23	0.125
70	24	0.143
70	25	0.043
70	26	0.143
70	27	0.077
70	28	0
70	29	0
70	30	0
70	31	0
70	32	0.1
70	33	0.133
70	34	0.2
70	35	0.048
71	0	0.492
71	1	0.607
71	2	0.452
71	3	0.207
71	4	0.097
71	5	0.188
71	6	0.2
71	7	0.167
71	8	0.143
71	9	0.1
71	10	0.333
71	11	0.327
71	12	0.5
71	13	0.618
71	14	0.404
71	15	0.522
71	16	0.36
71	17	0
71	18	0.154
71	19	0
71	20	0
71	21	0
71	22	0
71	23	0
71	24	0
71	25	0
71	26	0
71	27	0.143
71	28	0.2
71	29	0.071
71	30	0
71	31	0
71	32	0
71	33	0.5
71	34	0.277
71	35	1
72	0	0.44
72	1	0.704
72	2	0.545
72	3	0.235
72	4	0.333
72	5	0
72	6	0
72	7	0.2
72	8	0.118
72	9	0
72	10	0.2
72	11	0.273
72	12	0.667
72	13	0.643
72	14	0.625
72	15	0.472
72	16	0.294
72	17	0.1
72	18	0.158
72	19	0
72	20	0.154
72	21	0.2
72	22	0.182
72	23	0.188
72	24	0.115
72	25	0.038
72	26	0.1
72	27	0.2
72	28	0.044
72	29	0
72	30	0.037
72	31	0
72	32	0.115
72	33	0.208
72	34	0.089
73	0	0.333
73	1	0.683
73	2	0.412
73	3	0.375
73	4	0.308
73	5	0.286
73	6	0.143
73	7	0.5
73	8	0.333
73	9	0.286
73	10	0.273
73	11	0.333
73	12	0.297
73	13	0.468
73	14	0.294
73	15	0.4
73	16	0.346
73	17	0.048
73	18	0
73	19	0.222
73	20	0
73	21	0.083
73	22	0.062
73	23	0.095
73	24	0.053
73	25	0
73	26	0.08
73	27	0.233
73	28	0.036
73	29	0
73	30	0
73	31	0
73	32	0.067
73	33	0.286
73	34	0.153
73	35	0.074
74	0	0.362
74	1	0.576
74	2	0.467
74	3	0.176
74	4	0.111
74	5	0.25
74	6	0.316
74	7	0.176
74	8	0.143
74	9	0.235
74	10	0.143
74	11	0.273
74	12	0.333
74	13	0.429
74	14	0.296
74	15	0.379
74	16	0.31
74	17	0.133
74	18	0.08
74	19	0
74	20	0.095
74	21	0.143
74	22	0
74	23	0.143
74	24	0
74	25	0
74	26	0
74	27	0.04
74	28	0.031
74	29	0
74	30	0
74	31	0
74	32	0.043
74	33	0.333
74	34	0.196
75	0	0.321
75	1	0.5
75	2	0.481
75	3	0.345
75	4	0.3
75	5	0.273
75	6	0.425
75	7	0.333
75	8	0.433
75	9	0.323
75	10	0.375
75	11	0.414
75	12	0.488
75	13	0.526
75	14	0.581
75	15	0.368
75	16	0.382
75	17	0.158
75	18	0.04
75	19	0
75	20	0
75	21	0
75	22	0
75	23	0
75	24	0
75	25	0
75	26	0.083
75	27	0.25
75	28	0
75	29	0
75	30	0
75	31	0
75	32	0.286
75	33	0.364
75	34	0.5
76	0	0.308
76	1	0.545
76	2	0.421
76	3	0.5
76	4	0.308
76	5	0
76	6	0.467
76	7	0.143
76	8	0.273
76	9	0.4
76	10	0.286
76	11	0.321
76	12	0.371
76	13	0.4
76	14	0.406
76	15	0.375
76	16	0.308
76	17	0.091
76	18	0
76	19	0
76	20	0.158
76	21	0.1
76	22	0.174
76	23	0.043
76	24	0
76	25	0
76	26	0
76	27	0.188
76	28	0
76	29	0
76	30	0
76	31	0
76	32	0.143
76	33	0.16
76	34	0.389
77	0	0.476
77	1	0.595
77	2	0.387
77	3	0.5
77	4	0.4
77	5	0.143
77	6	0.474
77	7	0.333
77	8	0.417
77	9	0.4
77	10	0.444
77	11	0.567
77	12	0.61
77	13	0.906
77	14	0.583
77	15	0.526
77	16	0.696
77	17	0.308
77	18	0.393
77	19	0.429
77	20	0.16
77	21	0.385
77	22	0.294
77	23	0.167
77	24	0.15
77	25	0
77	26	0.042
77	27	0.16
77	28	0
77	29	0
77	30	0
77	31	0
77	32	0
77	33	0.478
77	34	0.605
78	0	0.577
78	1	0.727
78	2	0.588
78	3	0.345
78	4	0.261
78	5	0.2
78	6	0.31
78	7	0.333
78	8	0.25
78	9	0.364
78	10	0.533
78	11	0.472
78	12	0.569
78	13	0.64
78	14	0.549
78	15	0.61
78	16	0.6
78	17	0.455
78	18	0.235
78	19	0
78	20	0.176
78	21	0.1
78	22	0.2
78	23	0.316
78	24	0
78	25	0
78	26	0.105
78	27	0.125
78	28	0
78	29	0
78	30	0
78	31	0
78	32	0
78	33	0.4
78	34	0.692
79	0	0.262
79	1	0.583
79	2	0.457
79	3	0.267
79	4	0
79	5	0.429
79	6	0.385
79	7	0.4
79	8	0.429
79	9	0.556
79	10	0.6
79	11	0.533
79	12	0.5
79	13	0.52
79	14	0.562
79	15	0.455
79	16	0.378
79	17	0.318
79	18	0.15
79	19	0.222
79	20	0.258
79	21	0.182
79	22	0.207
79	23	0.231
79	24	0.03
79	25	0
79	26	0.094
79	27	0.07
79	28	0
79	29	0
79	30	0
79	31	0.056
79	32	0.048
79	33	0.308
79	34	0.244
80	0	0.067
80	1	0.091
80	2	0
80	3	0.2
80	4	0.087
80	5	0.273
80	6	0.296
80	7	0.133
80	8	0.176
80	9	0.125
80	10	0.111
80	11	0.367
80	12	0.343
80	13	0.5
80	14	0.486
80	15	0.4
80	16	0.515
80	17	0.231
80	18	0.208
80	19	0.1
80	20	0.143
80	21	0.154
80	22	0.19
80	23	0.143
80	24	0.059
80	25	0
80	26	0
80	27	0
80	28	0
80	29	0
80	30	0
80	31	0
80	32	0
80	33	0.038
80	34	0.258
80	35	0.152
81	0	0.414
81	1	0.483
81	2	0.45
81	3	0.684
81	4	0.333
81	5	0.1
81	6	0.167
81	7	0.205
81	8	0.333
81	9	0.182
81	10	0.3
81	11	0.25
81	12	0.655
81	13	0.676
81	14	0.727
81	15	0.519
81	16	0.586
81	17	0.077
81	18	0.261
81	19	0
81	20	0.158
81	21	0.273
81	22	0.235
81	23	0.308
81	24	0.222
81	25	0
81	26	0.214
81	27	0.143
81	28	0
81	29	0
81	30	0
81	31	0
81	32	0
81	33	0.1
81	34	0.538
81	35	0.057
82	0	0.393
82	1	0.421
82	2	0.222
82	3	0.29
82	4	0.2
82	5	0.333
82	6	0.2
82	7	0.273
82	8	0.333
82	9	0.222
82	10	0.4
82	11	0.13
82	12	0.357
82	13	0.455
82	14	0.154
82	15	0.368
82	16	0.25
82	17	0.3
82	18	0.188
82	19	0
82	20	0.182
82	21	0.182
82	22	0
82	23	0.273
82	24	0.053
82	25	0
82	26	0.08
82	27	0.077
82	28	0
82	29	0
82	30	0
82	31	0
82	32	0
82	33	0.158
82	34	0.238
82	35	0.067
83	0	0.556
83	1	0.606
83	2	0.45
83	3	0.235
83	4	0.412
83	5	0.238
83	6	0.293
83	7	0.24
83	8	0.522
83	9	0.333
83	10	0.529
83	11	0.429
83	12	0.596
83	13	0.641
83	14	0.531
83	15	0.556
83	16	0.433
83	17	0.111
83	18	0.105
83	19	0.1
83	20	0.133
83	21	0.091
83	22	0.125
83	23	0.143
83	24	0
83	25	0
83	26	0.074
83	27	0.091
83	28	0
83	29	0
83	30	0
83	31	0
83	32	0.04
83	33	0
83	34	0.333
84	0	0.125
84	1	0.5
84	2	0.214
84	3	0.077
84	4	0.1
84	5	0
84	6	0.214
84	7	0.083
84	8	0.143
84	9	0.125
84	10	0.167
84	11	0.316
84	12	0.424
84	13	0.651
84	14	0.568
84	15	0.489
84	16	0.452
84	17	0.389
84	18	0.139
84	19	0.1
84	20	0.237
84	21	0.333
84	22	0.182
84	23	0.238
84	24	0.143
84	25	0
84	26	0.04
84	27	0.115
84	28	0
84	29	0
84	30	0
84	31	0
84	32	0
84	33	0.04
84	34	0.677
84	35	0.125
85	0	0.381
85	1	0.421
85	2	0.333
85	3	0.35
85	4	0.273
85	5	0.111
85	6	0.379
85	7	0.333
85	8	0.333
85	9	0.294
85	10	0.333
85	11	0.467
85	12	0.583
85	13	0.541
85	14	0.519
85	15	0.6
85	16	0.455
85	17	0.154
85	18	0.111
85	19	0.2
85	20	0.095
85	21	0.2
85	22	0.118
85	23	0.176
85	24	0.211
85	25	0
85	26	0.083
85	27	0.185
85	28	0.031
85	29	0
85	30	0
85	31	0
85	32	0
85	33	0.105
85	34	0.12
85	35	0.265
86	0	0.298
86	1	0.371
86	2	0.273
86	3	0.214
86	4	0.179
86	5	0.1
86	6	0.152
86	7	0.167
86	8	0.214
86	9	0.5
86	10	0.375
86	11	0.4
86	12	0.542
86	13	0.525
86	14	0.478
86	15	0.516
86	16	0.417
86	17	0.091
86	18	0.053
86	19	0.143
86	20	0.1
86	21	0.167
86	22	0.286
86	23	0.2
86	24	0
86	25	0
86	26	0.071
86	27	0.095
86	28	0
86	29	0
86	30	0.027
86	31	0
86	32	0
86	33	0.231
86	34	0.414
86	35	0.419
87	1	0.167
87	2	0.286
87	3	0.2
87	4	0.091
87	5	0.364
87	6	0.273
87	7	0.091
87	8	0.357
87	9	0.048
87	10	0.214
87	11	0.179
87	12	0.35
87	13	0.436
87	14	0.282
87	15	0.244
87	16	0.267
87	17	0.125
87	18	0.107
87	19	0.143
87	20	0.032
87	21	0.235
87	22	0.038
87	23	0.083
87	24	0
87	25	0
87	26	0.182
87	27	0.243
87	28	0
87	29	0
87	30	0
87	31	0
87	32	0.222
87	33	0.583
87	34	0.75
87	35	0.516
88	0	0.2
88	1	0.258
88	2	0.176
88	3	0.083
88	4	0.118
88	5	0.1
88	6	0.087
88	7	0.125
88	8	0.231
88	9	0.211
88	10	0.286
88	11	0.259
88	12	0.289
88	13	0.341
88	14	0.273
88	15	0.389
88	16	0.286
88	17	0.1
88	18	0.083
88	19	0
88	20	0.067
88	21	0
88	22	0.125
88	23	0.071
88	24	0
88	25	0.1
88	26	0.125
88	27	0.333
88	28	0.077
88	29	0.1
88	30	0.053
88	31	0
88	32	0.095
88	33	0.261
88	34	0.305
88	35	0.417
89	0	0.182
89	1	0.188
89	2	0.476
89	3	0.167
89	4	0.2
89	5	0
89	6	0.04
89	7	0.067
89	8	0.19
89	9	0.133
89	10	0.133
89	11	0.233
89	12	0.341
89	13	0.429
89	14	0.312
89	15	0.294
89	16	0.311
89	17	0.111
89	18	0
89	19	0
89	20	0
89	21	0.036
89	22	0.036
89	23	0
89	24	0
89	25	0
89	26	0.139
89	27	0.2
89	28	0.026
89	29	0
89	30	0
89	31	0
89	32	0.091
89	33	0.1
89	34	0.093
90	0	0.45
90	1	0.516
90	2	0.333
90	3	0.2
90	4	0.2
90	5	0
90	6	0.194
90	7	0.143
90	8	0.15
90	9	0.3
90	10	0.167
90	11	0.222
90	12	0.23
90	13	0.385
90	14	0.368
90	15	0.35
90	16	0.325
90	17	0.214
90	18	0.056
90	19	0.167
90	20	0.154
90	21	0.071
90	22	0.077
90	23	0.077
90	24	0
90	25	0.062
90	26	0.154
90	27	0.045
90	28	0.095
90	29	0
90	30	0.071
90	31	0
90	32	0.069
90	33	0.243
90	34	0.267
90	35	0.457
91	0	0.133
91	1	0.186
91	2	0.158
91	3	0.048
91	4	0
91	5	0.111
91	6	0.038
91	7	0.062
91	8	0.062
91	9	0.077
91	10	0
91	11	0.115
91	12	0.135
91	13	0.136
91	14	0.143
91	15	0.152
91	16	0.2
91	17	0
91	18	0.083
91	19	0
91	20	0
91	21	0
91	22	0.071
91	23	0.042
91	24	0
91	25	0
91	26	0.1
91	27	0.37
91	28	0.032
91	29	0.049
91	30	0
91	31	0
91	32	0
91	33	0.083
91	34	0.08
91	35	0.32
92	0	0.109
92	1	0.288
92	2	0.133
92	3	0.194
92	4	0.179
92	5	0.2
92	6	0.216
92	7	0.235
92	8	0.053
92	9	0.08
92	10	0.091
92	11	0.125
92	12	0.191
92	13	0.2
92	14	0.167
92	15	0.19
92	16	0.179
92	17	0
92	18	0
92	19	0
92	20	0
92	21	0
92	22	0
92	23	0
92	24	0
92	25	0
92	26	0.036
92	27	0.091
92	28	0
92	29	0.083
92	30	0.045
92	31	0
92	32	0
92	33	0.273
92	34	0.145
92	35	0
93	0	0.189
93	1	0.244
93	2	0.188
93	3	0.219
93	4	0.235
93	5	0.053
93	6	0.161
93	7	0.214
93	8	0.2
93	9	0.2
93	10	0.125
93	11	0.304
93	12	0.324
93	13	0.433
93	14	0.421
93	15	0.316
93	16	0.316
93	17	0
93	18	0
93	19	0
93	20	0
93	21	0
93	22	0
93	23	0
93	24	0
93	25	0
93	26	0
93	27	0.25
93	28	0
93	29	0
93	30	0
93	31	0
93	32	0
93	33	0.2
93	34	0.061
93	35	0.112
94	0	0.225
94	1	0.333
94	2	0.333
94	3	0.25
94	4	0.333
94	5	0.412
94	6	0.323
94	7	0.167
94	8	0.45
94	9	0.222
94	10	0.667
94	11	0.333
94	12	0.29
94	13	0.469
94	14	0.346
94	15	0.312
94	16	0.36
94	17	0.133
94	18	0.133
94	19	0
94	20	0.154
94	21	0.043
94	22	0.038
94	23	0.053
94	24	0.029
94	25	0
94	26	0.054
94	27	0.1
94	28	0
94	29	0
94	30	0
94	31	0
94	32	0
94	33	0.088
94	34	0.397
94	35	0
95	1	0
95	2	0
95	3	0
95	4	0
95	5	0
95	6	0
95	7	0.083
95	8	0.111
95	9	0.136
95	10	0.158
95	11	0.342
95	12	0.444
95	13	0.565
95	14	0.478
95	15	0.353
95	16	0.283
95	17	0.077
95	18	0.032
95	19	0
95	20	0.077
95	21	0
95	22	0.031
95	23	0.053
95	24	0.032
95	25	0
95	26	0.114
95	27	0.119
95	28	0
95	29	0
95	30	0
95	31	0
95	32	0.067
95	33	0.316
95	34	0.489
95	35	0.389
96	0	0.184
96	1	0.273
96	2	0.269
96	3	0.258
96	4	0.348
96	5	0.188
96	6	0.222
96	7	0.105
96	8	0.174
96	9	0.222
96	10	0.364
96	11	0.2
96	12	0.325
96	13	0.382
96	14	0.235
96	15	0.425
96	16	0.222
96	17	0.067
96	18	0.16
96	19	0
96	20	0.125
96	21	0.143
96	22	0
96	23	0.087
96	24	0.105
96	25	0.048
96	26	0.148
96	27	0.188
96	28	0.114
96	29	0.061
96	30	0.038
96	31	0
96	32	0.071
96	33	0.179
96	34	0.136
96	35	0.444
97	0	0.402
97	1	0.337
97	2	0.229
97	3	0.184
97	4	0.105
97	5	0.208
97	6	0.182
97	7	0.179
97	8	0.175
97	9	0.219
97	10	0.25
97	11	0.305
97	12	0.431
97	13	0.455
97	14	0.583
97	15	0.538
97	16	0.583
97	17	0.25
97	18	0.25
97	19	0.4
97	20	0.286
97	21	0.125
97	22	0.25
97	23	0.167
97	24	0.111
97	25	0
97	26	0
97	27	0.125
97	28	0
97	29	0
97	30	0
97	31	0
97	32	0
97	33	0.333
97	34	0.312
97	35	0.49
98	0	0.3
98	1	0.273
98	2	0.4
98	3	0.6
98	4	0.4
98	5	0.333
98	6	0.5
98	7	0.5
98	8	0
98	9	0.4
98	10	0.5
98	11	0.6
98	12	0.556
98	13	0.765
98	14	0.5
98	15	0.394
98	16	0.373
98	17	0.156
98	18	0.043
98	19	0.167
98	20	0.042
98	21	0.097
98	22	0.057
98	23	0.083
98	24	0
98	25	0
98	26	0.177
98	27	0.18
98	28	0.025
98	29	0
98	30	0
98	31	0
98	32	0.034
98	33	0.3
98	34	0.621
98	35	0.391
99	0	0.422
99	1	0.341
99	2	0.4
99	3	0.391
99	4	0.3
99	5	0
99	6	0.348
99	7	0.333
99	8	0.421
99	9	0.417
99	10	0.556
99	11	0.433
99	12	0.571
99	13	0.571
99	14	0.516
99	15	0.64
99	16	0.391
99	17	0.231
99	18	0.211
99	19	0.286
99	20	0.062
99	21	0.1
99	22	0
99	23	0
99	24	0.045
99	25	0
99	26	0.229
99	27	0.333
99	28	0.029
99	29	0
99	30	0
99	31	0
99	32	0.095
99	33	0.417
99	34	0.804
99	35	0.148
100	0	0.126
100	1	0.254
100	2	0.121
100	3	0.1
100	4	0.038
100	5	0.062
100	6	0.097
100	7	0.074
100	8	0
100	9	0.182
100	10	0.167
100	11	0.184
100	12	0.178
100	13	0.225
100	14	0.178
100	15	0.28
100	16	0.163
100	17	0.154
100	18	0.098
100	19	0
100	20	0.029
100	21	0
100	22	0.071
100	23	0.037
100	24	0
100	25	0.071
100	26	0.056
100	27	0.286
100	28	0
100	29	0
100	30	0
100	31	0
100	32	0.111
100	33	0.2
100	34	0.062
100	35	0.007
101	0	0.397
101	1	0.253
101	2	0.167
101	3	0.154
101	4	0.081
101	5	0.138
101	6	0.167
101	7	0.2
101	8	0.2
101	9	0.318
101	10	0.179
101	11	0.327
101	12	0.315
101	13	0.382
101	14	0.365
101	15	0.339
101	16	0.257
101	17	0.1
101	18	0
101	20	0
101	21	0
101	22	0
101	23	0
101	24	0
101	25	0
101	26	0.233
101	27	0.263
101	28	0.108
101	29	0.04
101	30	0.059
101	31	0.062
101	32	0.095
101	33	0.286
101	34	0.279
102	0	0.152
102	1	0.123
102	2	0.143
102	3	0.136
102	4	0.08
102	5	0
102	6	0.154
102	7	0
102	8	0.158
102	9	0.059
102	10	0.2
102	11	0.182
102	12	0.206
102	13	0.429
102	14	0.318
102	15	0.346
102	16	0.143
102	17	0.097
102	18	0.063
102	19	0.056
102	20	0.102
102	21	0.122
102	22	0.026
102	23	0.029
102	24	0
102	25	0
102	26	0.08
102	27	0.2
102	28	0.049
102	29	0
102	30	0.029
102	31	0.063
102	32	0.069
102	33	0.325
102	34	0.528
103	0	0.366
103	1	0.325
103	2	0.345
103	3	0.261
103	4	0.192
103	5	0
103	6	0.222
103	7	0.105
103	8	0.211
103	9	0.136
103	10	0.071
103	11	0.132
103	12	0.348
103	13	0.339
103	14	0.282
103	15	0.289
103	16	0.378
103	17	0.286
103	18	0.074
103	19	0.182
103	20	0.136
103	21	0.077
103	22	0.182
103	23	0.115
103	24	0.034
103	25	0
103	26	0.167
103	27	0.179
103	28	0
103	29	0
103	30	0
103	31	0
103	32	0.118
103	33	0.227
103	34	0.029
103	35	0.019
104	0	0.4
104	1	0.4
104	2	0.207
104	3	0.16
104	4	0.077
104	5	0.154
104	6	0.25
104	7	0.2
104	8	0.2
104	9	0.133
104	10	0.222
104	11	0.276
104	12	0.465
104	13	0.52
104	14	0.485
104	15	0.531
104	16	0.441
104	17	0.429
104	18	0.259
104	19	0.222
104	20	0.211
104	21	0.2
104	22	0.348
104	23	0.294
104	24	0.13
104	25	0
104	26	0.043
104	27	0.302
104	28	0
104	29	0
104	30	0.05
104	31	0
104	32	0.077
104	33	0
104	34	0.091
105	0	0.537
105	1	0.548
105	2	0.333
105	3	0.368
105	4	0.333
105	5	0.111
105	6	0.294
105	7	0.214
105	8	0.143
105	9	0.25
105	10	0.5
105	11	0.208
105	12	0.483
105	13	0.568
105	14	0.48
105	15	0.448
105	16	0.579
105	17	0.091
105	18	0
105	19	0
105	20	0
105	21	0.067
105	22	0.077
105	23	0.083
105	24	0
105	25	0
105	26	0.095
105	27	0.129
105	28	0
105	29	0
105	30	0.042
105	31	0.111
105	32	0
105	33	0.053
105	34	0
106	0	0.258
106	1	0.385
106	2	0.412
106	3	0.6
106	4	0.471
106	5	0.4
106	6	0.481
106	7	0.2
106	8	0.385
106	9	0.444
106	10	0.455
106	11	0.455
106	12	0.548
106	13	0.487
106	14	0.435
106	15	0.667
106	16	0.585
106	17	0.188
106	18	0.118
106	19	0.667
106	20	0.154
106	21	0.111
106	22	0.15
106	23	0.091
106	24	0
106	25	0
106	26	0.048
106	27	0.2
106	28	0.032
106	29	0
106	30	0
106	31	0
106	32	0.071
106	33	0.143
106	34	0.059
107	0	0.304
107	1	0.462
107	2	0.5
107	3	0.333
107	4	0.316
107	5	0.286
107	6	0.647
107	7	0.333
107	8	0.727
107	9	0.75
107	10	0.8
107	11	0.75
107	12	0.7
107	13	0.786
107	14	0.684
107	15	0.48
107	16	0.619
107	17	0.333
107	18	0.188
107	19	0.2
107	20	0.188
107	21	0.182
107	22	0.429
107	23	0.25
107	24	0.059
107	25	0
107	26	0
107	27	0
107	28	0.038
107	29	0
107	30	0
107	31	0
107	32	0
107	33	0.125
107	34	0.043
107	35	0
108	0	0.25
108	1	0.441
108	2	0.286
108	3	0.333
108	4	0.385
108	5	0.125
108	6	0.231
108	7	0.3
108	8	0.6
108	9	0.286
108	10	0.5
108	11	0.476
108	12	0.5
108	13	0.5
108	14	0.609
108	15	0.5
108	16	0.536
108	17	0.154
108	18	0.111
108	19	0
108	20	0
108	21	0.1
108	22	0.071
108	23	0.091
108	24	0.059
108	25	0
108	26	0.278
108	27	0.16
108	28	0
108	29	0
108	30	0
108	31	0
108	32	0
108	33	0.062
108	34	0.062
108	35	0
109	0	0.474
109	1	0.545
109	2	0.545
109	3	0.455
109	4	0.222
109	5	0
109	6	0.231
109	7	0.25
109	8	0.222
109	9	0.167
109	10	0.6
109	11	0.467
109	12	0.5
109	13	0.375
109	14	0.467
109	15	0.316
109	16	0.421
109	17	0.1
109	18	0
109	19	0
109	20	0
109	21	0
109	22	0.2
109	23	0.091
109	24	0
109	25	0
109	26	0.13
109	27	0.294
109	28	0.167
109	29	0.1
109	30	0
109	31	0.143
109	32	0.111
109	33	0.2
109	34	0.222
109	35	0.159
110	0	0.462
110	1	0.636
110	2	0.714
110	3	0.467
110	4	0.462
110	5	0.455
110	6	0.333
110	7	0.5
110	8	0.455
110	9	0.286
110	10	0.667
110	11	0.667
110	12	0.739
110	13	0.742
110	14	0.75
110	15	0.621
110	16	0.655
110	17	0.263
110	18	0.143
110	19	0.2
110	20	0.083
110	21	0.231
110	22	0.091
110	23	0.375
110	24	0.111
110	25	0
110	26	0.111
110	27	0
110	28	0
110	29	0
110	30	0
110	31	0
110	32	0
110	33	0
110	34	0.15
110	35	0.304
111	0	0.527
111	1	0.618
111	2	0.516
111	3	0.458
111	4	0.474
111	5	0.5
111	6	0.44
111	7	0.312
111	8	0.571
111	9	0.471
111	10	0.364
111	11	0.429
111	12	0.5
111	13	0.429
111	14	0.429
111	15	0.5
111	16	0.417
111	17	0
111	18	0
111	19	0
111	20	0
111	21	0
111	22	0
111	23	0.1
111	24	0.083
111	25	0
111	26	0
111	27	0.15
111	28	0
111	29	0
111	30	0
111	31	0
111	32	0
111	33	0.25
111	34	0.4
111	35	0.19
112	11	0.643
112	12	0.667
112	13	0.605
112	14	0.562
112	15	0.636
112	16	0.583
112	17	0.455
112	18	0.28
112	19	0
112	20	0.182
112	21	0.231
112	22	0.267
112	23	0.143
112	24	0.111
112	25	0
112	26	0.038
112	27	0.353
112	28	0.037
112	29	0
112	30	0
112	31	0
112	32	0.2
112	33	0
113	0	0.444
113	1	0.667
113	2	0.333
113	3	0.3
113	4	0.636
113	5	0.167
113	6	0.25
113	7	0.2
113	8	0.333
113	9	0.333
113	10	0.4
113	11	0.6
113	12	0.75
113	13	0.75
113	14	0.75
113	15	0.857
113	16	0.625
113	17	0.5
113	18	0.25
113	20	0.2
113	21	0.333
113	22	0.25
113	23	0.2
113	24	0
113	25	0
113	26	0.3
113	27	0.2
113	28	0
113	29	0
113	30	0
113	31	0
113	32	0
113	33	0.353
113	34	0.281
113	35	0.309
114	0	0.516
114	1	0.429
114	2	0.571
114	3	0.25
114	4	0.286
114	5	0
114	6	0.375
114	7	0.545
114	8	0.182
114	9	0.3
114	10	0.375
114	11	0.474
114	12	0.452
114	13	0.7
114	14	0.615
114	15	0.429
114	16	0.533
114	17	0.171
114	18	0.25
114	19	0.333
114	20	0.312
114	21	0.2
114	22	0
114	23	0
114	24	0
114	25	0
114	26	0.5
114	27	0.5
114	28	0
114	29	0
114	30	0
114	31	0
114	32	0
114	33	0
114	34	0.094
115	0	0.167
115	1	0.444
115	2	0
115	3	0
115	4	0.143
115	5	0
115	6	0.143
115	7	0.4
115	8	0
115	9	0.4
115	10	0.5
115	11	0.8
115	12	0.667
115	13	0.474
115	14	0.5
115	15	0.552
115	16	0.556
115	17	0.4
115	18	0.364
115	19	0.25
115	20	0.4
115	21	0.222
115	22	0.364
115	23	0.25
115	24	0
115	25	0
115	26	0.071
115	27	0.353
115	28	0
115	29	0
115	30	0
115	31	0
115	32	0
115	33	0.167
115	34	0.222
116	0	0.444
116	1	0.25
116	2	0
116	3	0.2
116	4	0.222
116	5	0
116	6	0.25
116	7	0.2
116	8	0
116	9	0.333
116	10	0
116	11	0.154
116	12	0.304
116	13	0.357
116	14	0.368
116	15	0.292
116	16	0.286
116	17	0.25
116	18	0.455
116	19	0
116	20	0.273
116	21	0.4
116	22	0.125
116	23	0.25
116	24	0
116	25	0
116	26	0.211
116	27	0.462
116	28	0
116	29	0
116	30	0
116	31	0
116	32	0
116	33	0.167
116	34	0.111
116	35	1
117	0	0.385
117	1	0.31
117	2	0.167
117	3	0.071
117	4	0.231
117	5	0.1
117	6	0.267
117	7	0.2
117	8	0.444
117	9	0.3
117	10	0.375
117	11	0.35
117	12	0.407
117	13	0.441
117	14	0.5
117	20	0.5
117	21	0.333
117	22	0.2
117	23	0.5
117	24	0.143
117	25	0
117	26	0.125
117	27	0.143
117	28	0
117	29	0
117	30	0
117	31	0
117	32	0
117	33	0.167
117	34	0.089
117	35	0.235
118	14	0.421
118	15	0.381
118	16	0.55
118	17	0.333
118	18	0.348
118	19	0.25
118	20	0.333
118	21	0.231
118	22	0.2
118	23	0.333
118	24	0.111
118	25	0
118	26	0.071
118	27	0.125
118	28	0.043
118	29	0
118	30	0
118	31	0
118	32	0
118	33	0.071
118	34	0.045
118	35	0
119	0	0.562
119	1	0.478
119	2	0.455
119	3	0.25
119	4	0.333
119	5	0.2
119	6	0.222
119	7	0.25
119	8	0.25
119	9	0.333
119	10	0.25
119	11	0.417
119	12	0.333
119	13	0.412
119	14	0.385
119	15	0.2
119	16	0.333
119	17	0.444
119	18	0.235
119	19	0
119	20	0.5
119	21	0.25
119	22	0.5
119	23	0.4
119	24	0.25
119	25	0
119	26	0
119	27	0
119	28	0
119	29	0
119	30	0
119	31	0
119	32	0
119	33	0.2
119	34	0.75
119	35	0.226
120	0	0.289
120	1	0.415
120	2	0.2
120	3	0.294
120	4	0.35
120	5	0.111
120	6	0.316
120	7	0.167
120	8	0.444
120	9	0
120	11	0.333
120	12	0.25
120	13	0.5
120	14	0.333
120	15	0.4
120	16	0.5
120	17	0
120	18	0
120	19	0
120	20	0
120	21	0
120	22	0
120	23	0
120	24	0
120	25	0
120	26	0.111
120	27	0.455
120	28	0
120	29	0
120	30	0
120	31	0
120	32	0
120	33	0.625
120	34	0.8
120	35	0.629
121	9	0.455
121	10	0.25
121	11	0.444
121	12	0.333
121	13	0.394
121	14	0.5
121	15	0.467
121	16	0.333
121	17	0.176
121	18	0.259
121	19	0.167
121	20	0.267
121	21	0
121	22	0.056
121	23	0.231
121	24	0.143
121	25	0.1
121	26	0.28
121	27	0.143
122	0	0.585
122	1	0.615
122	2	0.526
122	3	0.375
122	4	0.438
122	5	0.533
122	27	0.438
122	28	0.222
122	29	0
122	30	0.105
122	31	0.091
122	32	0.231
122	33	0.286
122	34	0.37
122	35	0.07
123	5	0.2
123	6	0.6
123	7	0.643
123	8	0.5
123	9	0.333
123	10	0.667
123	11	0.571
123	12	0.741
123	13	0.775
123	14	0.731
123	15	0.812
123	16	0.714
123	17	0.509
123	18	0.5
124	18	0.625
124	19	0.3
124	20	0.529
124	21	0.562
124	22	0.556
124	23	0.417
124	24	0.444
124	25	0.421
124	26	0.5
124	27	0.5
124	28	0.259
124	29	0.25
124	30	0.167
124	31	0.556
124	32	0.571
124	33	0.778
124	34	0.375
125	0	0.571
125	1	0.722
125	2	0.429
125	3	0.286
125	4	0.375
125	5	0.429
125	6	0.571
125	7	0.778
125	8	0
125	9	0.8
125	10	0.6
125	11	0.9
125	12	0.875
125	13	0.864
125	14	0.929
125	15	0.75
125	16	0.857
125	17	0.722
125	18	0.688
125	19	0.5
125	20	0.714
125	21	0.5
125	22	0
125	23	0.556
125	24	0.2
125	25	0.1
125	26	0.211
125	27	0.125
125	34	0
125	35	0.214
126	0	0.526
126	1	0.611
126	2	0.429
126	3	0.111
126	4	0.125
126	5	0.2
126	6	0.571
126	7	0.5
126	8	0.714
126	9	0.333
126	10	0.75
126	11	0.636
126	12	0.6
126	13	0.667
126	14	0.714
126	15	0.833
126	16	0.5
126	17	0.667
126	18	0
126	19	0
126	20	0
126	21	0.25
126	22	0.5
126	23	0
126	24	0.25
126	25	0
126	26	0.4
126	27	0.533
126	28	0.087
126	29	0.091
126	30	0
126	31	0.091
126	32	0.273
126	33	0.267
126	34	0.429
126	35	0
127	0	0
127	1	0.25
127	2	0
127	3	0.2
127	4	0.143
127	5	0
127	6	0.167
127	7	0.714
127	8	0.4
127	9	0.25
127	10	0
127	11	0.4
127	12	0.375
127	13	0.6
127	14	0.5
127	15	0.667
127	16	0.7
127	17	0
127	18	0.125
127	19	0
127	20	0
127	21	0
127	22	0
127	23	0
127	24	0
127	25	0
127	26	0.625
127	27	0.25
127	28	0.1
127	29	0
127	30	0
127	31	0
127	32	0
127	33	0.25
127	34	0.196
127	35	1
128	0	0.621
128	1	0.517
128	2	0.727
128	3	0.667
128	4	0.4
128	5	0.375
128	6	0.364
128	7	0.333
128	13	0.333
128	14	0.333
128	15	0.5
128	16	0.6
128	17	0.25
128	18	0
128	19	0
128	20	0
128	21	0
128	22	0
128	23	0
128	24	0
128	25	0
128	26	0
128	27	0
128	28	0
128	29	0
128	30	0
128	31	0
128	32	0
128	33	0
128	34	0.154
128	35	0.5
129	7	1
129	8	0.333
129	9	0.333
129	10	0.333
129	11	0.714
129	12	0.647
129	13	0.607
129	14	0.588
129	15	0.526
129	16	0.318
129	17	0.231
129	18	0.174
129	19	0
129	20	0
129	21	0.167
129	22	0
129	23	0.167
129	24	0.143
129	25	0
129	26	0.214
129	27	0.375
129	28	0.1
129	29	0.077
129	30	0
130	0	0.39
130	1	0.486
130	30	0
130	31	0
130	32	0.143
130	33	0.2
130	34	0.667
130	35	0.217
131	1	1
131	2	0.5
131	3	0.263
131	4	0.417
131	5	0.167
131	6	0.316
131	7	0.273
131	8	0.375
131	9	0.182
131	10	0.3
131	11	0.455
131	12	0.536
131	13	0.477
132	13	0.333
132	14	0.577
132	15	0.531
132	16	0.542
132	17	0.583
132	18	0.348
132	19	0.077
132	20	0.167
132	21	0.308
132	22	0.188
132	23	0.333
132	24	0.1
132	25	0
132	26	0.158
132	27	0.357
132	28	0.133
133	0	0.5
133	1	0.583
133	2	0.333
133	3	0.25
133	4	0.25
133	5	0.5
133	6	0.4
133	7	1
133	8	0.4
133	9	0.667
133	10	1
133	11	1
133	28	0
133	29	0
133	30	0
133	31	0
133	32	0.077
133	33	0.059
133	34	0.103
133	35	0.157
134	0	0.469
134	1	0.674
134	2	0.4
134	3	0.312
134	4	0.25
134	5	0.4
134	6	0.429
134	12	1
134	13	1
134	14	1
134	15	1
134	16	0.889
134	17	1
134	18	0.6
134	19	0.5
134	20	0.5
134	21	0.333
134	22	0
134	23	0.5
134	24	0.167
134	25	0
134	26	0.125
134	27	0.333
134	28	0.2
134	29	0
134	30	0
134	31	0
134	32	0
134	33	0
134	34	0.222
134	35	0.105
135	6	0.333
135	7	0.545
135	8	0.727
135	9	0.4
135	10	0.833
135	11	0.647
135	12	0.72
135	13	0.767
135	14	0.684
135	15	0.789
135	16	0.621
135	17	0.538
135	18	0.393
135	19	0.2
135	20	0.143
135	21	0.2
136	0	0.45
136	1	0.548
136	2	0.417
136	3	0.333
136	4	0.333
136	5	0
136	21	0.4
136	22	0.182
136	23	0.273
136	24	0.312
136	25	0.125
136	26	0.294
136	27	0.273
136	28	0.167
136	29	0.083
136	30	0.167
136	31	0
136	32	0.25
136	33	0.231
136	34	0.231
136	35	0
137	5	0
137	6	0.357
137	7	0.4
137	8	0.5
137	9	0.2
137	10	0.333
137	11	0.692
137	12	0.737
137	13	0.591
137	14	0.667
137	15	0.87
137	16	0.7
137	17	0.5
137	18	0.263
137	19	0.25
137	20	0.2
137	21	0.25
137	22	0.2
137	23	0.2
137	24	0.182
137	25	0.1
138	0	0.583
138	1	0.562
138	2	0.625
138	3	0.6
138	4	0.833
138	5	1
138	6	0.875
138	7	0.8
138	8	1
138	9	0.6
138	10	0.75
138	11	0.778
138	12	0.833
138	13	0.75
138	14	0.875
138	15	0.882
138	16	0.818
138	17	0.6
138	18	0.667
138	25	1
138	26	0.312
138	27	0.375
138	28	0.133
138	29	0.1
138	30	0.2
138	31	0
138	32	0.429
138	33	0.444
138	34	0.7
139	0	0.048
139	1	0.235
139	2	0.375
139	3	0
139	4	0
139	5	0
139	6	0.111
139	7	0
139	8	0.143
139	9	0
139	10	0.333
139	11	0.2
139	12	0.222
139	13	0.083
139	14	0.273
139	15	0.25
139	16	0.25
139	17	0
139	18	0.083
139	19	0.286
139	20	0.312
139	21	0.222
139	22	0.167
139	23	0.1
139	24	0.077
139	25	0
139	26	0
139	27	0.6
139	28	0
139	29	0
139	30	0
139	31	0
139	32	0
139	33	0.5
139	34	1
140	0	0.424
140	1	0.569
140	2	0.364
140	3	0.067
140	4	0.5
140	25	0
140	26	0
140	27	0.25
140	28	0.1
140	29	0
140	30	0
140	31	0
140	32	0
140	33	0.25
140	34	0.103
140	35	0.037
141	4	0.143
141	5	0.167
141	6	0.2
141	7	0.364
141	8	0.267
141	9	0.333
141	10	0.125
141	11	0.35
141	12	0.444
141	13	0.447
141	14	0.476
142	14	0
142	15	0.475
142	16	0.614
142	17	0.174
142	18	0
142	19	0.125
142	20	0.118
142	21	0.083
142	22	0.056
142	23	0.077
142	24	0.056
142	25	0
142	26	0
143	26	0.211
143	27	0.423
143	28	0
143	29	0
143	30	0
143	31	0
143	32	0.118
143	33	0.417
143	34	0.373
143	35	0.034
