"time"	"distance"	"value"
36	0	0.367
36	1	0.709
36	2	0.441
36	3	0.087
36	4	0.167
36	5	0.071
36	6	0.407
36	7	0.235
36	8	0.238
36	9	0.417
36	10	0.292
36	11	0.333
36	12	0.353
36	13	0.385
36	14	0.4
36	15	0.389
36	16	0.579
36	17	0.357
36	18	0.222
36	19	0.25
36	20	0.231
36	21	0
36	22	0.25
36	23	0.259
36	24	0.154
36	25	0
36	26	0
36	27	0
36	28	0
36	29	0
36	30	0
36	32	0
36	33	0
36	34	0
36	35	0
36	36	0
36	37	0
36	38	0
36	39	0.048
36	40	0.053
36	41	0.2
36	42	0.071
36	43	0
36	44	0.46
37	0	0.231
37	1	0.464
37	2	0.364
37	3	0.1
37	4	0.1
37	5	0.125
37	6	0
37	7	0.125
37	8	0.286
37	9	0.167
37	10	0.296
37	11	0.258
37	12	0.341
37	13	0.346
37	14	0.364
37	15	0.481
37	16	0.462
37	17	0.056
37	18	0
37	19	0
37	20	0
37	21	0
37	22	0
37	23	0
37	24	0
37	25	0.05
37	26	0
37	27	0.03
37	28	0.06
37	29	0
37	30	0
37	31	0
37	32	0.053
37	33	0.083
37	34	0
37	35	0
37	36	0
37	37	0
37	38	0
37	39	0
37	40	0
37	41	0
37	42	0
37	43	0
37	44	0.355
38	0	0.4
38	1	0.692
38	2	0.52
38	3	0.176
38	4	0.2
38	5	0
38	6	0.308
38	7	0.429
38	8	0.444
38	9	0.4
38	10	0.2
38	11	0.4
38	12	0.467
38	13	0.625
38	14	0.875
38	15	0.417
38	16	0.5
38	17	0.333
38	18	0.267
38	19	0.333
38	20	0.188
38	21	0.2
38	22	0.5
38	23	0.429
38	24	0.333
38	25	0.231
38	26	0.15
38	27	0.062
38	28	0.03
38	29	0
38	30	0
38	31	0.071
38	32	0.067
38	33	0
38	34	0
38	35	0
38	36	0
38	37	0
38	38	0
38	39	0
38	40	0
38	41	0
38	42	0
38	43	0.077
38	44	0.316
39	0	0.341
39	1	0.641
39	2	0.407
39	3	0.25
39	4	0.235
39	5	0.25
39	6	0.357
39	7	0.25
39	8	0.35
39	9	0.333
39	10	0.214
39	11	0.406
39	12	0.367
39	13	0.463
39	14	0.413
39	15	0.5
39	16	0.514
39	17	0.341
39	18	0.345
39	19	0.357
39	20	0.12
39	21	0.091
39	22	0.083
39	23	0.297
39	24	0.385
39	25	0.125
39	26	0.095
39	27	0
39	28	0.115
39	29	0.087
39	30	0.154
39	31	0.1
39	32	0.045
39	33	0
39	34	0
39	35	0
39	36	0.1
39	37	0.04
39	38	0.062
39	39	0
39	40	0
39	41	0
39	42	0
39	43	0.25
39	44	0.192
40	0	0.489
40	1	0.725
40	2	0.545
40	3	0.385
40	4	0.389
40	5	0.25
40	6	0.409
40	7	0.357
40	8	0.5
40	9	0.667
40	10	0.333
40	11	0.609
40	12	0.647
40	13	0.707
40	14	0.714
40	15	0.6
40	16	0.667
40	17	0.5
40	18	0.3
40	19	0.286
40	20	0.111
40	21	0.261
40	22	0.346
40	23	0.524
40	24	0.263
40	25	0.292
40	26	0.156
40	27	0.233
40	28	0.217
40	29	0.033
40	30	0.056
40	31	0.154
40	32	0.259
40	33	0.05
40	34	0
40	35	0
40	36	0.067
40	37	0.033
40	38	0.05
40	39	0
40	40	0.034
40	41	0.083
40	42	0.25
40	43	0.125
40	44	0.424
41	0	0.493
41	1	0.605
41	2	0.371
41	3	0.087
41	4	0.087
41	5	0.067
41	6	0.091
41	7	0.278
41	8	0.176
41	9	0.167
41	10	0.286
41	11	0.351
41	12	0.5
41	13	0.5
41	14	0.576
41	15	0.452
41	16	0.385
41	17	0.333
41	18	0.344
41	19	0.263
41	20	0.333
41	21	0.391
41	22	0.364
41	23	0.421
41	24	0.32
41	25	0.345
41	26	0.262
41	27	0.182
41	28	0.25
41	29	0.133
41	30	0.1
41	31	0.231
41	32	0.176
41	33	0.25
41	34	0.25
41	35	0.133
41	36	0.143
41	37	0.13
41	38	0.083
41	39	0.045
41	40	0.188
41	41	0.143
41	42	0.239
41	43	0.25
41	44	0.407
42	0	0.344
42	1	0.435
42	2	0.263
42	3	0.231
42	4	0.056
42	5	0
42	6	0.188
42	7	0
42	8	0.25
42	9	0.182
42	10	0.1
42	11	0.304
42	12	0.4
42	13	0.463
42	14	0.441
42	15	0.344
42	16	0.415
42	17	0.121
42	18	0.135
42	19	0.1
42	20	0.071
42	21	0.056
42	22	0.143
42	23	0.227
42	24	0.158
42	25	0.143
42	26	0.056
42	27	0.122
42	28	0.186
42	29	0.02
42	30	0
42	31	0.043
42	32	0.083
42	33	0.032
42	34	0.083
42	35	0
42	36	0.077
42	37	0.033
42	38	0.067
42	39	0.043
42	40	0.042
42	41	0.111
42	42	0
42	43	0.1
42	44	0.292
43	0	0.42
43	1	0.4
43	2	0.406
43	3	0.083
43	4	0.158
43	5	0.125
43	6	0.258
43	7	0.312
43	8	0.348
43	9	0.278
43	10	0.417
43	11	0.35
43	12	0.477
43	13	0.518
43	14	0.439
43	15	0.39
43	16	0.303
43	17	0.3
43	18	0.225
43	19	0.167
43	20	0.229
43	21	0.417
43	22	0.192
43	23	0.353
43	24	0.267
43	25	0.312
43	26	0.211
43	27	0
43	28	0.28
43	29	0
43	30	0
43	31	0
43	32	0
43	33	0.111
43	34	0
43	35	0
43	36	0
43	37	0
43	38	0
43	39	0
43	40	0.095
43	41	0.043
43	42	0
43	43	0.273
43	44	0.172
44	0	0.565
44	1	0.789
44	2	0.69
44	3	0.35
44	4	0.522
44	5	0.312
44	6	0.583
44	7	0.636
44	8	0.438
44	9	0.6
44	10	0.625
44	11	0.562
44	12	0.682
44	13	0.627
44	14	0.581
44	15	0.629
44	16	0.677
44	17	0.5
44	18	0.378
44	19	0.353
44	20	0.308
44	21	0.333
44	22	0.265
44	23	0.416
44	24	0.5
44	25	0.37
44	26	0.227
44	27	0.119
44	28	0.104
44	29	0
44	30	0
44	31	0
44	32	0.042
44	33	0
44	34	0
44	35	0
44	36	0
44	37	0
44	38	0
44	39	0
44	40	0
44	41	0.231
44	42	0.25
44	43	0.167
44	44	0.134
45	0	0.4
45	1	0.629
45	2	0.381
45	3	0.312
45	4	0.167
45	5	0.091
45	6	0.238
45	7	0.316
45	8	0.444
45	9	0.286
45	10	0.182
45	11	0.481
45	12	0.529
45	13	0.556
45	14	0.593
45	15	0.567
45	16	0.522
45	17	0.259
45	18	0.265
45	19	0.133
45	20	0.217
45	21	0.105
45	22	0.222
45	23	0.34
45	24	0.3
45	25	0.238
45	26	0.172
45	27	0.1
45	28	0
45	29	0
45	30	0
45	31	0
45	32	0.083
45	33	0
45	34	0.091
45	35	0
45	36	0
45	37	0.026
45	38	0
45	39	0.028
45	40	0.053
45	41	0.152
45	42	0.259
45	43	0.067
45	44	0.411
46	0	0.393
46	1	0.447
46	2	0.514
46	3	0.281
46	4	0.375
46	5	0.12
46	6	0.194
46	7	0.095
46	8	0.303
46	9	0.25
46	10	0.286
46	11	0.311
46	12	0.444
46	13	0.459
46	14	0.442
46	15	0.44
46	16	0.265
46	17	0.262
46	18	0.216
46	19	0.25
46	20	0.071
46	21	0.278
46	22	0.238
46	23	0.346
46	24	0.4
46	25	0.211
46	26	0.194
46	27	0.241
46	28	0.122
46	29	0.077
46	30	0.105
46	31	0.077
46	32	0
46	33	0
46	34	0
46	35	0
46	36	0
46	37	0.037
46	38	0
46	39	0
46	40	0
46	41	0.208
46	42	0
46	43	0.143
46	44	0.147
47	0	0.4
47	1	0.488
47	2	0.343
47	3	0.115
47	4	0.08
47	5	0.118
47	6	0.222
47	7	0.211
47	8	0.333
47	9	0.222
47	10	0.357
47	11	0.289
47	12	0.37
47	13	0.375
47	14	0.367
47	15	0.2
47	16	0.24
47	17	0.143
47	18	0.157
47	19	0.111
47	20	0.062
47	21	0.211
47	22	0.216
47	23	0.353
47	24	0.19
47	25	0.269
47	26	0.143
47	27	0.135
47	28	0.039
47	29	0.026
47	30	0.074
47	31	0.062
47	32	0.061
47	33	0
47	34	0
47	35	0
47	36	0
47	37	0.029
47	38	0
47	39	0
47	40	0.034
47	41	0.074
47	42	0.083
47	43	0
47	44	0.133
48	0	0.661
48	1	0.794
48	2	0.703
48	3	0.633
48	4	0.545
48	5	0.294
48	6	0.6
48	7	0.368
48	8	0.478
48	9	0.579
48	10	0.467
48	11	0.574
48	12	0.627
48	13	0.513
48	14	0.6
48	15	0.558
48	16	0.486
48	17	0.367
48	18	0.275
48	19	0.45
48	20	0.212
48	21	0.316
48	22	0.207
48	23	0.321
48	24	0.176
48	25	0.25
48	26	0.258
48	27	0.194
48	28	0.152
48	29	0
48	30	0
48	31	0
48	32	0.154
48	33	0.056
48	34	0
48	35	0
48	36	0
48	37	0.029
48	38	0
48	39	0.045
48	40	0.15
48	41	0.171
48	42	0.118
48	43	0
48	44	0.1
49	0	0.481
49	1	0.54
49	2	0.419
49	3	0.333
49	4	0.318
49	5	0.267
49	6	0.267
49	7	0.25
49	8	0.267
49	9	0.278
49	10	0.25
49	11	0.467
49	12	0.667
49	13	0.75
49	14	0.775
49	15	0.676
49	16	0.636
49	17	0.34
49	18	0.264
49	19	0.148
49	20	0.105
49	21	0.105
49	22	0.265
49	23	0.253
49	24	0.16
49	25	0.065
49	26	0.14
49	27	0.068
49	28	0.102
49	29	0.025
49	30	0.038
49	31	0
49	32	0.029
49	33	0
49	34	0
49	35	0
49	36	0
49	37	0
49	38	0
49	39	0
49	40	0.036
49	41	0.091
49	42	0.088
49	43	0.077
49	44	0
50	0	0.39
50	1	0.446
50	2	0.429
50	3	0.414
50	4	0.25
50	5	0.118
50	6	0.344
50	7	0.353
50	8	0.143
50	9	0.158
50	10	0.353
50	11	0.333
50	12	0.413
50	13	0.486
50	14	0.54
50	15	0.588
50	16	0.468
50	17	0.365
50	18	0.328
50	19	0.379
50	20	0.216
50	21	0.321
50	22	0.381
50	23	0.405
50	24	0.3
50	25	0.233
50	26	0.282
50	27	0.095
50	28	0.182
50	29	0.057
50	30	0.062
50	31	0
50	32	0.043
50	33	0.059
50	34	0
50	35	0
50	36	0.077
50	37	0.048
50	38	0.105
50	39	0
50	40	0.286
50	41	0.1
50	42	0.333
50	43	0
50	44	0.062
51	0	0.333
51	1	0.394
51	2	0.312
51	3	0.143
51	4	0.125
51	5	0.154
51	6	0.208
51	7	0.25
51	8	0.286
51	9	0.308
51	10	0.4
51	11	0.211
51	12	0.345
51	13	0.434
51	14	0.4
51	15	0.333
51	16	0.394
51	17	0.364
51	18	0.442
51	19	0.316
51	20	0.304
51	21	0.533
51	22	0.292
51	23	0.289
51	24	0.2
51	25	0.176
51	26	0.179
51	27	0.097
51	28	0.135
51	29	0.061
51	30	0
51	31	0.043
51	32	0.069
51	33	0
51	34	0
51	35	0
51	36	0
51	37	0
51	38	0.061
51	39	0.02
51	40	0.14
51	41	0.118
51	42	0
51	43	0.071
51	44	0.461
52	0	0.45
52	1	0.513
52	2	0.393
52	3	0.276
52	4	0.348
52	5	0.2
52	6	0.324
52	7	0.333
52	8	0.455
52	9	0.381
52	10	0.222
52	11	0.526
52	12	0.5
52	13	0.616
52	14	0.577
52	15	0.468
52	16	0.61
52	17	0.392
52	18	0.444
52	19	0.353
52	20	0.308
52	21	0.118
52	22	0.36
52	23	0.417
52	24	0.467
52	25	0.348
52	26	0.345
52	27	0.194
52	28	0.283
52	29	0.037
52	30	0.059
52	31	0.059
52	32	0.15
52	33	0.118
52	34	0.222
52	35	0
52	36	0
52	37	0.167
52	38	0
52	39	0
52	40	0
52	41	0.214
52	42	0.111
52	43	0
52	44	0.516
53	0	0.388
53	1	0.553
53	2	0.32
53	3	0.406
53	4	0.35
53	5	0.333
53	6	0.357
53	7	0.5
53	8	0.4
53	9	0.333
53	10	0.588
53	11	0.517
53	12	0.625
53	13	0.547
53	14	0.575
53	15	0.575
53	16	0.645
53	17	0.306
53	18	0.245
53	19	0.188
53	20	0.219
53	21	0.269
53	22	0.121
53	23	0.38
53	24	0.4
53	25	0.154
53	26	0.133
53	27	0.064
53	28	0.056
53	29	0.05
53	30	0.05
53	31	0.071
53	32	0.167
53	33	0.071
53	34	0
53	35	0.083
53	36	0.111
53	37	0
53	38	0.192
53	39	0.136
53	40	0.143
53	41	0.229
53	42	0.062
53	43	0.444
53	44	0.254
54	0	0.386
54	1	0.403
54	2	0.344
54	3	0.222
54	4	0.323
54	5	0.238
54	6	0.273
54	7	0.174
54	8	0.231
54	9	0.286
54	10	0.15
54	11	0.333
54	12	0.354
54	13	0.412
54	14	0.551
54	15	0.429
54	16	0.39
54	17	0.163
54	18	0.19
54	19	0.214
54	20	0.094
54	21	0.172
54	22	0.206
54	23	0.181
54	24	0.174
54	25	0.077
54	26	0.087
54	27	0.146
54	28	0.155
54	29	0.023
54	30	0.05
54	31	0
54	32	0.185
54	33	0.1
54	34	0
54	35	0
54	36	0
54	37	0
54	38	0
54	39	0
54	40	0.222
54	41	0.222
54	42	0
54	43	0.333
54	44	0
55	0	0.354
55	1	0.359
55	2	0.143
55	3	0.353
55	4	0.174
55	5	0.167
55	6	0.222
55	7	0.25
55	8	0.25
55	9	0.25
55	10	0.111
55	11	0.36
55	12	0.45
55	13	0.415
55	14	0.387
55	15	0.32
55	16	0.381
55	17	0.25
55	18	0.125
55	19	0.087
55	20	0
55	21	0
55	22	0.107
55	23	0.341
55	24	0.278
55	25	0.235
55	26	0.16
55	27	0.103
55	28	0.143
55	29	0
55	30	0
55	31	0.056
55	32	0.133
55	33	0.048
55	34	0
55	35	0.042
55	36	0
55	37	0.042
55	38	0
55	39	0
55	40	0.027
55	41	0.125
55	42	0.08
55	43	0
55	44	0.198
56	0	0.283
56	1	0.426
56	2	0.286
56	3	0.25
56	4	0.222
56	5	0.231
56	6	0.308
56	7	0.25
56	8	0.364
56	9	0.125
56	10	0.308
56	11	0.2
56	12	0.452
56	13	0.537
56	14	0.382
56	15	0.229
56	16	0.394
56	17	0.212
56	18	0.195
56	19	0.105
56	20	0.111
56	21	0.429
56	22	0.233
56	23	0.275
56	24	0.273
56	25	0.136
56	26	0.192
56	27	0.167
56	28	0.333
56	29	0.156
56	30	0.222
56	31	0.125
56	32	0.182
56	33	0.118
56	34	0.048
56	35	0.143
56	36	0.059
56	37	0.097
56	38	0.097
56	39	0.094
56	40	0.171
56	41	0.182
56	42	0.267
56	43	0.2
56	44	0.087
57	0	0.291
57	1	0.338
57	2	0.231
57	3	0.116
57	4	0.143
57	5	0.167
57	6	0.174
57	7	0.136
57	8	0.071
57	9	0.148
57	10	0.087
57	11	0.093
57	12	0.08
57	13	0.162
57	14	0.208
57	15	0.2
57	16	0.429
57	17	0.192
57	18	0.219
57	19	0.214
57	20	0.105
57	21	0
57	22	0.211
57	23	0.161
57	24	0.154
57	25	0.111
57	26	0
57	27	0.118
57	28	0.238
57	29	0.045
57	30	0
57	31	0
57	32	0.091
57	33	0.077
57	34	0
57	35	0.111
57	36	0
57	37	0.067
57	38	0.154
57	39	0.125
57	40	0.105
57	41	0.111
57	42	0.133
57	43	0.1
57	44	0.123
58	0	0.087
58	1	0.214
58	2	0.1
58	3	0.2
58	4	0.125
58	5	0.143
58	6	0.15
58	7	0.143
58	8	0.167
58	9	0.2
58	10	0.167
58	11	0.379
58	12	0.214
58	13	0.25
58	14	0.275
58	15	0.173
58	16	0.163
58	17	0.091
58	18	0.07
58	19	0.074
58	20	0.059
58	21	0.04
58	22	0.059
58	23	0.067
58	24	0.067
58	25	0.031
58	26	0.024
58	27	0.021
58	28	0.145
58	29	0
58	30	0
58	31	0
58	32	0.12
58	33	0
58	34	0
58	35	0
58	36	0
58	37	0
58	38	0
58	39	0
58	40	0
58	41	0.444
58	42	0
58	43	0.5
58	44	0.531
59	0	0.273
59	1	0.207
59	2	0.133
59	3	0.125
59	4	0.056
59	5	0.143
59	6	0.158
59	7	0
59	8	0.231
59	9	0.222
59	10	0.2
59	11	0.25
59	12	0.393
59	13	0.417
59	14	0.269
59	15	0.296
59	16	0.348
59	17	0.087
59	18	0.167
59	19	0.286
59	20	0
59	21	0.111
59	22	0.154
59	23	0.091
59	24	0.125
59	25	0.077
59	26	0.067
59	27	0
59	28	0.111
59	29	0
59	30	0
59	31	0
59	32	0
59	33	0
59	34	0
59	35	0
59	36	0
59	37	0
59	38	0
59	39	0
59	40	0.115
59	41	0.172
59	42	0
59	43	0.36
59	44	0.524
60	0	0.143
60	1	0.167
60	2	0.05
60	3	0
60	4	0.056
60	5	0
60	6	0.048
60	7	0.083
60	8	0
60	9	0.083
60	10	0
60	11	0.1
60	12	0.1
60	13	0.209
60	14	0.278
60	15	0.259
60	16	0.182
60	17	0.107
60	18	0
60	19	0
60	20	0
60	21	0
60	22	0.042
60	23	0.064
60	24	0.087
60	25	0.042
60	26	0.029
60	27	0.156
60	28	0.089
60	29	0
60	30	0
60	31	0.222
60	32	0.2
60	33	0
60	34	0
60	35	0
60	36	0
60	37	0
60	38	0
60	39	0
60	40	0
60	41	0.059
60	42	0
60	43	0.619
60	44	0.236
61	0	0.31
61	1	0.372
61	2	0.45
61	3	0.625
61	4	0.467
61	5	0.278
61	6	0.176
61	7	0.286
61	8	0.25
61	9	0.214
61	10	0.2
61	11	0.318
61	12	0.172
61	13	0.233
61	14	0.192
61	15	0.25
61	16	0.231
61	17	0.095
61	18	0.103
61	19	0.158
61	20	0.048
61	21	0
61	22	0.111
61	23	0.212
61	24	0.125
61	25	0.048
61	26	0.167
61	27	0.038
61	28	0.065
61	29	0
61	30	0
61	31	0
61	32	0.174
61	33	0
61	34	0
61	35	0
61	36	0
61	37	0
61	38	0
61	39	0
61	40	0
61	41	0.083
61	42	0
61	43	0
61	44	0.436
62	0	0.25
62	1	0.302
62	2	0.269
62	3	0.29
62	4	0.2
62	5	0.385
62	6	0.212
62	7	0.167
62	8	0.278
62	9	0.217
62	10	0.25
62	11	0.324
62	12	0.471
62	13	0.357
62	14	0.071
62	15	0
62	16	0
62	17	0
62	18	0.053
62	19	0
62	20	0
62	21	0
62	22	0
62	23	0.067
62	24	0
62	25	0
62	26	0
62	27	0.083
62	28	0.083
62	29	0
62	30	0
62	31	0
62	32	0
62	33	0.053
62	34	0
62	35	0
62	36	0
62	37	0
62	38	0
62	39	0
62	40	0.042
62	41	0.13
62	42	0
62	43	0.083
62	44	0.336
63	0	0
63	1	0.12
63	2	0.077
63	3	0.091
63	4	0.091
63	5	0
63	6	0
63	7	0.111
63	8	0
63	9	0
63	10	0
63	11	0.077
63	12	0.071
63	13	0.231
63	14	0.324
63	15	0.311
63	16	0.25
63	17	0.061
63	18	0.095
63	19	0
63	20	0.065
63	21	0
63	22	0.059
63	23	0.086
63	24	0.053
63	25	0.043
63	26	0
63	27	0.102
63	28	0.039
63	29	0
63	30	0
63	31	0.05
63	32	0.185
63	33	0
63	34	0
63	35	0
63	36	0
63	37	0
63	38	0
63	39	0
63	40	0.048
63	41	0.13
63	42	0.182
63	43	0.091
63	44	1
64	0	0.36
64	1	0.383
64	2	0.25
64	3	0.208
64	4	0.381
64	5	0.133
64	6	0.3
64	7	0.312
64	8	0.267
64	9	0.176
64	10	0.333
64	11	0.387
64	12	0.375
64	13	0.489
64	14	0.44
64	15	0.423
64	16	0.565
64	17	0.222
64	18	0.138
64	19	0.286
64	20	0.077
64	21	0.167
64	22	0.133
64	23	0.192
64	24	0.125
64	25	0.182
64	26	0.1
64	27	0.062
64	28	0
64	29	0
64	30	0
64	31	0
64	32	0
64	33	0
64	34	0
64	35	0
64	36	0
64	37	0
64	38	0
64	39	0
64	40	0
64	41	0.042
64	42	0.026
64	43	0.25
64	44	0.394
65	0	0.14
65	1	0.183
65	2	0.143
65	3	0.174
65	4	0.231
65	5	0.222
65	6	0.294
65	7	0.214
65	8	0.25
65	9	0.231
65	10	0.222
65	11	0.429
65	12	0.407
65	13	0.444
65	14	0.519
65	15	0.429
65	16	0.375
65	17	0.2
65	18	0.103
65	19	0.105
65	20	0.133
65	21	0.158
65	22	0.115
65	23	0.184
65	24	0.042
65	25	0.059
65	26	0
65	27	0.143
65	28	0.174
65	29	0
65	30	0
65	31	0
65	32	0.091
65	33	0.077
65	34	0
65	35	0
65	36	0
65	37	0
65	38	0
65	39	0
65	40	0.176
65	41	0.125
65	42	0
65	43	0.4
65	44	0.434
66	0	0.323
66	1	0.5
66	2	0.385
66	3	0.158
66	4	0.3
66	5	0.059
66	6	0.179
66	7	0.118
66	8	0.3
66	9	0.053
66	10	0.143
66	11	0.156
66	12	0.216
66	13	0.286
66	14	0.306
66	15	0.345
66	16	0.296
66	17	0.333
66	18	0.211
66	19	0.077
66	20	0.077
66	21	0.25
66	22	0
66	23	0.062
66	24	0.091
66	25	0
66	26	0.143
66	27	0.03
66	28	0
66	29	0
66	30	0
66	31	0
66	32	0
66	33	0
66	34	0
66	35	0
66	36	0
66	37	0
66	38	0
66	39	0
66	40	0.211
66	41	0.182
66	42	0.154
66	43	0.375
66	44	0.024
67	0	0.333
67	1	0.107
67	2	0.107
67	3	0.095
67	4	0.08
67	5	0
67	6	0.185
67	7	0.154
67	8	0.118
67	9	0.25
67	10	0
67	11	0.185
67	12	0.282
67	13	0.375
67	14	0.276
67	15	0.152
67	16	0.167
67	17	0.059
67	18	0
67	19	0.056
67	20	0.037
67	21	0.188
67	22	0.214
67	23	0.214
67	24	0.179
67	25	0.048
67	26	0.057
67	27	0.031
67	28	0.136
67	29	0
67	30	0
67	31	0.062
67	32	0.05
67	33	0
67	34	0
67	35	0
67	36	0
67	37	0
67	38	0
67	39	0
67	40	0
67	41	0.08
67	42	0
67	43	0
67	44	0.01
68	0	0.22
68	1	0.37
68	2	0.344
68	3	0.333
68	4	0.273
68	5	0.154
68	6	0.333
68	7	0.318
68	8	0.357
68	9	0.263
68	10	0.2
68	11	0.333
68	12	0.457
68	13	0.55
68	14	0.545
68	15	0.537
68	16	0.5
68	17	0.268
68	18	0.151
68	19	0.192
68	20	0.195
68	21	0.182
68	22	0.229
68	23	0.154
68	24	0.143
68	25	0.056
68	26	0.125
68	27	0
68	28	0.174
68	29	0
68	30	0
68	31	0
68	32	0
68	33	0
68	34	0
68	35	0
68	36	0
68	37	0
68	38	0
68	39	0
68	40	0
68	41	0.071
68	42	0
68	43	0.167
68	44	0.094
69	0	0.303
69	1	0.275
69	2	0.3
69	3	0.231
69	4	0.211
69	5	0.2
69	6	0.242
69	7	0.222
69	8	0.188
69	9	0.222
69	10	0.429
69	11	0.312
69	12	0.472
69	13	0.493
69	14	0.296
69	15	0.4
69	16	0.545
69	17	0.429
69	18	0.2
69	19	0.143
69	20	0
69	21	0
69	22	0.167
69	23	0.323
69	24	0.333
69	25	0.12
69	26	0.167
69	27	0.029
69	28	0
69	29	0
69	30	0
69	31	0
69	32	0.037
69	33	0
69	34	0
69	35	0
69	36	0
69	37	0
69	38	0
69	39	0
69	40	0.059
69	41	0.174
69	42	0
69	43	0.222
69	44	0.317
70	0	0.08
70	1	0.2
70	2	0.25
70	3	0.235
70	4	0.2
70	5	0
70	6	0.133
70	7	0.222
70	8	0
70	9	0.125
70	10	0
70	11	0.167
70	12	0.143
70	13	0.143
70	14	0.071
70	15	0.3
70	16	0.4
70	17	0.042
70	18	0.143
70	19	0
70	20	0
70	21	0.1
70	22	0.143
70	23	0.242
70	24	0
70	25	0.071
70	26	0.118
70	27	0.333
70	28	0.184
70	29	0.125
70	30	0
70	31	0
70	32	0
70	33	0
70	34	0
70	35	0
70	36	0
70	37	0.105
70	38	0
70	39	0.067
70	40	0.25
70	41	0.143
70	42	0.143
70	43	0.25
70	44	0.136
71	0	0.188
71	1	0.35
71	2	0.308
71	3	0.083
71	4	0
71	5	0.2
71	6	0.167
71	7	0.25
71	8	0.143
71	9	0.091
71	10	0
71	11	0.316
71	12	0.348
71	13	0.312
71	14	0.316
71	15	0.368
71	16	0.263
71	17	0.095
71	18	0.185
71	19	0.125
71	20	0.214
71	21	0.214
71	22	0.188
71	23	0.268
71	24	0
71	25	0.4
71	26	0.5
71	27	0.182
71	28	0.154
71	29	0.143
71	30	0
71	31	0
71	32	0
71	33	0
71	34	0
71	35	0
71	36	0
71	37	0.167
71	38	0.25
71	39	0
71	40	0.286
71	41	0
71	42	0.667
71	43	0.5
71	44	0.174
72	0	0.5
72	1	0.362
72	2	0.32
72	3	0.24
72	4	0.19
72	5	0.273
72	6	0.222
72	7	0.083
72	8	0.318
72	9	0.308
72	10	0.333
72	24	0
72	25	0
72	26	0.154
72	27	0
72	28	0.105
72	29	0
72	30	0
72	31	0.167
72	32	0.111
72	33	0.167
72	34	0
72	35	0
72	36	0
72	37	0
72	38	0
72	39	0
72	40	0.1
72	41	0
72	42	0
72	43	0
72	44	0.268
73	10	0.333
73	11	0.37
73	12	0.556
73	13	0.535
73	14	0.366
73	15	0.333
73	16	0.355
73	17	0.345
73	18	0.25
73	19	0.091
73	20	0.167
73	21	0.2
73	22	0.214
73	23	0.255
73	24	0.304
73	25	0.19
73	26	0.071
73	27	0.281
73	28	0.5
74	28	0.179
74	29	0.056
74	30	0.05
74	31	0.188
74	32	0.182
74	33	0.105
74	34	0.077
74	35	0
74	36	0.143
74	37	0.081
74	38	0.077
74	39	0
74	40	0.13
74	41	0.154
74	42	0.333
74	43	0.1
74	44	0.162
75	0	0.386
75	1	0.353
75	2	0.16
75	3	0.231
75	4	0.235
75	5	0.25
75	6	0.238
75	7	0.2
75	8	0.545
75	9	0.1
75	10	0.308
75	11	0.421
75	12	0.344
75	13	0.457
75	14	0.481
75	15	0.333
75	16	0.433
75	17	0.217
75	18	0.257
75	19	0.067
75	20	0.125
75	21	1
75	22	1
75	23	0.667
75	25	0
75	26	0
75	27	0
75	28	0
75	29	0
75	31	0
75	33	0
75	35	0
75	36	0
75	38	0
75	39	0
75	40	0
75	41	0
75	42	0
75	44	0.242
76	0	0.667
76	1	0.25
76	2	0.667
76	3	0.5
76	4	0.5
76	5	0
76	6	0.5
76	7	0
76	8	0
76	9	1
76	10	1
76	11	0.5
76	12	0.667
76	13	0.5
76	14	0.667
76	15	0.6
76	16	1
76	17	1
76	18	0.8
76	19	0
76	20	0
76	21	0.048
76	22	0.095
76	23	0.192
76	24	0.2
76	25	0.185
76	26	0.043
76	27	0.172
76	28	0.356
76	29	0.182
76	30	0
76	31	0
76	32	0.062
76	33	0
76	34	0
76	35	0
76	36	0
76	37	0
76	38	0
76	39	0
76	40	0.056
76	41	0.053
76	42	0
76	43	0.25
76	44	0.087
77	0	0.422
77	1	0.609
77	2	0.227
77	3	0.32
77	4	0.235
77	5	0.077
77	6	0.28
77	7	0.231
77	8	0.235
77	9	0.188
77	10	0.25
77	11	0.296
77	12	0.382
77	13	0.222
77	14	0.143
77	15	0.333
77	16	0
77	17	0.2
77	18	0
77	20	0
77	21	0
77	22	0.5
77	23	0.182
77	24	0
77	25	0
77	26	0.111
77	27	0.267
77	28	0.111
77	29	0
77	30	0
77	31	0
77	32	0.143
77	33	0
77	34	0
77	35	0
77	36	0
77	37	0
77	38	0
77	39	0
77	40	0
77	41	0
77	42	0
77	43	0
77	44	0
78	12	0.857
78	13	0.524
78	14	0.484
78	15	0.391
78	16	0.52
78	17	0.214
78	18	0.229
78	19	0.25
78	20	0.05
78	21	0.4
78	22	0.2
78	23	0.462
78	24	0.167
78	25	0.062
78	26	0.167
78	27	0.129
78	28	0.157
78	29	0
78	30	0
78	31	0
78	32	0.2
79	0	0.4
79	1	0.286
79	2	0.2
79	3	0
79	4	0
79	5	0
79	6	0
79	7	0
79	8	0
79	9	0
79	11	0.333
79	12	0.286
79	13	0.286
79	14	0.167
79	15	0.286
79	16	0.143
79	17	0
79	18	0.222
79	19	0.25
79	20	0
79	21	0.2
79	22	0.25
79	23	0.4
79	24	0.5
79	25	0.25
79	26	0
79	27	0
79	28	0.083
79	29	0
79	30	0
79	31	0
79	32	0.091
79	33	0
79	34	0
79	35	0
79	36	0
79	37	0
79	38	0
79	39	0
79	40	0.125
79	41	0.042
79	42	0
79	43	0.091
79	44	0.231
80	0	0.333
80	1	0.628
80	2	0.542
80	3	0.348
80	4	0.235
80	5	0.4
80	6	0.412
80	7	0.467
80	8	0.533
80	9	0.429
80	10	0.5
80	11	0.567
80	12	0.639
80	13	0.717
80	14	0.765
80	15	0.692
80	16	0.808
80	17	0.312
80	18	0.25
80	19	0.211
81	19	0.5
81	20	0.125
81	21	0.185
81	22	0.32
81	23	0.298
81	24	0.133
81	25	0.312
81	26	0.133
81	27	0.154
81	28	0.091
81	29	0
81	30	0
81	31	0
81	32	0.059
81	33	0
81	34	0
81	35	0
81	36	0
81	37	0
81	38	0
82	0	0.133
82	1	0.389
82	2	0.167
82	3	0
82	4	0
82	5	0
82	6	0.167
82	7	0.286
82	8	0.286
82	9	0.4
82	10	0.75
82	11	0.556
82	12	0.583
82	13	0.667
82	14	0.6
82	15	0.6
82	16	0.6
82	17	0.143
82	18	0.083
82	19	0.286
82	20	0
82	21	0.2
82	22	0
82	23	0.214
82	24	0
82	25	0
82	26	0
82	27	0.083
82	28	0.3
82	29	0
82	30	0
82	31	0
82	32	0
82	33	0
82	34	0
82	35	0
82	36	0
82	37	0
82	38	0
82	39	0
82	40	0.12
82	41	0.062
82	42	0
82	43	0.091
82	44	0
83	0	0.207
83	1	0.345
83	2	0.231
83	3	0.267
83	4	0.231
83	5	0
83	6	0.25
83	7	0.1
83	8	0.125
83	9	0.091
83	10	0.2
83	11	0.067
83	12	0.286
83	13	0.321
83	14	0.3
83	15	0.238
83	16	0.348
83	17	0
83	18	0.087
83	19	0.062
83	20	0.067
83	21	0.158
83	22	0.091
83	23	0.167
83	25	0
83	26	0
83	27	0.333
83	28	0.286
83	29	0
83	30	0
83	32	0
83	33	0
83	35	0
83	36	0
83	37	0
83	38	0
83	39	0
83	40	0
83	41	0.667
83	42	0
83	44	0.222
84	0	0.167
84	1	0.167
84	2	0.333
84	3	0.167
84	4	0.167
84	5	0
84	6	0.25
84	7	0.2
84	8	0.333
84	9	0.25
84	10	0
84	11	0.125
84	12	0.333
84	13	0.333
84	14	0.429
84	15	0.429
84	16	0.167
84	17	0.571
84	18	0.333
84	19	0
84	20	0.111
84	21	0
84	22	0.2
84	23	0.114
84	24	0.118
84	25	0
84	26	0
84	27	0.075
84	28	0.273
84	29	0.062
84	30	0.083
84	31	0.091
84	32	0.091
84	33	0.091
84	34	0
84	35	0
84	36	0
84	37	0
84	38	0
84	39	0
84	40	0.062
84	41	0.067
84	42	0
84	43	0
84	44	0
85	0	0.27
85	1	0.433
85	2	0.25
85	3	0.176
85	4	0.125
85	5	0.3
85	6	0.235
85	7	0.143
85	8	0.188
85	9	0.25
85	10	0.25
85	11	0.333
85	12	0.361
85	13	0.594
85	14	0.28
85	15	0.375
85	16	0.409
85	17	0.208
85	18	0.095
85	19	0
85	20	0
85	21	0
85	22	0
85	23	0
85	24	0
85	25	0
85	26	0
85	27	0.143
85	28	0.222
85	29	0
85	30	0
85	31	0
85	32	0
85	33	0.25
85	34	0.167
85	35	0
85	36	0
85	37	0
85	38	0
85	39	0
85	40	0.125
85	41	0.125
85	42	0
85	43	0
85	44	0
86	0	0.429
86	1	0.6
86	2	0.5
86	3	0.5
86	4	0.333
86	5	0.5
86	6	0
86	7	1
86	8	0.5
86	9	0.5
86	11	0.333
86	12	0.75
86	13	1
86	14	1
86	15	1
86	16	1
86	17	1
86	18	0.333
86	19	0.273
86	20	0.25
86	21	0.385
86	22	0.333
86	23	0.405
86	24	0.5
86	25	0.286
86	26	0.176
86	27	0.185
86	28	0.333
86	29	0.111
86	30	0
86	31	0.286
86	32	0.182
86	33	0.167
86	34	0
86	35	0.143
86	36	0
86	37	0
86	38	0
86	39	0
86	40	0.188
86	41	0.389
86	42	0.273
86	43	0.167
86	44	0.425
87	0	0.246
87	1	0.2
87	2	0.286
87	3	0
87	4	0.333
87	5	0.333
87	6	0.286
87	7	0
87	8	0
87	9	0
87	10	0
87	11	0.111
87	12	0.231
87	13	0.222
87	14	0.182
87	15	0.333
87	16	0.375
87	17	0.375
87	18	0.333
87	19	0.25
87	20	0.5
87	21	0.5
87	22	0.4
87	23	0.231
87	24	0.286
87	25	0.333
87	26	0.25
87	27	0.25
87	28	0.154
87	29	0
87	30	0
87	31	0
87	32	0
87	33	0
87	34	0
87	35	0
87	36	0
87	37	0
87	38	0
87	39	0
87	40	0
87	41	0.071
87	42	0.167
87	43	0
87	44	0.333
88	0	1
88	1	0.403
88	2	0.25
88	3	0.28
88	4	0.28
88	5	0.333
88	6	0.282
88	7	0.312
88	8	0.182
88	9	0.238
88	10	0.6
88	11	0.361
88	12	0.608
88	13	0.537
88	14	0.605
88	15	0.476
88	16	0.608
88	17	0.19
89	17	0.261
89	18	0.235
89	19	0.185
89	20	0.107
89	21	0.217
89	22	0.146
89	23	0.232
89	24	0.235
89	25	0.192
89	26	0.073
89	27	0.07
89	28	0.072
89	29	0
89	30	0
89	31	0
90	0	0.667
90	1	0.909
90	2	0.846
90	3	0.429
90	4	0.556
90	5	0.25
90	6	0.667
90	7	0.6
90	8	0.375
90	9	0.5
90	31	0.053
90	32	0.069
90	33	0.048
90	34	0
90	35	0
90	36	0
90	37	0.045
90	38	0.087
90	39	0.069
90	40	0.103
90	41	0.115
90	42	0
90	43	0
90	44	0.36
91	0	0.188
91	1	0.143
91	2	0.3
91	3	0.143
91	4	0.167
91	5	0
91	6	0
91	7	0
91	8	0
91	9	0.143
91	10	0.286
91	11	0.455
91	12	0.679
91	13	0.714
91	14	0.52
91	15	0.714
91	16	0.5
91	17	0.316
91	18	0.448
91	19	0.278
91	20	0.389
91	21	0.308
91	22	0.261
91	23	0.583
91	24	0.222
91	25	0.333
91	26	0.533
91	27	0.357
91	28	0.4
91	29	0.412
91	30	0.2
91	31	0
91	32	0
91	33	0
91	34	0
91	35	0
91	36	0.143
91	37	0.2
91	38	0.143
91	39	0.111
91	40	0.333
91	41	0.182
91	42	0
91	43	0.2
91	44	0.604
92	0	0.238
92	1	0.15
92	2	0.2
92	3	0.083
92	4	0.125
92	5	0
92	6	0.3
92	7	0
92	8	0.5
92	9	0.25
92	10	0.667
92	11	0.286
92	12	0.375
92	13	0.478
92	14	0.286
92	15	0.471
92	16	0.778
92	17	0.111
92	18	0.08
92	19	0
92	20	0
92	21	0.222
92	22	0.091
92	23	0.326
92	24	0.235
92	25	0.2
92	26	0.25
92	27	0.179
92	28	0.306
92	29	0.036
92	30	0.077
92	31	0
92	32	0.15
92	33	0
92	34	0
92	35	0
92	36	0
92	37	0.13
92	38	0.2
92	39	0.077
92	40	0
92	41	0
92	42	0
92	43	0
92	44	0.027
93	0	0.46
93	1	0.64
93	2	0.652
93	3	0.542
93	4	0.484
93	5	0.273
93	6	0.679
93	7	0.5
93	8	0.4
93	9	0.5
93	10	0.667
93	11	0.722
93	12	0.8
93	13	0.757
93	14	1
93	15	0.846
93	16	0.75
93	17	0.364
93	18	0.308
93	19	0.333
93	20	0.25
93	21	0.143
93	22	0.375
93	23	0.235
93	24	0.5
93	25	0.375
93	26	0.25
93	27	0.05
93	28	0
93	29	0
93	30	0
93	31	0
93	32	0
93	33	0.25
93	34	0
93	35	0
93	36	0
93	37	0.111
93	38	0.167
93	39	0.091
93	40	0.2
93	41	0.294
93	42	0.333
93	43	0.333
93	44	0
94	13	0.75
94	14	0.68
94	15	0.765
94	16	0.818
94	17	0.519
94	18	0.412
94	19	0.45
94	20	0.333
94	21	0.368
94	22	0.36
94	23	0.405
94	24	0.455
94	25	0.278
94	26	0.414
94	27	0.045
94	28	0.098
94	29	0.037
94	30	0
94	31	0.1
94	32	0.062
94	33	0.059
94	34	0.167
94	35	0
94	36	0.1
94	37	0.033
94	38	0.048
94	39	0.105
94	40	0.19
94	41	0.235
94	42	0.182
94	43	0.25
94	44	0.267
95	0	0.294
95	1	0.333
95	2	0.258
95	3	0.111
95	4	0.19
95	5	0.067
95	6	0.259
95	7	0.231
95	8	0.15
95	9	0.333
95	10	0.214
95	11	0.345
95	12	0.385
95	13	0.481
95	14	0.353
95	15	0.4
95	16	0.273
95	17	0.154
95	18	0
95	19	0
95	20	0
95	21	0
95	22	0
95	23	0.083
95	24	0.167
95	25	0
95	26	0
95	27	0.238
95	28	0.179
95	29	0
95	30	0
95	31	0
95	32	0
95	33	0
95	34	0
95	35	0
95	36	0
95	37	0
95	38	0
95	39	0
95	40	0.1
95	41	0.125
95	42	0.2
95	43	0
95	44	0.148
96	0	0.833
96	1	0.727
96	2	0.25
96	3	0.333
96	4	0
96	5	0.333
96	6	0
96	7	0.5
96	8	1
96	9	0.333
96	10	0.667
96	11	0.8
96	12	0.8
96	13	0.359
96	14	0.714
96	15	0.485
96	16	0.433
96	17	0.36
96	18	0.182
96	19	0.25
96	20	0.13
96	21	0.125
96	22	0.103
96	23	0.292
96	24	0.263
96	25	0.176
96	26	0.233
96	27	0.158
96	28	0.152
96	29	0
96	30	0
96	31	0
96	32	0.133
96	33	0
96	34	0
96	35	0
96	36	0
96	37	0
96	38	0
96	39	0
96	40	0.059
96	41	0.417
96	42	1
96	43	0.125
96	44	0.119
97	0	0.679
97	1	0.667
97	2	0.571
97	3	0.214
97	4	0.308
97	5	0.375
97	6	0.429
97	7	0.375
97	8	0.429
97	9	0.385
97	10	0.8
97	11	0.55
97	12	0.767
97	13	0.725
97	14	0.72
97	15	0.76
97	16	0.729
97	17	0.381
97	18	0.323
97	19	0.273
97	20	0
97	21	0.167
97	22	0.077
97	23	0.238
97	24	0.333
97	25	0.1
97	26	0.286
97	27	0.278
97	28	0.263
97	29	0
97	30	0
97	31	0
97	32	0
97	33	0
97	34	0
97	35	0
97	36	0
97	37	0.172
97	38	0.091
97	39	0
97	40	0.2
97	41	0.385
97	42	0.6
97	43	0.167
97	44	0.152
98	0	0.625
98	1	0.917
98	2	0.333
98	3	0.625
98	4	0.5
98	5	0.75
98	6	0.875
98	7	0.5
98	8	1
98	9	0.833
98	10	1
98	11	0.769
98	12	0.75
98	13	0.875
98	14	0.692
98	15	0.909
98	16	0.545
98	17	0
98	18	0
98	19	0
98	20	0.067
98	21	0.111
98	22	0.105
98	23	0.128
98	24	0
98	25	0.105
98	26	0
98	27	0.234
98	28	0.132
98	29	0
98	30	0
98	31	0
98	32	0
98	33	0
98	34	0
98	35	0
98	36	0
98	37	0
98	38	0
98	39	0
98	40	0.059
98	41	0.067
98	42	0.2
98	43	0.286
98	44	0.086
99	0	0.317
99	1	0.353
99	2	0.067
99	3	0.158
99	4	0.118
99	5	0.167
99	6	0.158
99	7	0.231
99	8	0.154
99	9	0.231
99	10	0.364
99	11	0.364
99	12	0.407
99	13	0.303
99	14	0.333
99	15	0.333
99	16	0.333
99	17	0.185
99	18	0.22
99	19	0.059
99	20	0.083
99	21	0
99	22	0.3
99	23	0.16
99	24	0.222
99	25	0
99	26	0.312
99	27	0
99	28	0
99	29	0
99	30	0
99	31	0.143
99	32	0.3
99	33	0
99	34	0
99	35	0
99	36	0
99	37	0
99	38	0
99	39	0
99	40	0
99	41	0.375
99	42	0.333
99	43	0
99	44	0.279
100	0	0.333
100	1	0.65
100	2	0.333
100	3	0.429
100	4	0.308
100	5	0.2
100	6	0.333
100	7	0.286
100	8	0.25
100	9	0.333
100	10	0.667
100	11	0.643
100	12	0.562
100	13	0.7
100	14	0.812
100	15	0.632
100	16	0.538
100	17	0.333
100	18	0.538
100	19	0.455
100	20	0
100	21	0.4
100	22	0.36
100	23	0.341
100	24	0.444
100	25	0.227
100	26	0.25
100	27	0.196
100	28	0.077
100	29	0
100	30	0
100	31	0
100	32	0.062
100	33	0
100	34	0
100	35	0
100	36	0
100	37	0.088
100	38	0
100	39	0
100	40	0
100	41	0.143
100	42	0
100	43	0
100	44	0
101	0	0.512
101	1	0.459
101	2	0.462
101	3	0.35
101	4	0.273
101	5	0.308
101	6	0.333
101	7	0.2
101	8	0.364
101	9	0.308
101	10	0.2
101	11	0.36
101	12	0.429
101	13	0.415
101	14	0.417
101	15	0.321
101	16	0.31
101	17	0.333
101	18	0.294
101	19	0.176
101	20	0.211
101	21	0.368
101	22	0.222
101	23	0.333
101	24	0.333
101	25	0.286
101	26	0.071
101	27	0.053
101	28	0.074
101	29	0
101	30	0
101	31	0.125
101	32	0.25
101	33	0.1
101	34	0
101	35	0
101	36	0.385
101	37	0.368
101	38	0.385
101	39	0.2
101	40	0.214
101	41	0.167
101	42	0.364
101	43	0.167
101	44	0.171
102	0	0.455
102	1	0.667
102	2	0.421
102	3	0.417
102	4	0.364
102	5	0.571
102	6	0.5
102	7	0.364
102	8	0.538
102	9	0.6
102	10	0.444
102	11	0.478
102	12	0.414
102	13	0.478
102	14	0.625
102	15	0.583
102	16	0.167
102	17	0.4
102	18	0.273
102	19	0.25
102	20	0.143
102	21	0.25
102	22	0.074
102	23	0.474
102	24	0.375
102	25	0.154
102	26	0.2
102	27	0.25
102	28	0.175
102	29	0
102	30	0
102	31	0
102	32	0.056
102	33	0
102	34	0
102	35	0
102	36	0
102	37	0.065
102	38	0.067
102	39	0
102	40	0.077
102	41	0
102	42	0.312
102	43	0
102	44	0.188
103	0	0.6
103	1	0.6
103	2	0.6
103	3	0.333
103	4	0.2
103	5	0.2
103	6	0.308
103	7	0.364
103	8	0.385
103	9	0.25
103	10	0.333
103	11	0.588
103	12	0.8
103	13	0.842
103	14	0.613
103	15	0.676
103	16	0.5
103	17	0.267
103	18	0.242
103	19	0.263
103	20	0.154
103	21	0.211
103	22	0.152
103	23	0.345
103	24	0.25
103	25	0.444
103	26	0.278
103	27	0.367
103	28	0.333
103	29	0.118
103	30	0
103	31	0
103	32	0.1
103	33	0
103	34	0
103	35	0.167
103	36	0.222
103	37	0.235
103	38	0.1
103	39	0.167
103	40	0
103	41	0.125
103	42	0
103	43	0
103	44	0.375
104	0	0.286
104	1	0.5
104	2	0.5
104	3	0.25
104	4	0.5
104	5	1
104	6	0.3
104	7	0.442
104	8	0.143
104	9	0.5
104	10	0.5
104	11	0.5
104	12	0.714
104	13	0.643
104	14	0.667
104	15	0.636
104	16	0.727
104	17	0.333
104	18	0.2
104	19	0
104	20	0.286
104	21	0.125
104	22	0.2
104	23	0.182
104	24	0.095
104	25	0.111
104	26	0.103
104	27	0.292
104	28	0.15
104	29	0.029
104	30	0
104	31	0
104	32	0
104	33	0
104	34	0
104	35	0.125
104	36	0.25
104	37	0.167
104	38	0
104	39	0.091
104	40	0.077
104	41	0
104	42	0
104	43	0
104	44	0.132
105	0	0.4
105	1	0.457
105	2	0.35
105	3	0.25
105	4	0.182
105	5	0.3
105	6	0.208
105	7	0.417
105	8	0.238
105	9	0.3
105	10	0.333
105	11	0.37
105	12	0.303
105	13	0.385
105	14	0.5
105	15	0.457
105	16	0.3
105	17	0.3
105	18	0.273
105	19	0.125
105	20	0.167
105	21	0
105	22	0.4
105	23	0.4
105	24	0.286
105	25	0.5
105	26	0.188
105	27	0.077
105	28	0.158
105	29	0
105	30	0
105	31	0
105	32	0
105	33	0
105	34	0
105	35	0
105	36	0
105	37	0
105	38	0
105	39	0
105	40	0
105	41	0.091
105	42	0
105	43	0
105	44	0.156
106	0	0.25
106	1	0.415
106	2	0.353
106	3	0.385
106	4	0.188
106	5	0.167
106	6	0.267
106	7	0.111
106	8	0.25
106	9	0.375
106	10	0.444
106	11	0.316
106	12	0.344
106	13	0
106	16	1
106	17	0.312
106	18	0.24
106	19	0.188
106	20	0
106	21	0.083
106	22	0.176
106	23	0.167
106	24	0.143
106	25	0.143
106	26	0.05
106	27	0.111
106	28	0.233
106	29	0.176
106	30	0.111
106	31	0
106	32	0.077
106	33	0.111
106	34	0
106	35	0.111
106	36	0.077
106	37	0.167
106	38	0.2
106	39	0.25
106	40	0
106	41	0.125
106	42	0
106	43	0
106	44	0
107	13	0.467
107	14	0.5
107	15	0.538
107	16	0.429
107	17	0.333
107	18	0.618
107	19	0.35
107	20	0.5
107	21	0.4
107	22	0.409
107	23	0.368
107	24	0.278
107	25	0.214
107	26	0.286
107	27	0.222
107	28	0.225
107	29	0.037
107	30	0.091
107	31	0.083
107	32	0.267
107	33	0
107	34	0.143
107	35	0.062
107	36	0.111
107	37	0.147
107	38	0.167
107	39	0.067
107	40	0.214
107	41	0.167
108	0	0.405
108	1	0.426
108	2	0.4
108	3	0.25
108	4	0.333
108	5	0.176
108	6	0.143
108	7	0.5
108	8	0.125
108	9	0.214
108	10	0.25
108	11	0.364
108	12	0.515
108	13	0.4
108	14	0.423
108	15	0.5
108	16	0.424
108	17	0.345
108	18	0.278
108	19	0.333
108	42	0.143
108	43	0
108	44	0.167
109	19	0.25
109	20	0.182
109	21	0.182
109	22	0.094
109	23	0.188
109	24	0.174
109	25	0.167
109	26	0.15
109	27	0.097
109	28	0.196
109	29	0
109	30	0
109	31	0
109	32	0.056
109	33	0
109	34	0
109	35	0
109	36	0.053
109	37	0.07
109	38	0
109	39	0
109	40	0
110	0	0.773
110	1	0.938
110	2	0.8
110	3	0.5
110	4	0.333
110	5	0.667
110	6	0.4
110	7	0.75
110	8	0.667
110	9	1
110	10	0.8
110	11	0.833
110	12	1
110	13	1
110	14	1
110	15	0.875
110	16	0.625
110	17	0.25
110	18	0.636
110	19	0.333
110	20	0.143
110	21	0.4
110	22	0.4
110	23	0.5
110	24	0
110	25	0.2
110	26	0
110	27	0
110	28	0.353
110	29	0
110	30	0
110	31	0
110	32	0.375
110	33	0
110	34	0
110	35	0
110	36	0
110	37	0
110	38	0
110	39	0
110	40	0.28
110	41	0.292
110	42	0.133
110	43	0.111
110	44	0.254
111	0	0.348
111	1	0.667
111	2	0.75
111	3	0.333
111	4	0.667
111	5	0.333
111	6	0.5
111	7	0.75
111	8	0.6
111	9	0.6
111	10	0.667
111	11	0.7
111	12	0.857
111	13	0.857
111	14	0.667
111	15	0.929
111	16	1
111	17	0.333
111	18	0
111	19	0
111	20	0
111	21	0
111	22	0.2
111	23	0.238
111	24	0
111	25	0
111	26	0
111	27	0.263
111	28	0
111	29	0
111	30	0
111	31	0
111	32	0
111	33	0
111	34	0
111	35	0
111	36	0
111	37	0
111	38	0
111	39	0
111	40	0.167
111	41	0
111	42	0
111	43	0.5
111	44	0.385
112	0	0
112	1	0.6
112	2	0.111
112	3	0
112	4	0.125
112	5	0
112	6	0.5
112	7	0.286
112	8	0.375
112	9	0.5
112	10	1
112	11	0.4
112	12	0.727
112	13	0.571
112	14	0.333
112	15	0.688
112	16	0.562
112	17	0.417
112	18	0.5
112	19	0.25
112	20	0.083
112	21	0.333
112	22	0.364
112	23	0.32
112	24	0.429
112	25	0.1
112	26	0.25
112	27	0.071
112	28	0.286
112	29	0.118
112	30	0.143
112	31	0.286
112	32	0
112	33	0.2
112	34	0.25
112	35	0
112	36	0.167
112	37	0.158
112	38	0.111
112	39	0
112	40	0.125
112	41	0.111
112	42	0
112	43	0
112	44	0.028
113	0	0.429
113	1	0.714
113	2	0.462
113	3	0.25
113	4	0.267
113	5	0.222
113	6	0.571
113	7	0.5
113	8	0.7
113	9	0.4
113	10	0.333
113	11	0.588
113	12	0.762
113	13	0.72
113	14	0.588
113	15	0.773
113	16	0.741
113	17	0.417
113	18	0.172
113	19	0.083
113	20	0
113	21	0.167
113	22	0.368
113	23	0.244
113	24	0.167
113	25	0
114	0	0.167
114	1	0.241
114	25	0
114	26	0
114	27	0.152
114	28	0.062
114	29	0.083
114	30	0.222
114	31	0
114	32	0.25
114	33	0
114	34	0.111
114	35	0
114	36	0.143
114	37	0.296
114	38	0.235
114	39	0.083
114	40	0.083
114	41	0.214
114	42	0.167
114	43	0
114	44	0.295
115	0	0.083
115	1	0.111
115	2	0.114
115	3	0.16
115	4	0.143
115	5	0
115	6	0.075
115	7	0.1
115	8	0.08
115	9	0.122
115	10	0.182
115	11	0.2
115	12	0.216
115	13	0.274
115	14	0.298
115	15	0.364
115	16	0.356
115	17	0.265
115	18	0.16
115	19	0
115	20	0.071
115	21	0.083
115	22	0.12
115	23	0.375
116	17	0
116	18	0.176
116	19	0.091
116	20	0.071
116	21	0.071
116	22	0.154
116	23	0.2
116	24	0.276
116	25	0.156
116	26	0.167
116	27	0.218
116	28	0.294
116	29	0.053
116	30	0.048
116	31	0.053
116	32	0.032
116	33	0
116	34	0.067
116	35	0
116	36	0.044
116	37	0.065
116	38	0.032
116	39	0.036
116	40	0.04
116	41	0.065
116	42	0
116	43	0
116	44	0.07
117	0	0.121
117	1	0.365
117	2	0.143
117	3	0.19
117	4	0.088
117	5	0.067
117	6	0.107
117	7	0.19
117	8	0.238
117	9	0.368
117	10	0.308
117	11	0.32
117	12	0.643
117	13	0.786
117	14	0.818
117	15	0.857
117	16	0.882
117	17	0.273
117	18	0
117	19	0.125
117	20	0
117	21	0
117	22	0
117	23	0.042
117	24	0.4
117	25	0
117	26	0
117	27	0.071
117	28	0.143
117	29	0
117	30	0
117	31	0
117	32	0.125
117	33	0
117	34	0
117	35	0
117	36	0
117	38	0
117	39	0
117	40	0
117	41	0
117	44	0.153
118	0	0.333
118	1	0.471
118	2	0.455
118	3	0.143
118	4	0.167
118	5	0.333
118	6	0.222
118	7	0.2
118	8	0.333
118	9	0.4
118	11	0.292
118	12	0.209
118	13	0.229
118	14	0.182
118	15	0.143
118	16	0.125
118	17	0.103
118	18	0.147
118	19	0.133
118	20	0.107
118	21	0.08
118	22	0.143
118	23	0.195
118	24	0.136
118	25	0.227
118	26	0.317
118	27	0.212
118	28	0.75
118	29	0.25
118	37	0
118	38	0
118	39	0
118	40	0.111
118	41	0
118	42	0
118	43	0
118	44	0
119	0	0.522
119	1	0.595
119	2	0.467
119	3	0.4
119	4	0.375
119	5	0.333
119	6	0.467
119	7	0.429
119	8	0.429
119	9	0.667
119	10	0.333
119	11	0.438
119	12	0.389
119	13	0.577
119	14	0.471
119	15	0.619
119	16	0.611
119	27	0.2
119	28	0.143
119	29	0.071
119	30	0.053
119	31	0.154
119	32	0.115
119	33	0.045
119	34	0.125
119	35	0
119	36	0.062
119	37	0.062
119	38	0.053
119	39	0.037
119	40	0.13
119	41	0.192
119	42	0.05
119	43	0
119	44	0.364
120	0	0.118
120	1	0.059
120	2	0.182
120	3	0.333
120	4	0.143
120	5	0.25
120	6	0
120	7	0.167
120	8	0.333
120	9	0
120	10	0.4
120	11	0.1
120	12	0.125
120	13	0.118
120	14	0.1
120	15	0
120	16	0.263
120	17	0.296
120	18	0.417
120	19	0.227
120	20	0.053
120	21	0.278
120	22	0.08
120	23	0.375
120	24	0.333
120	25	0.25
120	26	0.185
120	27	0.297
120	28	0.2
120	29	0
120	30	0
120	31	0
120	32	0.077
120	44	0.318
121	0	0.258
121	1	0.375
121	2	0.379
121	3	0
121	4	0.133
121	5	0.125
121	6	0.273
121	7	0.364
121	8	0.304
121	9	0.333
121	10	0.3
121	11	0.359
121	12	0.5
121	32	0
121	33	0
121	34	0
121	35	0
121	36	0
121	37	0
121	38	0
121	39	0
121	40	0
121	41	0
121	42	0.125
121	43	0.125
121	44	0.095
122	12	0.333
122	13	0.5
122	14	0.41
122	15	0.5
122	16	0.735
122	17	0.194
122	18	0.163
122	19	0.167
122	20	0.179
122	21	0.25
122	22	0.231
122	23	0.382
122	24	0.385
122	25	0.28
122	26	0.088
122	27	0.121
122	28	0.118
122	29	0
122	30	0
122	31	0
122	32	0
122	33	0
122	35	0.125
122	36	0.125
122	37	0
123	0	0.789
123	1	0.615
123	2	0.3
123	3	0.364
123	4	0.125
123	5	0.167
123	6	0.25
123	7	0.143
123	8	0.143
123	9	0.286
123	10	0.333
123	11	0.467
123	12	0.769
123	13	0.75
123	14	0.556
123	15	0.846
123	16	0.913
123	17	0.438
123	18	0.471
123	19	0.222
123	27	0.25
123	28	0.133
123	29	0
123	30	0
123	31	0
123	32	0
123	33	0
123	34	0
123	35	0
123	36	0
123	37	0
123	38	0
123	39	0
123	40	0.037
123	41	0.03
123	42	0
123	43	0.111
123	44	0.064
124	0	0.379
124	1	0.492
124	2	0.143
124	3	0.429
124	4	0.429
124	5	0.333
124	6	0.167
124	7	0
124	8	0.5
124	9	0.5
124	10	1
124	11	0.5
124	12	0.667
124	13	0.5
124	14	0
124	15	0.5
124	16	0
124	17	0.5
124	18	0
124	19	0.333
124	20	0.111
124	21	0.1
124	22	0.136
124	23	0.154
124	24	0.182
124	25	0.154
124	26	0.167
124	27	0.038
124	28	0.074
124	29	0
124	30	0
124	31	0
124	32	0.286
124	33	0.1
124	34	0
124	35	0
124	36	0
124	37	0
124	38	0
124	39	0
124	40	0
124	41	0.364
124	42	0
124	43	0
124	44	0.088
125	0	0.3
125	1	0.633
125	2	0.35
125	3	0.231
125	4	0.25
125	5	0.053
125	6	0.333
125	7	0.211
125	8	0.263
125	9	0.227
125	10	0.231
125	11	0.371
125	12	0.561
125	13	0.596
125	14	0.435
125	15	0.556
125	16	0.75
125	17	0.375
125	18	0.182
125	19	0
125	20	0
125	21	0
125	22	0
125	23	0.105
125	24	0
125	25	0
125	26	0
125	27	0.273
125	28	0.125
125	29	0
125	30	0
125	31	0
125	32	0
125	33	0
125	35	0
125	36	0
125	37	0
125	38	0
125	39	0
125	40	0
125	41	0
125	42	0
125	43	0
126	5	0
126	6	0.2
126	7	0.286
126	8	0.3
126	9	0.333
126	10	0.286
126	11	0.25
126	12	0.385
126	13	0.448
126	14	0.5
126	15	0.529
126	16	0.5
126	17	0.182
126	18	0.13
126	19	0.04
126	20	0.029
126	21	0.033
126	22	0.121
126	23	0.167
126	24	0.086
126	25	0.062
126	26	0.062
126	27	0.079
126	28	0.2
127	0	0.727
127	1	0.923
127	2	0.75
127	3	0.25
127	4	0.75
127	5	0.333
127	6	0.75
127	7	1
127	8	0.5
127	9	0.667
127	10	0.667
127	11	0.75
127	12	0.6
127	13	0.714
127	14	0.75
127	15	0.75
127	16	0.833
127	17	0.286
127	18	0
127	19	0
127	20	0
127	21	0
127	22	0
127	23	0.091
127	24	0.167
127	28	0.182
127	29	0
127	30	0
127	31	0
127	32	0.053
127	33	0
127	34	0
127	35	0
127	36	0
127	37	0
127	38	0.032
127	39	0
127	40	0.062
127	41	0.033
127	42	0
127	43	0
127	44	0
128	0	0.509
128	1	0.45
128	2	0.344
128	3	0.15
128	4	0.143
128	5	0.333
128	6	0.25
128	7	0.375
128	8	0.182
128	9	0.278
128	10	0.308
128	11	0.412
128	12	0.611
128	13	0.722
128	14	0.545
128	15	0.5
128	16	0.5
128	25	0
128	26	0
128	27	0
128	28	0
128	29	0
128	30	0
128	31	0
128	32	0
128	33	0
128	35	0
128	36	0
128	37	0
128	38	0
128	39	0
128	40	0
128	41	0
128	42	0
128	43	0.083
128	44	0.485
129	0	0.483
129	1	0
129	3	0
129	5	0
129	6	0
129	8	0
129	9	0
129	11	0.273
129	12	0.167
129	13	0.27
129	14	0.333
129	15	0.172
129	16	0.25
129	17	0.189
129	18	0.083
129	19	0.087
129	20	0.1
129	21	0
129	22	0.031
129	23	0.213
129	24	0
129	25	0
129	26	0
129	27	0.071
129	28	0
129	29	0
129	30	0
129	31	0
129	32	0.1
129	33	0
129	34	0
129	35	0
129	36	0
129	37	0
129	38	0
129	39	0
129	40	0
129	41	0.25
129	42	0
129	43	0.25
129	44	0.667
130	0	0.32
130	1	0.644
130	2	0.435
130	3	0.333
130	4	0.438
130	5	0.133
130	6	0.3
130	7	0.333
130	8	0.316
130	9	0.222
130	10	0.385
130	11	0.583
130	12	0.553
130	13	0.593
130	23	0.273
130	24	0.222
130	25	0
130	26	0.045
130	27	0.161
130	28	0.25
130	29	0.062
130	30	0.091
130	31	0.2
130	32	0.071
130	33	0.105
130	34	0
130	35	0.083
130	36	0.077
130	37	0.1
130	38	0.143
130	39	0.077
130	40	0
131	0	0.571
131	1	0.632
131	2	0.4
131	3	0.25
131	4	0.143
131	5	0.25
131	6	0.167
131	7	0
131	8	0.333
131	9	0.25
131	10	0
131	11	0.429
131	12	0.286
131	13	0.458
131	14	0.486
131	15	0.342
131	16	0.417
131	17	0.282
131	18	0.257
131	19	0.19
131	20	0.219
131	21	0.05
131	22	0.25
131	23	0.167
131	24	0.111
131	25	0.053
131	26	0.143
131	40	0.5
131	41	0.167
131	42	0.167
131	43	0
131	44	0.344
132	0	0.207
132	1	0.472
132	2	0.333
132	3	0.2
132	4	0.167
132	5	0.5
132	6	0.385
132	7	0.125
132	8	0.5
132	23	0.571
132	24	0.25
132	25	0.333
132	26	0.091
132	27	0.237
132	28	0.268
132	29	0.174
132	30	0.154
132	31	0.095
132	32	0.071
132	33	0.1
132	34	0
132	35	0.118
132	36	0
132	37	0.147
132	38	0.136
132	39	0.071
132	40	0.136
132	41	0.115
132	42	0.667
132	43	1
132	44	0.389
133	0	0.435
133	1	0.434
133	2	0.435
133	3	0.4
133	4	0.273
133	5	0.312
133	6	0.389
133	8	0.1
133	9	0
133	10	0.143
133	11	0.25
133	12	0.217
133	13	0.174
133	14	0.214
133	15	0.333
133	16	0.167
133	17	0
133	18	0.143
133	19	0.091
133	20	0
133	21	0
133	22	0.133
133	23	0.103
133	24	0.1
133	25	0.1
133	26	0.105
133	27	0.1
133	42	0
133	43	0.091
133	44	0.431
134	0	1
134	6	0
134	7	0.5
134	8	0.524
134	9	0.6
134	10	0.615
134	11	0.679
134	12	0.765
134	13	0.864
134	14	0.9
134	15	0.842
134	16	0.8
134	17	0.267
134	18	0
134	27	0
134	28	0.136
134	29	0
134	30	0
134	31	0
134	32	0
134	33	0
134	34	0
134	35	0
134	36	0
134	37	0.053
134	38	0.125
134	39	0.091
134	40	0.091
134	41	0.25
134	42	0.154
134	43	0
134	44	0.545
135	0	0.657
135	1	0.675
135	2	0.571
135	3	0.188
135	4	0.3
135	5	0.071
135	6	0.375
135	7	0.364
135	8	0.438
135	9	0.6
135	10	0.583
135	11	0.421
135	12	0.556
135	13	0.654
135	14	1
135	18	0.333
135	19	0
135	20	0.04
135	21	0
135	22	0.056
135	23	0.176
135	24	0.077
135	25	0.105
135	26	0.043
135	27	0.308
135	28	0.162
135	29	0
135	30	0
135	31	0
135	32	0
135	33	0
136	14	0.619
136	15	0.733
136	16	0.786
136	17	0.577
136	18	0.542
136	19	0.312
136	20	0.235
136	21	0.3
136	22	0.417
136	23	0.548
136	24	0.625
136	25	0.143
136	26	0
136	33	0
136	34	0
136	35	0
136	36	0
136	37	0
136	38	0
136	39	0
136	40	0
136	41	0.16
136	42	0
136	43	0.125
136	44	0.522
137	0	0.667
137	1	0.667
137	2	0.8
137	3	0.714
137	4	0.571
137	5	0.5
137	6	0.333
137	7	0.333
137	8	0
137	9	0.333
137	10	0.25
137	11	0.5
137	26	0.4
137	27	0.16
137	28	0.294
137	29	0.115
137	30	0.333
137	31	0
137	32	0.294
137	33	0
137	34	0.222
137	35	0
137	36	0
137	37	0.056
137	38	0.071
137	39	0.071
137	40	0.2
137	41	0.1
137	44	0.111
138	0	0.757
138	1	0.767
138	2	0.2
138	11	0.5
138	12	0.733
138	13	0.647
138	14	0.733
138	15	0.571
138	16	0.545
138	17	0.273
138	18	0.353
138	19	0.429
138	20	0.25
138	21	0.2
138	22	0.5
138	23	0.278
138	24	0.143
138	25	0.143
138	26	0.083
138	27	0.182
138	28	0
138	29	0
138	30	0
138	31	0
138	32	0
138	33	0
138	34	0
138	41	0.6
138	42	0.235
138	43	0
138	44	0.5
139	0	0.25
139	1	0.222
139	2	0.444
139	3	0.25
139	4	0
139	5	0.222
139	6	0.083
139	7	0.1
139	8	0.35
139	9	0.444
139	10	0.444
139	11	0.267
139	12	0.5
139	13	0.375
139	14	0.526
139	15	0.655
139	16	0.556
139	17	0.545
139	18	0.6
139	19	0.333
139	20	0.375
139	21	0.429
139	22	0.5
139	23	0.45
139	35	0
139	36	0
139	37	0
139	38	0
139	39	0
139	40	0
139	41	0
139	43	0
139	44	0.065
140	0	0.481
140	1	0.557
140	2	0.4
140	3	0.167
140	17	0.667
140	18	0.333
140	19	0.333
140	20	0.333
140	21	0
140	22	0.4
140	23	0.6
140	24	0.412
140	25	0.231
140	26	0.211
140	27	0.333
140	28	0.48
140	29	0.111
140	30	0.214
140	31	0.143
140	32	0.286
140	33	0
140	34	0
140	35	0
140	36	0
140	37	0.294
140	38	0.2
140	39	0.167
140	40	0.143
140	41	0.417
140	42	0.2
140	43	0.4
140	44	0.313
141	1	0.6
141	2	0.2
141	3	0
141	4	0.167
141	5	0
141	6	0.304
141	7	0.375
141	8	0.5
141	9	0.4
141	10	0.3
141	11	0.514
141	12	0.611
141	13	0.592
141	14	0.45
141	15	0.364
141	16	0.333
141	17	0.222
141	18	0.333
141	19	0.2
141	20	0.333
141	21	0
141	22	0.25
141	23	0.3
141	24	0.5
141	25	0.333
141	26	0
141	27	0
141	28	0
141	29	0
141	30	0
141	31	0
142	0	0.85
142	1	0.875
142	2	0.6
142	3	0.4
142	4	0
142	5	0.25
142	6	0
142	7	0.333
142	8	0.333
142	9	0.5
142	10	1
142	11	1
142	12	1
142	13	0.846
142	14	0.733
142	15	0.774
142	16	0.667
142	17	0.478
142	18	0.478
142	19	0.071
142	20	0.158
142	21	0.125
142	22	0.056
142	23	0.261
142	24	0.375
142	25	0
142	32	0
142	33	0
142	34	0
142	35	0
142	37	0
142	38	0
142	39	0
142	40	0
142	41	0.25
142	42	0
142	43	0
142	44	0.526
143	16	0.7
143	17	0.286
143	18	0.143
143	19	0.286
143	20	0
143	21	0.5
143	22	0.455
143	23	0.417
143	24	0.375
143	25	0.294
143	26	0.179
143	27	0.276
143	28	0.385
143	29	0.12
143	30	0
143	31	0
143	32	0
143	33	0
143	34	0
143	35	0
143	36	0
143	37	0
