"time"	"distance"	"value"
36	0	0
36	1	0
36	2	0
36	3	0
36	4	0
36	5	0
36	6	0
36	7	0
36	8	0
36	9	0
36	10	0
36	11	0
36	12	0
36	13	0
36	14	0
36	15	0
36	16	0
36	17	0.013
36	18	0
36	19	0
36	20	0
36	21	0
36	22	0
36	23	0
36	24	0.093
36	25	0.195
36	26	0.04
36	27	0.062
36	28	0.043
36	29	0.079
36	30	0.264
36	31	0.105
36	32	0
36	33	0.083
36	34	0.235
36	35	0.176
36	36	0.164
36	37	0.237
36	38	0.087
36	39	0.104
36	40	0.375
36	41	0.329
36	42	0.212
36	43	0.186
36	44	0.133
36	45	0.295
36	46	0.393
36	47	0.309
36	48	0.487
36	49	0.469
36	50	0.455
36	51	0.381
37	24	0
37	25	0
37	27	0
37	29	0
37	30	0
37	35	0
37	36	0
37	37	0
37	38	0
37	39	0
37	41	0
37	42	0
37	44	0
37	47	0
37	48	0
37	49	0
37	50	0
37	51	0
38	0	0
38	1	0
38	2	0
38	3	0
38	4	0
38	5	0
38	6	0
38	7	0
38	8	0
38	9	0
38	10	0
38	11	0
38	12	0
38	13	0
38	14	0
38	15	0
38	16	0
38	17	0
38	19	0
38	20	0
38	21	0
38	22	0
38	23	0
38	24	0.214
38	25	0.333
38	26	0.167
38	27	0
38	28	0.143
38	29	0.333
38	30	0
38	31	0.111
38	32	0.5
38	33	0.667
38	34	0
38	35	0.154
38	36	0.263
38	37	0.12
38	38	0.043
38	39	0.04
38	40	0
38	41	0.033
38	42	0.05
38	43	0
38	44	0.033
38	45	0.065
38	46	0.062
38	47	0.032
38	48	0.065
38	49	0.05
38	50	0.134
38	51	0.04
39	0	0
39	1	0
39	2	0
39	3	0
39	4	0
39	5	0
39	6	0
39	7	0
39	8	0
39	9	0
39	10	0
39	11	0
39	12	0
39	13	0
39	14	0
39	15	0
39	16	0
39	17	0
39	18	0
39	19	0
39	20	0
39	21	0
39	22	0
39	23	0
39	24	0.182
39	25	0.263
39	26	0.294
39	27	0.333
39	28	0.087
39	29	0.111
39	30	0.294
39	31	0.273
39	32	0.25
39	33	0
39	34	0.333
39	35	0.182
39	36	0.3
39	37	0.226
39	38	0.125
39	39	0.095
39	40	0.2
39	41	0.333
39	42	0.25
39	43	0.267
39	44	0.421
39	45	0.581
39	46	0.424
39	47	0.444
39	48	0.458
39	49	0.458
39	50	0.473
39	51	0.289
40	0	0
40	1	0
40	2	0
40	3	0
40	4	0
40	5	0
40	6	0
40	7	0
40	8	0
40	9	0
40	10	0
40	11	0
40	12	0
40	13	0
40	14	0
40	15	0
40	16	0
40	17	0
40	18	0
40	19	0
40	20	0
40	21	0
40	22	0
40	23	0
40	24	0.444
40	25	0.429
40	26	0.286
40	27	0
40	28	0.143
40	29	0.167
40	30	0
40	31	0.125
40	34	0
40	35	0.1
40	36	0.222
40	37	0.091
40	38	0
40	39	0.111
40	40	0
40	41	0.2
40	42	0.2
40	43	0.143
40	44	0.25
40	45	0.25
40	46	0.571
40	47	0.444
40	48	0.692
40	49	0.5
40	50	0.64
40	51	0.643
41	0	0
41	1	0
41	2	0
41	3	0
41	4	0
41	5	0
41	6	0
41	7	0
41	8	0
41	9	0
41	10	0
41	11	0
41	12	0
41	13	0
41	14	0
41	15	0
41	16	0
41	17	0
41	18	0
41	19	0
41	20	0
41	21	0
41	22	0
41	23	0
41	24	0.147
41	25	0.115
41	26	0
41	27	0.143
41	28	0.133
41	29	0.167
41	30	0.067
41	31	0.13
41	32	0
41	33	0.273
41	34	0.222
41	35	0.111
41	36	0
41	37	0
41	38	0
41	39	0.067
41	40	0
41	41	0.095
41	42	0.077
41	43	0.062
41	44	0.25
41	45	0.261
41	46	0.136
41	47	0.24
41	48	0.206
41	49	0.256
41	50	0.468
41	51	0.257
42	0	0
42	1	0
42	2	0
42	3	0
42	4	0
42	5	0
42	6	0
42	7	0
42	8	0
42	9	0
42	10	0
42	11	0
42	12	0
42	13	0
42	14	0
42	15	0
42	16	0
42	17	0
42	18	0
42	19	0
42	20	0
42	21	0
42	22	0
42	23	0
42	24	0.033
42	25	0.19
42	26	0.087
42	27	0.083
42	28	0.038
42	29	0
42	30	0.04
42	31	0.075
42	32	1
42	33	0.25
42	34	0.143
42	35	0.122
42	36	0.156
42	37	0.125
42	38	0.235
42	39	0.125
42	40	0
42	41	0.129
42	42	0.188
42	43	0
42	44	0.083
42	45	0.179
42	46	0.207
42	47	0.143
42	48	0.246
42	49	0.284
42	50	0.368
42	51	0.232
43	0	0
43	1	0
43	2	0
43	3	0
43	4	0
43	5	0
43	6	0
43	7	0
43	8	0
43	9	0
43	10	0
43	11	0
43	12	0
43	13	0
43	14	0
43	15	0
43	16	0
43	17	0
43	18	0
43	19	0
43	20	0
43	21	0
43	22	0
43	23	0
43	24	0.296
43	25	0.071
43	26	0.111
43	27	0.25
43	28	0.056
43	29	0.056
43	30	0.077
43	31	0.16
43	32	0.5
43	33	0.333
43	34	0.083
43	35	0.143
43	36	0.24
43	37	0.226
43	38	0.062
43	39	0.238
43	40	0
43	41	0.375
43	42	0.267
43	43	0.375
43	44	0.118
43	45	0.217
43	46	0.308
43	47	0.2
43	48	0.452
43	49	0.491
43	50	0.55
43	51	0.543
44	0	0
44	1	0
44	2	0
44	3	0
44	4	0
44	5	0
44	6	0
44	7	0
44	8	0
44	9	0
44	10	0
44	11	0
44	12	0
44	13	0
44	14	0
44	15	0
44	16	0
44	17	0
44	18	0
44	19	0
44	20	0
44	21	0
44	22	0
44	23	0
44	24	0.092
44	25	0.152
44	26	0.143
44	27	0
44	28	0.03
44	29	0.065
44	30	0.065
44	31	0.043
44	32	0.143
44	33	0.25
44	34	0.143
44	35	0.105
44	36	0.262
44	37	0.102
44	38	0.156
44	39	0.067
44	40	0.286
44	41	0.128
44	42	0.172
44	43	0.219
44	44	0.243
44	45	0.149
44	46	0.2
44	47	0.204
44	48	0.412
44	49	0.32
44	50	0.315
44	51	0.272
45	0	0
45	1	0
45	2	0
45	3	0
45	4	0
45	5	0
45	6	0
45	7	0
45	8	0
45	9	0
45	10	0
45	11	0
45	12	0
45	13	0
45	14	0
45	15	0
45	16	0
45	17	0
45	19	0
45	20	0
45	21	0
45	22	0
45	23	0
45	24	0
45	25	0
45	26	0
45	27	0
45	28	0
45	29	0
45	30	0
45	31	0
45	34	0
45	35	0
45	36	0
45	37	0.167
45	38	0
45	39	0
45	41	0
45	42	0
45	43	0
45	44	0
45	45	0
45	46	0
45	47	0
45	48	0.25
45	49	0.111
45	50	0.143
45	51	0
46	0	0
46	1	0
46	2	0
46	3	0
46	4	0
46	5	0
46	6	0
46	7	0
46	8	0
46	9	0
46	10	0
46	11	0
46	12	0
46	13	0
46	14	0.065
46	15	0
46	16	0
46	17	0.017
46	18	0.333
46	19	0
46	20	0
46	21	0
46	22	0.038
46	23	0.109
46	24	0.182
46	25	0.095
46	26	0.095
46	27	0.083
46	28	0
46	29	0
46	30	0
46	31	0.175
46	32	0
46	33	0.5
46	34	0.25
46	35	0.111
46	36	0.258
46	37	0.19
46	38	0.233
46	39	0.273
46	40	0
46	41	0.237
46	42	0.357
46	43	0.28
46	44	0.385
46	45	0.31
46	46	0.385
46	47	0.3
46	48	0.407
46	49	0.27
46	50	0.238
46	51	0.184
47	0	0
47	1	0
47	2	0
47	3	0
47	4	0
47	5	0
47	6	0
47	7	0
47	8	0
47	9	0
47	10	0
47	11	0
47	12	0.023
47	13	0.033
47	14	0
47	15	0
47	16	0.036
47	17	0.021
47	18	0
47	19	0
47	20	0
47	21	0
47	22	0.029
47	23	0.111
47	24	0.136
47	25	0.25
47	26	0.214
47	27	0.083
47	28	0.1
47	29	0.056
47	30	0.083
47	31	0.172
47	32	0
47	33	0.286
47	34	0.091
47	35	0.212
47	36	0.161
47	37	0.209
47	38	0.115
47	39	0.148
47	40	0
47	41	0.273
47	42	0.316
47	43	0.263
47	44	0.333
47	45	0.345
47	46	0.364
47	47	0.344
47	48	0.379
47	49	0.366
47	50	0.441
47	51	0.4
48	0	0
48	1	0
48	2	0
48	3	0
48	4	0
48	5	0
48	6	0
48	7	0
48	8	0
48	9	0
48	10	0
48	11	0
48	12	0
48	13	0
48	14	0
48	15	0
48	16	0
48	17	0
48	18	0
48	19	0
48	20	0
48	21	0
48	22	0
48	23	0.075
48	24	0.17
48	25	0.128
48	26	0.111
48	27	0.111
48	28	0.042
48	29	0.125
48	30	0.087
48	31	0.143
48	32	0.333
48	33	0.545
48	34	0.5
48	35	0.308
48	36	0.308
48	37	0.25
48	38	0.242
48	39	0.2
48	40	0.125
48	41	0.133
48	42	0.19
48	43	0.167
48	44	0.241
48	45	0.214
48	46	0.172
48	47	0.205
48	48	0.357
48	49	0.535
48	50	0.338
48	51	0.385
49	0	0
49	1	0
49	2	0
49	3	0
49	4	0
49	5	0
49	6	0
49	7	0
49	8	0
49	9	0
49	10	0
49	11	0
49	12	0
49	13	0
49	14	0
49	15	0
49	16	0
49	17	0
49	18	0
49	19	0
49	20	0
49	21	0
49	22	0
49	23	0
49	24	0.079
49	25	0.056
49	26	0.077
49	27	0.071
49	28	0.154
49	29	0.118
49	30	0.235
49	31	0.2
49	32	0
49	33	0
49	34	0.125
49	35	0.214
49	36	0.3
49	37	0.333
49	38	0.231
49	39	0.2
49	40	0
49	41	0.13
49	42	0.267
49	43	0.25
49	44	0.353
49	45	0.304
49	46	0.368
49	47	0.136
49	48	0.391
49	49	0.348
49	50	0.422
49	51	0.282
50	0	0.011
50	1	0
50	2	0
50	3	0
50	4	0
50	5	0
50	6	0
50	7	0
50	8	0
50	9	0
50	10	0
50	11	0
50	12	0
50	13	0
50	14	0
50	15	0
50	16	0.038
50	17	0.149
50	18	0.154
50	19	0
50	20	0.143
50	21	0.071
50	22	0.111
50	23	0.18
50	24	0.255
50	25	0.5
50	26	0.308
50	27	0.238
50	28	0.091
50	29	0.214
50	30	0.296
50	31	0.415
50	32	0.5
50	33	0.375
50	34	0.125
50	35	0.395
50	36	0.509
50	37	0.447
50	38	0.424
50	39	0.467
50	40	0.25
50	41	0.459
50	42	0.5
50	43	0.5
50	44	0.455
50	45	0.485
50	46	0.531
50	47	0.4
50	48	0.636
50	49	0.622
50	50	0.551
50	51	0.491
51	0	0
51	1	0
51	2	0
51	3	0
51	4	0
51	5	0
51	6	0
51	7	0
51	8	0
51	9	0
51	10	0
51	11	0
51	12	0
51	13	0
51	14	0
51	15	0
51	16	0
51	17	0
51	18	0
51	19	0
51	20	0
51	21	0
51	22	0
51	23	0
51	24	0.105
51	25	0.2
51	26	0.111
51	27	0.2
51	28	0.167
51	29	0
51	30	0.25
51	31	0.133
51	32	0.5
51	33	0.4
51	34	0.111
51	35	0.091
51	36	0.267
51	37	0.143
51	38	0.083
51	39	0.364
51	40	0
51	41	0.167
51	42	0.333
51	43	0.2
51	44	0.143
51	45	0.333
51	46	0
51	47	0.091
51	48	0.214
51	49	0.25
51	50	0.154
51	51	0.176
52	0	0
52	1	0
52	2	0
52	3	0
52	4	0
52	5	0
52	6	0
52	7	0
52	8	0
52	9	0
52	10	0
52	11	0
52	12	0
52	13	0
52	14	0
52	15	0
52	16	0
52	17	0.019
52	18	0
52	19	0
52	20	0
52	21	0
52	22	0
52	23	0
52	24	0.053
52	25	0.227
52	26	0.273
52	27	0.062
52	28	0.059
52	29	0.19
52	30	0.105
52	31	0.182
52	32	0
52	33	0.286
52	34	0.111
52	35	0.156
52	36	0.27
52	37	0.195
52	38	0.143
52	39	0.062
52	40	0.5
52	41	0.448
52	42	0.143
52	43	0.4
52	44	0.25
52	45	0.259
52	46	0.333
52	47	0.269
52	48	0.273
52	49	0.191
52	50	0.156
52	51	0.15
53	0	0
53	1	0
53	2	0
53	3	0
53	4	0
53	5	0
53	6	0
53	7	0
53	8	0
53	9	0
53	10	0
53	11	0
53	12	0
53	13	0
53	14	0
53	15	0
53	16	0.077
53	17	0
53	18	0
53	19	0
53	20	0
53	21	0
53	22	0
53	23	0.03
53	24	0.214
53	25	0.3
53	26	0.267
53	27	0.2
53	28	0.222
53	29	0.167
53	30	0.421
53	31	0.25
53	32	0
53	33	0.667
53	34	0.222
53	35	0.242
53	36	0.208
53	37	0.323
53	38	0.35
53	39	0.278
53	40	0.667
53	41	0.25
53	42	0.333
53	43	0.167
53	44	0.231
53	45	0.458
53	46	0.5
53	47	0.455
53	48	0.488
53	49	0.488
53	50	0.361
53	51	0.406
54	0	0
54	1	0
54	2	0
54	3	0
54	4	0
54	5	0
54	6	0
54	7	0
54	8	0
54	9	0
54	10	0
54	11	0
54	12	0
54	13	0
54	14	0
54	15	0
54	16	0.023
54	17	0.027
54	18	0.083
54	19	0.048
54	20	0
54	21	0
54	22	0.048
54	23	0.062
54	24	0.209
54	25	0.394
54	26	0.348
54	27	0.067
54	28	0.091
54	29	0.077
54	30	0.172
54	31	0.364
54	32	0
54	33	0.5
54	34	0.059
54	35	0.333
54	36	0.312
54	37	0.216
54	38	0.136
54	39	0.167
54	40	0.143
54	41	0.345
54	42	0.188
54	43	0.12
54	44	0.31
54	45	0.237
54	46	0.143
54	47	0.182
54	48	0.477
54	49	0.472
54	50	0.387
54	51	0.364
55	0	0
55	1	0
55	2	0
55	3	0
55	4	0
55	5	0
55	6	0
55	7	0
55	8	0
55	9	0
55	10	0
55	11	0
55	12	0
55	13	0
55	14	0
55	15	0
55	16	0
55	17	0.074
55	18	0.333
55	19	0
55	20	0
55	21	0.167
55	22	0.1
55	23	0.067
55	24	0.385
55	25	0.615
55	26	0.5
55	27	0.5
55	28	0.333
55	29	0.333
55	30	0.385
55	31	0.4
55	32	0
55	33	0.75
55	34	0.333
55	35	0.3
55	36	0.6
55	37	0.692
55	38	0.667
55	39	0.333
55	40	0.5
55	41	0.643
55	42	0.833
55	43	0.333
55	44	0.615
55	45	0.444
55	46	0.333
55	47	0.333
55	48	0.654
55	49	0.636
55	50	0.591
55	51	0.476
56	0	0
56	1	0
56	2	0
56	3	0
56	4	0
56	5	0
56	6	0
56	7	0
56	8	0
56	9	0
56	10	0
56	11	0
56	12	0
56	13	0
56	14	0
56	15	0
56	16	0
56	17	0.069
56	18	0.1
56	19	0.043
56	20	0
56	21	0.043
56	22	0.085
56	23	0.095
56	24	0.288
56	25	0.378
56	26	0.29
56	27	0.08
56	28	0.161
56	29	0.2
56	30	0.282
56	31	0.34
56	32	0
56	33	0
56	34	0
56	35	0.188
56	36	0.3
56	37	0.259
56	38	0.159
56	39	0.167
56	40	0
56	41	0.318
56	42	0.2
56	43	0.343
56	44	0.216
56	45	0.302
56	46	0.345
56	47	0.346
56	48	0.351
56	49	0.287
56	50	0.308
56	51	0.324
57	0	0
57	1	0
57	2	0
57	3	0
57	4	0
57	5	0
57	6	0
57	7	0
57	8	0
57	9	0
57	10	0
57	11	0
57	12	0
57	13	0
57	14	0
57	15	0
57	16	0
57	17	0
57	19	0
57	20	0
57	21	0
57	22	0
57	23	0
57	24	0.125
57	25	0.2
57	26	0
57	27	0
57	28	0
57	29	0
57	30	0
57	31	0
57	34	0
57	35	0
57	36	0
57	37	0
57	38	0.143
57	39	0
57	40	0
57	41	0.143
57	42	0
57	43	0
57	44	0.25
57	45	0.429
57	46	0.846
57	47	0.4
57	48	0.333
57	49	0.5
57	50	0.188
57	51	0.143
58	0	0
58	1	0
58	2	0
58	3	0
58	4	0
58	5	0
58	6	0
58	7	0
58	8	0
58	9	0
58	10	0
58	11	0
58	12	0
58	13	0
58	14	0
58	15	0
58	16	0.059
58	17	0.057
58	18	0
58	19	0
58	20	0
58	21	0
58	22	0.056
58	23	0.2
58	24	0.333
58	25	0.133
58	26	0.25
58	27	0
58	28	0.111
58	29	0.091
58	30	0.25
58	31	0.304
58	32	0.5
58	33	0.545
58	34	0.667
58	35	0.111
58	36	0.235
58	37	0.333
58	38	0.286
58	39	0.176
58	40	0
58	41	0.25
58	42	0.111
58	43	0.176
58	44	0.231
58	45	0.077
58	46	0.421
58	47	0.385
58	48	0.364
58	49	0.407
58	50	0.342
58	51	0.483
59	0	0
59	1	0
59	2	0
59	3	0
59	4	0
59	5	0
59	6	0
59	7	0
59	8	0
59	9	0
59	10	0
59	11	0
59	12	0
59	13	0
59	14	0
59	15	0
59	16	0
59	17	0
59	18	0
59	19	0
59	20	0
59	21	0
59	22	0.014
59	23	0
59	24	0.109
59	25	0.214
59	26	0.156
59	27	0.05
59	28	0.111
59	29	0.143
59	30	0.2
59	31	0.18
59	32	0.5
59	33	0.5
59	34	0.25
59	35	0.161
59	36	0.216
59	37	0.143
59	38	0.29
59	39	0.103
59	40	0
59	41	0.316
59	42	0.207
59	43	0.24
59	44	0.143
59	45	0.206
59	46	0.3
59	47	0.293
59	48	0.44
59	49	0.395
59	50	0.39
59	51	0.29
60	0	0
60	1	0
60	2	0
60	3	0
60	4	0
60	5	0
60	6	0
60	7	0
60	8	0
60	9	0
60	10	0
60	11	0
60	12	0
60	13	0
60	14	0
60	15	0
60	16	0
60	17	0
60	19	0
60	20	0
60	21	0
60	22	0
60	23	0
60	24	0
60	25	0
60	26	0
60	27	0
60	28	0
60	29	0
60	30	0
60	31	0
60	33	0
60	34	0
60	35	0
60	36	0
60	37	0
60	38	0
60	39	0
60	40	0
60	41	0
60	42	0
60	43	0
60	44	0
60	45	0.643
60	46	0.412
60	47	0.143
60	48	0
60	49	0
60	50	0.077
60	51	0
61	0	0.009
61	1	0
61	2	0
61	3	0
61	4	0
61	5	0
61	6	0
61	7	0
61	8	0
61	9	0
61	10	0
61	11	0
61	12	0
61	13	0
61	14	0
61	15	0
61	16	0
61	17	0
61	18	0.143
61	19	0.05
61	20	0
61	21	0.062
61	22	0
61	23	0.059
61	24	0.405
61	25	0.312
61	26	0.4
61	27	0.231
61	28	0.2
61	29	0.25
61	30	0.229
61	31	0.239
61	32	0.333
61	33	0.4
61	34	0.375
61	35	0.244
61	36	0.286
61	37	0.191
61	38	0.237
61	39	0.161
61	40	0.25
61	41	0.103
61	42	0.259
61	43	0.19
61	44	0.207
61	45	0.12
61	46	0.188
61	47	0.31
61	48	0.361
61	49	0.543
61	50	0.419
61	51	0.373
62	0	0
62	1	0
62	2	0
62	3	0
62	4	0
62	5	0
62	6	0
62	7	0
62	8	0
62	9	0
62	10	0
62	11	0
62	12	0
62	13	0
62	14	0
62	15	0
62	16	0
62	17	0
62	18	0
62	19	0
62	20	0
62	21	0
62	22	0.1
62	23	0.222
62	24	0
62	25	0
62	26	0
62	27	0
62	28	0
62	29	0
62	30	0.167
62	31	0.1
62	33	0
62	34	0
62	35	0.167
62	36	0.091
62	37	0.111
62	38	0.125
62	39	0
62	40	0.25
62	41	0
62	42	0.111
62	43	0
62	44	0.2
62	45	0
62	46	0
62	47	0
62	48	0.188
62	49	0.286
62	50	0.143
62	51	0.25
63	0	0
63	1	0
63	2	0
63	3	0
63	4	0
63	5	0
63	6	0
63	7	0
63	8	0
63	9	0
63	10	0
63	11	0
63	12	0
63	13	0
63	14	0
63	15	0
63	16	0
63	17	0
63	18	0
63	19	0
63	20	0
63	21	0
63	22	0
63	23	0
63	24	0.3
63	25	0.207
63	26	0.381
63	27	0.231
63	28	0.32
63	29	0.261
63	30	0.412
63	31	0.327
63	32	0.25
63	33	0.4
63	34	0.375
63	35	0.27
63	36	0.303
63	37	0.243
63	38	0.238
63	39	0.095
63	40	0.143
63	41	0.188
63	42	0.562
63	43	0.316
63	44	0.286
63	45	0.39
63	46	0.267
63	47	0.345
63	48	0.433
63	49	0.463
63	50	0.344
63	51	0.41
64	0	0.045
64	1	0
64	2	0
64	3	0
64	4	0
64	5	0
64	6	0
64	7	0
64	8	0
64	9	0
64	10	0
64	11	0
64	12	0
64	13	0
64	14	0
64	15	0
64	16	0
64	17	0
64	18	0
64	19	0
64	20	0
64	21	0
64	22	0
64	23	0
64	24	0.133
64	25	0
64	26	0
64	27	0.083
64	28	0
64	29	0
64	30	0
64	31	0
64	35	0.083
64	36	0.1
64	37	0.167
64	38	0.1
64	39	0.1
64	40	0
64	41	0.154
64	42	0.143
64	43	0.111
64	44	0.167
64	45	0.267
64	46	0.444
64	47	0.429
64	48	0.261
64	49	0.455
64	50	0.391
64	51	0.2
65	0	0
65	1	0
65	2	0
65	3	0
65	4	0
65	5	0
65	6	0
65	7	0
65	8	0
65	9	0
65	10	0
65	11	0
65	12	0
65	13	0
65	14	0
65	15	0
65	16	0
65	17	0
65	18	0
65	19	0
65	20	0
65	21	0
65	22	0
65	23	0
65	24	0.571
65	25	0.5
65	26	0.8
65	27	0.167
65	28	0.2
65	29	0.333
65	30	0.25
65	31	0.75
65	32	0.5
65	33	0.667
65	34	0.5
65	35	0.636
65	36	0.4
65	37	0.143
65	38	0.25
65	39	0
65	40	0
65	41	0.143
65	42	0.2
65	43	0.25
65	44	0.286
65	45	0.2
65	46	0.4
65	47	0.125
65	48	0.6
65	49	0.636
65	50	0.571
65	51	0.571
66	0	0
66	1	0
66	2	0
66	3	0
66	4	0
66	5	0
66	6	0
66	7	0
66	8	0
66	9	0
66	10	0
66	11	0
66	12	0
66	13	0
66	14	0
66	15	0
66	16	0
66	17	0
66	18	0
66	19	0
66	20	0
66	21	0
66	22	0
66	23	0
66	24	0.091
66	25	0.118
66	26	0.083
66	27	0
66	28	0.2
66	29	0.333
66	30	0.059
66	31	0.042
66	32	0.5
66	33	0.286
66	34	0.167
66	35	0.15
66	36	0.048
66	37	0.15
66	38	0.1
66	39	0.167
66	40	0
66	41	0.105
66	42	0.25
66	43	0.167
66	44	0.083
66	45	0.231
66	46	0.133
66	47	0.222
66	48	0.433
66	49	0.514
66	50	0.633
66	51	0.4
67	0	0
67	1	0
67	2	0
67	3	0
67	4	0
67	5	0
67	6	0
67	7	0
67	8	0
67	9	0
67	10	0
67	11	0
67	12	0
67	13	0
67	14	0
67	15	0
67	16	0
67	17	0
67	18	0
67	19	0
67	20	0
67	22	0
67	23	0
67	24	0
67	25	0.333
67	26	0.25
67	27	0.333
67	28	0
67	29	0.25
67	30	0.5
67	31	0.3
67	35	0.333
67	36	0.4
67	37	0.4
67	38	0.667
67	39	0.5
67	40	1
67	41	0.25
67	42	0.667
67	43	0
67	44	0.5
67	45	0.75
67	46	0.5
67	47	0.4
67	48	0.833
67	49	0.778
67	50	0.625
67	51	0.429
68	0	0
68	1	0
68	2	0
68	3	0
68	4	0
68	5	0
68	6	0
68	7	0
68	8	0
68	9	0
68	10	0
68	11	0
68	12	0
68	13	0
68	14	0
68	15	0
68	16	0
68	17	0.036
68	18	0
68	19	0.091
68	20	0
68	21	0.167
68	22	0.048
68	23	0.045
68	24	0.35
68	25	0.182
68	26	0.364
68	27	0.286
68	28	0.091
68	29	0.417
68	30	0.333
68	31	0.214
68	32	0.5
68	33	0.333
68	34	0.167
68	35	0.167
68	36	0.375
68	37	0.364
68	38	0.125
68	39	0
68	40	0.5
68	41	0.167
68	42	0.25
68	43	0.133
68	44	0.308
68	45	0.294
68	46	0.4
68	47	0.312
68	48	0.5
68	49	0.441
68	50	0.333
68	51	0.407
69	0	0
69	1	0
69	2	0
69	3	0
69	4	0
69	5	0
69	6	0
69	7	0
69	8	0
69	9	0
69	10	0
69	11	0
69	12	0
69	13	0
69	14	0
69	15	0
69	16	0
69	17	0
69	18	0
69	19	0
69	21	0
69	22	0
69	23	0
69	24	0.636
69	25	0.333
69	26	0.4
69	27	0.25
69	28	0.333
69	29	0.5
69	30	0.333
69	31	0.8
69	32	1
69	33	1
69	34	0.667
69	35	0.5
69	36	0.375
69	37	0.5
69	38	0.625
69	39	0.2
69	40	0.2
69	41	0.6
69	42	0.6
69	43	0.75
69	44	0.571
69	45	0.333
69	46	0.333
69	47	0.556
69	48	0.714
69	49	0.875
69	50	0.625
69	51	0.778
70	0	0
70	1	0
70	2	0
70	3	0
70	4	0
70	5	0
70	6	0
70	7	0
70	8	0
70	9	0
70	10	0
70	11	0
70	12	0
70	13	0
70	14	0
70	15	0
70	16	0
70	17	0
70	18	0
70	19	0
70	20	0
70	21	0
70	22	0
70	23	0
70	24	0.136
70	25	0.154
70	26	0.1
70	27	0
70	28	0
70	29	0.111
70	30	0.111
70	31	0
70	34	0
70	35	0
70	36	0
70	37	0.059
70	38	0
70	39	0
70	40	0
70	41	0
70	42	0
70	43	0
70	44	0
70	45	0
70	46	0
70	47	0
70	48	0.148
70	49	0.231
70	50	0.174
70	51	0.176
71	0	0
71	1	0
71	2	0
71	3	0
71	4	0
71	5	0
71	6	0
71	7	0
71	8	0
71	9	0
71	10	0
71	11	0
71	12	0
71	13	0
71	14	0
71	15	0
71	16	0
71	17	0
71	18	0
71	20	0
71	21	0
71	22	0
71	23	0
71	24	0.1
71	25	0
71	26	0
71	27	0
71	28	0
71	29	0
71	30	0
71	31	0.077
71	35	0
71	36	0
71	37	0
71	38	0
71	39	0
71	40	0
71	41	0
71	42	0
71	43	0
71	44	0
71	45	0
71	46	0.333
71	47	0
71	48	0.077
71	49	0.105
71	50	0.222
71	51	0.1
72	0	0
72	1	0
72	2	0
72	3	0
72	4	0
72	5	0
72	6	0
72	7	0
72	8	0
72	9	0
72	10	0
72	11	0
72	12	0
72	13	0
72	14	0
72	15	0
72	16	0
72	17	0
72	19	0.25
72	21	0
72	22	0.111
72	23	0
72	24	0.125
72	25	0
72	26	0
72	27	0
72	28	0
72	29	0
72	30	0.25
72	31	0.3
72	32	1
72	33	1
72	34	0.333
72	35	0.286
72	36	0.167
72	37	0.222
72	38	0.125
72	39	0.111
72	41	0
72	42	0
72	43	0
72	44	0
72	45	0.333
72	46	0
72	47	0.167
72	48	0.2
72	49	0.267
72	50	0.5
72	51	0.429
73	0	0
73	1	0
73	2	0
73	3	0
73	4	0
73	5	0
73	6	0
73	7	0
73	8	0
73	9	0
73	10	0
73	11	0
73	12	0
73	13	0
73	14	0
73	15	0
73	16	0
73	17	0
73	18	1
73	19	0
73	20	0
73	21	0
73	22	0
73	23	0.05
73	24	0.13
73	25	0.133
73	26	0.091
73	27	0
73	28	0
73	29	0.091
73	30	0
73	31	0.143
73	32	0
73	33	0.5
73	34	0.333
73	35	0.143
73	36	0.158
73	37	0.083
73	38	0.059
73	39	0.2
73	40	0.333
73	41	0.062
73	42	0.111
73	43	0.083
73	44	0.071
73	45	0.067
73	46	0.067
73	47	0.214
73	48	0.548
73	49	0.353
73	50	0.389
73	51	0.37
74	0	0
74	1	0
74	2	0
74	3	0
74	4	0
74	5	0
74	6	0
74	7	0
74	8	0
74	9	0
74	10	0
74	11	0
74	12	0
74	13	0
74	14	0
74	15	0
74	16	0
74	17	0
74	18	0
74	19	0
74	20	0
74	21	0
74	22	0
74	23	0
74	24	0.111
74	25	0.125
74	26	0
74	27	0
74	28	0
74	29	0
74	30	0.125
74	31	0.111
74	32	0
74	33	0
74	34	0
74	35	0.182
74	36	0.333
74	37	0.2
74	38	0
74	39	0.2
74	41	0.2
74	42	0.429
74	43	0.25
74	44	0.375
74	45	0.5
74	46	0.6
74	47	0.3
74	48	0.571
74	49	0.545
74	50	0.5
74	51	0.083
75	0	0
75	1	0
75	2	0
75	3	0
75	4	0
75	5	0
75	6	0
75	7	0
75	8	0
75	9	0
75	10	0
75	11	0
75	12	0
75	13	0
75	14	0
75	15	0
75	16	0
75	17	0
75	18	0
75	19	0
75	20	0
75	21	0
75	22	0
75	23	0
75	24	0.333
75	25	0.25
75	26	0.167
75	28	0.2
75	29	0
75	30	0.333
75	31	0.2
75	33	1
75	34	1
75	35	0.143
75	36	0
75	37	0
75	38	0
75	39	0
75	41	0
75	42	0
75	43	0
75	44	0
75	45	0
75	46	1
75	47	0
75	48	0.111
75	49	0.375
75	50	0
75	51	0.2
76	0	0
76	1	0
76	2	0
76	3	0
76	4	0
76	5	0
76	6	0
76	7	0
76	8	0
76	9	0
76	10	0
76	11	0
76	12	0
76	13	0
76	14	0
76	15	0
76	16	0
76	17	0
76	19	0
76	20	0
76	21	0
76	22	0
76	23	0
76	24	0.333
76	25	0.167
76	26	0.125
76	27	0
76	28	0.125
76	29	0.091
76	30	0.167
76	31	0.059
76	32	0.25
76	33	0.25
76	34	0.2
76	35	0.15
76	36	0.125
76	37	0.278
76	38	0.143
76	39	0.4
76	40	0
76	41	0.364
76	42	0.1
76	43	0.25
76	44	0.111
76	45	0.091
76	46	0.182
76	47	0.182
76	48	0.192
76	49	0.367
76	50	0.259
76	51	0.4
77	0	0
77	1	0
77	2	0
77	3	0
77	4	0
77	5	0
77	6	0
77	7	0
77	8	0
77	9	0
77	10	0
77	11	0
77	12	0
77	13	0
77	14	0
77	15	0
77	16	0
77	17	0
77	18	0
77	19	0
77	20	0
77	21	0
77	22	0
77	23	0
77	24	0.143
77	25	0.4
77	26	0.125
77	27	0.125
77	28	0
77	29	0.125
77	30	0.111
77	31	0.059
77	34	0
77	35	0.083
77	36	0.188
77	37	0.25
77	38	0.154
77	39	0.167
77	40	0.333
77	41	0.091
77	42	0.083
77	43	0
77	44	0.1
77	45	0.167
77	46	0.1
77	47	0.083
77	48	0.227
77	49	0.438
77	50	0.32
77	51	0.481
78	0	0
78	1	0
78	2	0
78	3	0
78	4	0
78	5	0
78	6	0
78	7	0
78	8	0
78	9	0
78	10	0
78	11	0
78	12	0
78	13	0
78	14	0
78	15	0
78	16	0
78	17	0
78	18	0
78	19	0
78	20	0
78	21	0
78	22	0
78	23	0
78	24	0.214
78	25	0.444
78	26	0
78	27	0.2
78	28	0
78	29	0.125
78	30	0.25
78	31	0.167
78	33	0
78	34	0
78	35	0.062
78	36	0.091
78	37	0
78	38	0
78	39	0
78	40	0
78	41	0.125
78	42	0
78	43	0.125
78	44	0.167
78	45	0.077
78	46	0
78	47	0.062
78	48	0.167
78	49	0.143
78	50	0.211
78	51	0.222
79	0	0
79	1	0
79	2	0
79	3	0
79	5	0
79	6	0
79	7	0
79	8	0
79	9	0
79	10	0
79	11	0
79	12	0
79	13	0
79	14	0
79	15	0
79	16	0
79	17	0
79	19	0
79	21	0
79	22	0
79	23	0
79	24	0.75
79	25	1
79	26	0
79	27	0
79	28	0
79	29	0.5
79	30	0
79	31	1
79	35	0.5
79	36	0.5
79	37	0.5
79	38	0.667
79	39	0.5
79	41	0.5
79	42	0.5
79	43	1
79	44	0.333
79	45	0
79	46	0
79	47	0
79	48	0.5
79	49	1
79	50	0
79	51	0
80	0	0
80	1	0
80	2	0
80	3	0
80	4	0
80	5	0
80	6	0
80	7	0
80	8	0
80	9	0
80	10	0
80	11	0
80	12	0
80	13	0
80	14	0
80	15	0
80	16	0
80	17	0
80	18	0
80	19	0
80	20	0
80	21	0
80	22	0
80	23	0
80	24	0.13
80	25	0.176
80	26	0.083
80	27	0
80	28	0
80	29	0
80	30	0
80	31	0.056
80	33	0
80	34	0
80	35	0.045
80	36	0.158
80	37	0
80	38	0
80	39	0
80	40	0
80	41	0.143
80	42	0.111
80	43	0
80	44	0.263
80	45	0.182
80	46	0.077
80	47	0.158
80	48	0.208
80	49	0.178
80	50	0.258
80	51	0.152
81	0	0
81	1	0
81	2	0
81	3	0
81	4	0
81	5	0
81	6	0
81	7	0
81	8	0
81	9	0
81	10	0
81	11	0
81	12	0
81	13	0
81	14	0
81	15	0
81	16	0
81	17	0.036
81	18	0
81	19	0
81	20	0
81	21	0
81	22	0.048
81	23	0.111
81	24	0.267
81	25	0.214
81	26	0.077
81	27	0
81	28	0
81	29	0.071
81	30	0.077
81	31	0.095
81	32	0
81	33	0.111
81	34	0
81	35	0.043
81	36	0.182
81	37	0.103
81	38	0.133
81	39	0.214
81	40	0
81	41	0.062
81	42	0.077
81	43	0.077
81	44	0
81	45	0
81	46	0.308
81	47	0.188
81	48	0.341
81	49	0.293
81	50	0.333
81	51	0.125
83	0	0
83	1	0
83	2	0
83	3	0
83	4	0
83	5	0
83	6	0
83	7	0
83	8	0
83	9	0
83	10	0
83	11	0
83	12	0
83	13	0
83	14	0
83	15	0
83	16	0
83	17	0
83	18	0
83	19	0
83	20	0
83	21	0
83	22	0
83	23	0
83	24	0.158
83	25	0.4
83	26	0
83	27	0
83	28	0
83	29	0
83	30	0.25
83	31	0.188
83	35	0.143
83	36	0.357
83	37	0.273
83	38	0.333
83	39	0.111
83	40	0
83	41	0.333
83	42	0.2
83	43	0.333
83	44	0.273
83	45	0.75
83	46	0.5
83	47	0.5
83	48	0.5
83	49	0.586
83	50	0.609
83	51	0.4
84	0	0
84	1	0
84	2	0
84	3	0
84	4	0
84	5	0
84	6	0
84	7	0
84	8	0
84	9	0
84	10	0
84	11	0
84	12	0
84	13	0
84	14	0
84	15	0
84	16	0
84	17	0
84	18	0
84	19	0
84	20	0
84	21	0
84	22	0
84	23	0
84	24	0
84	25	0
84	26	0
84	27	0
84	28	0
84	29	0
84	30	0
84	31	0
84	32	0
84	33	0
84	35	0
84	36	0.111
84	37	0
84	38	0
84	39	0
84	40	0
84	41	0.2
84	42	0.333
84	43	0
84	44	0.333
84	45	0.286
84	46	0.25
84	47	0
84	48	0.214
84	49	0.438
84	50	0.375
84	51	0.364
85	0	0
85	1	0
85	2	0
85	3	0
85	4	0
85	5	0
85	6	0
85	7	0
85	8	0
85	9	0
85	10	0
85	11	0
85	12	0
85	13	0
85	14	0
85	15	0
85	16	0
85	17	0
85	18	0
85	19	0
85	20	0
85	21	0
85	22	0
85	23	0
85	24	0.3
85	25	0.111
85	26	0.4
85	27	0
85	28	0
85	29	0
85	30	0.333
85	31	0.176
85	32	0
85	33	0
85	34	0.2
85	35	0.333
85	36	0.273
85	37	0.4
85	38	0.231
85	39	0
85	40	0
85	41	0.143
85	42	0.5
85	43	0.143
85	44	0.3
85	45	0.364
85	46	0.429
85	47	0.25
85	48	0.333
85	49	0.308
85	50	0.444
85	51	0.44
86	0	0
86	1	0
86	2	0
86	3	0
86	4	0
86	5	0
86	6	0
86	7	0
86	8	0
86	9	0
86	10	0
86	11	0
86	12	0
86	13	0
86	14	0
86	15	0
86	16	0
86	17	0
86	18	0
86	19	0
86	20	0
86	21	0
86	22	0
86	23	0
86	24	0.1
86	25	0
86	26	0
86	27	0
86	28	0.167
86	29	0
86	30	0.1
86	31	0.154
86	32	0
86	33	0
86	34	0
86	35	0.176
86	36	0.25
86	37	0.25
86	38	0.25
86	39	0.273
86	40	0.667
86	41	0.2
86	42	0.2
86	43	0.273
86	44	0.1
86	45	0.167
86	46	0.273
86	47	0.308
86	48	0.346
86	49	0.444
86	50	0.407
86	51	0.375
87	0	0
87	1	0
87	2	0
87	3	0
87	4	0
87	5	0
87	6	0
87	7	0
87	8	0
87	9	0
87	10	0
87	11	0
87	12	0
87	13	0
87	14	0
87	15	0
87	16	0
87	17	0.2
87	18	0
87	19	0.5
87	20	0
87	21	0.5
87	22	0.2
87	23	0.111
87	24	0.222
87	25	0.2
87	26	0
87	27	0
87	28	0
87	29	0
87	30	0.333
87	31	0
87	32	0
87	33	0
87	34	0
87	35	0.125
87	36	0.167
87	37	0.1
87	38	0
87	39	0
87	40	0
87	41	0
87	42	0
87	43	0
87	44	0
87	45	0
87	46	0
87	47	0
87	48	0
87	49	0
87	50	0.25
87	51	0
88	0	0
88	1	0
88	2	0
88	3	0
88	4	0
88	5	0
88	6	0
88	7	0
88	8	0
88	9	0
88	10	0
88	11	0
88	12	0
88	13	0
88	14	0
88	15	0
88	16	0
88	17	0
88	18	0
88	19	0
88	20	0
88	21	0
88	22	0
88	23	0
88	24	0.056
88	25	0.143
88	26	0.2
88	27	0.1
88	28	0.091
88	29	0
88	30	0.053
88	31	0.095
88	33	0
88	34	0
88	35	0.077
88	36	0.091
88	37	0.16
88	38	0
88	39	0.059
88	40	0
88	41	0.091
88	42	0.25
88	43	0
88	44	0.154
88	45	0.15
88	46	0.214
88	47	0.12
88	48	0.386
88	49	0.22
88	50	0.212
88	51	0.111
89	0	0
89	1	0
89	2	0
89	3	0
89	4	0
89	5	0
89	6	0
89	7	0
89	8	0
89	9	0
89	10	0
89	11	0
89	12	0
89	13	0
89	14	0
89	15	0
89	16	0
89	17	0
89	19	0
89	21	0
89	22	0
89	23	0
89	24	0.375
89	25	0.333
89	27	0.2
89	28	1
89	29	0.2
89	30	0.25
89	31	0.167
89	32	0.333
89	33	0.333
89	34	0.167
89	35	0
89	36	0.25
89	37	0.25
89	38	0.167
89	39	0.25
89	41	0
89	42	0.333
89	43	0.667
89	44	0.2
89	45	0.833
89	46	0.375
89	47	0.4
89	48	0.4
89	49	0.6
89	50	0.333
89	51	0.429
90	0	0.037
90	1	0
90	2	0
90	3	0
90	4	0
90	5	0
90	6	0
90	7	0
90	8	0
90	9	0
90	10	0
90	11	0
90	12	0
90	13	0
90	14	0
90	15	0
90	16	0
90	17	0
90	18	0
90	19	0
90	20	0
90	21	0
90	22	0
90	23	0
90	24	0.27
90	25	0.176
90	26	0.3
90	27	0.133
90	28	0.143
90	29	0.143
90	30	0.211
90	31	0.261
90	32	0.5
90	33	1
90	34	0.857
90	35	0.167
90	36	0.286
90	37	0.32
90	38	0.25
90	39	0.312
90	40	0.4
90	41	0.167
90	42	0.333
90	43	0.273
90	44	0.25
90	45	0.4
90	46	0.35
90	47	0.474
90	48	0.634
90	49	0.643
90	50	0.511
90	51	0.357
91	0	0
91	1	0
91	2	0
91	3	0
91	4	0
91	5	0
91	6	0
91	7	0
91	8	0
91	9	0
91	10	0
91	11	0
91	12	0
91	13	0
91	14	0
91	15	0
91	16	0
91	17	0
91	20	0
91	21	0
91	22	0
91	23	0
91	24	0
91	25	0
91	27	0
91	28	0
91	29	0
91	30	0
91	31	0
91	33	0
91	34	0
91	35	0
91	36	0
91	37	0
91	38	0
91	39	0
91	40	0
91	42	0.5
91	44	0.5
91	45	0.667
91	46	0
91	47	1
91	48	0.714
91	49	0.333
91	50	0.9
91	51	0.5
92	0	0
92	1	0
92	2	0
92	3	0
92	4	0
92	5	0
92	6	0
92	7	0
92	8	0
92	9	0
92	10	0
92	11	0
92	12	0
92	13	0
92	14	0
92	15	0
92	16	0
92	17	0.029
92	18	0
92	19	0.091
92	20	0
92	21	0
92	22	0.051
92	23	0.023
92	24	0.114
92	25	0.091
92	26	0
92	27	0
92	28	0
92	29	0.059
92	30	0.133
92	31	0.091
92	32	0.429
92	33	0.143
92	34	0.125
92	35	0.139
92	36	0.154
92	37	0.108
92	38	0.12
92	39	0.048
92	40	0.167
92	41	0.167
92	42	0.167
92	43	0.056
92	44	0.263
92	45	0.167
92	46	0.077
92	47	0.273
92	48	0.354
92	49	0.485
92	50	0.385
92	51	0.329
94	0	0
94	1	0
94	2	0
94	3	0
94	4	0
94	5	0
94	6	0
94	7	0
94	8	0
94	9	0
94	10	0
94	11	0
94	12	0
94	13	0
94	14	0
94	15	0
94	16	0
94	17	0.08
94	19	0
94	20	0
94	21	0
94	22	0.105
94	23	0.077
94	24	0.457
94	25	0.417
94	26	0
94	27	0.125
94	28	0.167
94	29	0.3
94	30	0.364
94	31	0.375
94	33	0
94	34	0
94	35	0.375
94	36	0.333
94	37	0.25
94	38	0.25
94	39	0.308
94	40	1
94	41	0.538
94	42	0.25
94	43	0.4
94	44	0.455
94	45	0.111
94	46	0.6
94	47	0.462
94	48	0.522
94	49	0.412
94	50	0.455
94	51	0.48
95	0	0
95	1	0
95	2	0
95	3	0
95	4	0
95	5	0
95	6	0
95	7	0
95	8	0
95	9	0
95	10	0
95	11	0
95	12	0
95	13	0
95	14	0
95	15	0
95	16	0
95	17	0
95	18	0
95	19	0
95	21	0
95	22	0
95	23	0
95	24	0.226
95	25	0.375
95	26	0.091
95	27	0.167
95	28	0
95	29	0.083
95	30	0.263
95	31	0.2
95	32	0
95	33	0.25
95	34	0.25
95	35	0.316
95	36	0.318
95	37	0.3
95	38	0.261
95	39	0.312
95	40	0
95	41	0.357
95	42	0.364
95	43	0.091
95	44	0.118
95	45	0.133
95	46	0.316
95	47	0.176
95	48	0.63
95	49	0.636
95	50	0.75
95	51	0.438
96	0	0
96	1	0
96	2	0
96	3	0
96	4	0
96	5	0
96	6	0
96	7	0
96	8	0
96	9	0
96	10	0
96	11	0
96	12	0
96	13	0
96	14	0
96	15	0
96	16	0
96	17	0
96	18	0
96	19	0
96	20	0
96	21	0
96	22	0
96	23	0
96	24	0.25
96	25	0.375
96	26	0.5
96	27	0.286
96	28	0.375
96	29	0.333
96	30	0.333
96	31	0.4
96	32	0.5
96	33	0.25
96	34	0.4
96	35	0.267
96	36	0.4
96	37	0.188
96	38	0.273
96	39	0.273
96	40	1
96	41	0.385
96	42	0.333
96	43	0.2
96	44	0.375
96	45	0.25
96	46	0.364
96	47	0.417
96	48	0.278
96	49	0.417
96	50	0.64
96	51	0.32
97	0	0
97	1	0
97	2	0
97	3	0
97	4	0
97	5	0
97	6	0
97	7	0
97	8	0
97	9	0
97	10	0
97	11	0
97	12	0
97	13	0
97	14	0
97	15	0
97	16	0
97	17	0
97	18	0
97	19	0
97	20	0
97	21	0
97	22	0
97	23	0
97	24	0.194
97	25	0.353
97	26	0.333
97	27	0.2
97	28	0.333
97	29	0.214
97	30	0.235
97	31	0.179
97	33	0.5
97	34	0.125
97	35	0.32
97	36	0.36
97	37	0.44
97	38	0.333
97	39	0.25
97	40	0.5
97	41	0.15
97	42	0.333
97	43	0.091
97	44	0.214
97	45	0.429
97	46	0.35
97	47	0.286
97	48	0.5
97	49	0.605
97	50	0.474
97	51	0.424
98	0	0
98	1	0
98	2	0
98	3	0
98	4	0
98	5	0
98	6	0
98	7	0
98	8	0
98	9	0
98	10	0
98	11	0
98	12	0
98	13	0
98	14	0
98	15	0
98	16	0
98	17	0
98	18	0
98	19	0
98	20	0
98	21	0
98	22	0
98	23	0
98	24	0.053
98	25	0
98	26	0
98	27	0
98	28	0
98	29	0
98	30	0
98	31	0
98	33	0
98	34	0
98	35	0
98	36	0
98	37	0.056
98	38	0.062
98	39	0
98	40	0.25
98	41	0
98	42	0
98	43	0
98	44	0
98	45	0
98	46	0
98	47	0
98	48	0.071
98	49	0.156
98	50	0.115
98	51	0.267
99	0	0
99	1	0
99	2	0
99	3	0
99	4	0
99	5	0
99	6	0
99	7	0
99	8	0
99	9	0
99	10	0
99	11	0
99	12	0
99	13	0
99	14	0
99	15	0
99	16	0
99	17	0
99	18	0
99	19	0
99	20	0
99	21	0
99	22	0
99	23	0.071
99	24	0.152
99	25	0.182
99	26	0
99	27	0
99	28	0
99	29	0
99	30	0.214
99	31	0.25
99	33	0.429
99	34	0.4
99	35	0.259
99	36	0.471
99	37	0.391
99	38	0.409
99	39	0.3
99	40	0.125
99	41	0.167
99	42	0.308
99	43	0.273
99	44	0.444
99	45	0.421
99	46	0.562
99	47	0.389
99	48	0.697
99	49	0.649
99	50	0.649
99	51	0.588
100	0	0
100	1	0
100	2	0
100	3	0
100	4	0
100	5	0
100	6	0
100	7	0
100	8	0
100	9	0
100	10	0
100	11	0
100	12	0
100	13	0
100	14	0
100	15	0
100	16	0
100	17	0
100	18	0
100	19	0
100	20	0
100	21	0
100	22	0
100	23	0
100	24	0.406
100	25	0.25
100	26	0.125
100	27	0.182
100	28	0
100	29	0.25
100	30	0.235
100	31	0.276
100	32	0.5
100	33	0.667
100	34	0.333
100	35	0.333
100	36	0.478
100	37	0.241
100	38	0.348
100	39	0.211
100	40	0
100	41	0.12
100	42	0.222
100	43	0.353
100	44	0.429
100	45	0.2
100	46	0.286
100	47	0.182
100	48	0.379
100	49	0.455
100	50	0.571
100	51	0.425
101	0	0
101	1	0
101	2	0
101	3	0
101	4	0
101	5	0
101	6	0
101	7	0
101	8	0
101	9	0
101	10	0
101	11	0
101	12	0
101	13	0
101	14	0
101	15	0
101	16	0
101	17	0
101	18	0
101	19	0
101	20	0
101	21	0
101	22	0
101	23	0
101	24	0.176
101	25	0.143
101	26	0
101	27	0.143
101	28	0.375
101	29	0.333
101	30	0.125
101	31	0.1
101	32	1
101	33	0.667
101	34	0.6
101	35	0.421
101	36	0.462
101	37	0.353
101	38	0.267
101	39	0.143
101	40	0
101	41	0.2
101	42	0.25
101	43	0.5
101	44	0.364
101	45	0.444
101	46	0.5
101	47	0.5
101	48	0.611
101	49	0.917
101	50	0.591
101	51	0.55
102	0	0
102	1	0
102	2	0
102	3	0
102	4	0
102	5	0
102	6	0
102	7	0
102	8	0
102	9	0
102	10	0
102	11	0
102	12	0
102	13	0
102	14	0
102	15	0
102	16	0
102	17	0.077
102	18	0
102	19	0
102	20	0
102	21	0
102	22	0
102	23	0
102	24	0.19
102	25	0.125
102	26	0.125
102	27	0
102	28	0.091
102	29	0
102	30	0.111
102	31	0.133
102	33	0.4
102	34	0
102	35	0.214
102	36	0.615
102	37	0.55
102	38	0.357
102	39	0
102	40	0.5
102	41	0.714
102	42	0.4
102	43	0.667
102	44	0.417
102	45	0.333
102	46	0.462
102	47	0.5
102	48	0.619
102	49	0.621
102	50	0.667
102	51	0.48
103	0	0
103	1	0
103	2	0
103	3	0
103	4	0
103	5	0
103	6	0
103	7	0
103	8	0
103	9	0
103	10	0
103	11	0
103	12	0
103	13	0
103	14	0
103	15	0
103	16	0
103	17	0.143
103	18	0
103	19	0
103	20	0
103	21	0
103	22	0.1
103	23	0.214
103	24	0.308
103	25	0.182
103	26	0.2
103	27	0
103	28	0.125
103	29	0.333
103	30	0.125
103	31	0.3
103	32	0
103	33	0
103	35	0.071
103	36	0.5
103	37	0.4
103	38	0.444
103	39	0.429
103	40	0.667
103	41	0.5
103	42	0.286
103	43	0.667
103	44	0.286
103	45	0.286
103	46	0.286
103	47	0.333
103	48	0.632
103	49	0.632
103	50	0.632
103	51	0.375
104	0	0
104	1	0
104	2	0
104	3	0
104	4	0
104	5	0
104	6	0
104	7	0
104	8	0
104	9	0
104	10	0
104	11	0
104	12	0
104	13	0
104	14	0
104	15	0
104	16	0
104	17	0.034
104	18	0
104	19	0
104	20	0
104	21	0
104	22	0.095
104	23	0.071
104	24	0.25
104	25	0.286
104	26	0.333
104	27	0.2
104	28	0.062
104	29	0.091
104	30	0.188
104	31	0.235
104	32	0
104	33	0.385
104	34	0.375
104	35	0.323
104	36	0.652
104	37	0.75
104	38	0.375
104	39	0.176
104	40	0.364
104	41	0.455
104	42	0.364
104	43	0.429
104	44	0.6
104	45	0.65
104	46	0.667
104	47	0.615
104	48	0.564
104	49	0.578
104	50	0.634
104	51	0.556
105	0	0.056
105	1	0
105	2	0
105	3	0
105	4	0
105	5	0
105	6	0
105	7	0
105	8	0
105	9	0
105	10	0
105	11	0
105	12	0
105	13	0
105	14	0
105	15	0
105	16	0
105	17	0.267
105	18	0
105	19	0
105	20	0
105	21	0
105	22	0.125
105	23	0.1
105	24	0.455
105	25	0
105	26	0
105	27	0
105	28	0
105	29	0.2
105	30	0.25
105	31	0.286
105	33	0.5
105	34	0
105	35	0
105	36	0.333
105	37	0.467
105	38	0.182
105	39	0.222
105	40	0.2
105	41	0.333
105	42	0.4
105	43	0.429
105	44	0.333
105	45	0.333
105	46	0.556
105	47	0.357
105	48	0.773
105	49	0.577
105	50	0.591
105	51	0.348
106	0	0.097
106	1	0
106	2	0
106	3	0
106	4	0
106	5	0
106	6	0
106	7	0
106	8	0
106	9	0
106	10	0
106	11	0
106	12	0
106	13	0
106	14	0
106	15	0
106	16	0.062
106	17	0.095
106	18	0.333
106	19	0
106	20	0
106	21	0
106	22	0.25
106	23	0.158
106	24	0.212
106	25	0.15
106	26	0
106	27	0.2
106	28	0.077
106	29	0.182
106	30	0.143
106	31	0.24
106	33	0
106	34	0.167
106	35	0
106	36	0.083
106	37	0.167
106	38	0.154
106	39	0.167
106	40	0
106	41	0.421
106	42	0.214
106	43	0.1
106	44	0.091
106	45	0.182
106	46	0.154
106	47	0.2
106	48	0.294
106	49	0.341
106	50	0.323
106	51	0.286
107	0	0
107	1	0
107	2	0
107	3	0
107	4	0
107	5	0
107	6	0
107	7	0
107	8	0
107	9	0
107	10	0
107	11	0
107	12	0
107	13	0
107	14	0
107	15	0
107	16	0
107	17	0
107	19	0
107	20	0
107	21	0
107	22	0
107	23	0
107	24	0.25
107	25	0
107	26	0.5
107	27	0
107	28	0
107	29	0
107	30	0
107	31	0.4
107	33	0.667
107	34	0.333
107	35	0.167
107	36	0
107	37	0
107	38	0
107	39	0
107	40	0
107	41	0
107	42	0
107	43	0
107	44	0
107	45	0
107	46	0
107	47	0
107	48	0
107	49	0.125
107	50	0.25
107	51	0.4
108	0	0
108	1	0
108	2	0
108	3	0
108	4	0
108	5	0
108	6	0
108	7	0
108	8	0
108	9	0
108	10	0
108	11	0
108	12	0
108	13	0
108	14	0
108	15	0
108	16	0
108	17	0.136
108	18	0.25
108	19	0
108	20	0
108	21	0
108	22	0
108	23	0
108	24	0.222
108	25	0.154
108	26	0
108	27	0
108	28	0.111
108	29	0.182
108	30	0.375
108	31	0.167
108	34	0
108	35	0.421
108	36	0.6
108	37	0.538
108	38	0.545
108	39	0.273
108	40	0.6
108	41	0.52
108	42	0.333
108	43	0.444
108	44	0.5
108	45	0.438
108	46	0.462
108	47	0.75
108	48	0.615
108	49	0.711
108	50	0.692
108	51	0.5
109	0	0
109	1	0
109	2	0
109	3	0
109	4	0
109	5	0
109	6	0
109	7	0
109	8	0
109	9	0
109	10	0
109	11	0
109	12	0
109	13	0
109	14	0
109	15	0
109	16	0
109	17	0.143
109	18	0
109	19	0
109	21	0
109	22	0.083
109	23	0.056
109	24	0.625
109	25	0.182
109	26	0.167
109	27	0
109	28	0.167
109	29	0.1
109	30	0.714
109	31	0.412
109	32	0.667
109	33	0.444
109	34	0.444
109	35	0.348
109	36	0.786
109	37	0.783
109	38	0.5
109	39	0.364
109	40	0.25
109	41	0.591
109	42	0.333
109	43	0.571
109	44	0.444
109	45	0.333
109	46	0.545
109	47	0.455
109	48	0.75
109	49	0.774
109	50	0.846
109	51	0.682
110	0	0
110	1	0
110	2	0
110	3	0
110	4	0
110	5	0
110	6	0
110	7	0
110	8	0
110	9	0
110	10	0
110	11	0
110	12	0
110	13	0
110	14	0
110	15	0
110	16	0.167
110	17	0.273
110	18	0.333
110	19	0
110	20	0
110	21	0
110	22	0
110	23	0
110	24	0.455
110	25	0.5
110	26	0.5
110	27	0
110	28	0
110	29	0
110	30	0.143
110	31	0.25
110	34	0
110	35	0.167
110	36	0.8
110	37	0.455
110	38	0.333
110	39	0.167
110	40	0
110	41	0.286
110	42	0.5
110	43	0.167
110	44	0.143
110	45	0.2
110	46	0.333
110	47	0.111
110	48	0.786
110	49	0.875
110	50	0.706
110	51	0.611
111	0	0
111	1	0
111	2	0
111	3	0
111	4	0
111	5	0
111	6	0
111	7	0
111	8	0
111	9	0
111	10	0
111	11	0
111	12	0
111	13	0
111	14	0
111	15	0
111	16	0
111	17	0.143
111	18	0
111	19	0
111	20	0
111	21	0
111	22	0.05
111	23	0
111	24	0.357
111	25	0.308
111	26	0.4
111	27	0.111
111	28	0
111	29	0.182
111	30	0.417
111	31	0.158
111	33	0.2
111	34	0.2
111	35	0.381
111	36	0.25
111	37	0.385
111	38	0.261
111	39	0.286
111	40	0
111	41	0.348
111	42	0.333
111	43	0.231
111	44	0.143
111	45	0.4
111	46	0.538
111	47	0.263
111	48	0.538
111	49	0.535
111	50	0.531
111	51	0.611
112	0	0
112	1	0
112	2	0
112	3	0
112	4	0
112	5	0
112	6	0
112	7	0
112	8	0
112	9	0
112	10	0
112	11	0
112	12	0
112	13	0
112	14	0
112	15	0
112	16	0
112	17	0
112	18	0
112	19	0
112	20	0
112	21	0
112	22	0
112	23	0
112	24	0.182
112	25	0.333
112	26	0.5
112	27	0
112	28	0.5
112	29	0.2
112	30	0.333
112	31	0.25
112	33	0
112	34	0.4
112	35	0.167
112	36	0.4
112	37	0.25
112	38	0.333
112	39	0.8
112	40	0.75
112	41	0.5
112	42	0.5
112	43	0
112	44	0.5
112	45	0
112	46	1
112	47	0.25
112	48	0.467
112	49	0.818
112	50	0.636
112	51	0.462
113	0	0
113	1	0
113	2	0
113	3	0
113	4	0
113	5	0
113	6	0
113	7	0
113	8	0
113	9	0
113	10	0
113	11	0
113	12	0
113	13	0
113	14	0
113	15	0
113	16	0
113	17	0
113	18	0
113	19	0
113	20	0
113	21	0
113	22	0
113	23	0
113	24	0.368
113	25	0.833
113	26	0.333
113	27	0
113	28	0.375
113	29	0.375
113	30	0.429
113	31	0.533
113	32	1
113	33	1
113	34	0.571
113	35	0.625
113	36	0.533
113	37	0.55
113	38	0.429
113	39	0.455
113	40	0
113	41	0.24
113	42	0.333
113	43	0.286
113	44	0.25
113	45	0.533
113	46	0.6
113	47	0.692
113	48	0.731
113	49	0.714
113	50	0.72
113	51	0.704
114	0	0
114	1	0
114	2	0
114	3	0
114	4	0
114	5	0
114	6	0
114	7	0
114	8	0
114	9	0
114	10	0
114	11	0
114	12	0
114	13	0
114	14	0
114	15	0
114	16	0
114	17	0
114	18	0
114	19	0
114	20	0
114	21	0
114	22	0.056
114	23	0.053
114	24	0.261
114	25	0.263
114	26	0.125
114	27	0.667
114	28	0
114	29	0.273
114	30	0.222
114	31	0.276
114	32	0
114	33	0.25
114	34	0
114	35	0.231
114	36	0.316
114	37	0.378
114	38	0.192
114	39	0.357
114	40	0.125
114	41	0.261
114	42	0.417
114	43	0.111
114	44	0.2
114	45	0.25
114	46	0.55
114	47	0.5
114	48	0.511
114	49	0.561
114	50	0.651
114	51	0.667
116	0	0
116	1	0
116	2	0
116	3	0
116	4	0
116	5	0
116	6	0
116	7	0
116	8	0
116	9	0
116	10	0
116	11	0
116	12	0
116	13	0
116	14	0
116	15	0
116	16	0
116	17	0
116	18	0
116	19	0
116	20	0
116	21	0
116	22	0
116	23	0
116	24	0.25
116	25	0.286
116	26	0.333
116	27	0.333
116	28	0.25
116	29	0.25
116	30	0.4
116	31	0.286
116	33	0.667
116	34	0
116	35	0.25
116	36	0.25
116	37	0.125
116	38	0.143
116	39	0.333
116	40	0
116	41	0.222
116	42	0.333
116	43	0.2
116	44	0.333
116	45	0
116	46	0.333
116	47	0.167
116	48	0.438
116	49	0.625
116	50	0.5
116	51	0.308
117	0	0
117	1	0
117	2	0
117	3	0
117	4	0
117	5	0
117	6	0
117	7	0
117	8	0
117	9	0
117	10	0
117	11	0
117	12	0
117	13	0
117	14	0
117	15	0
117	16	0
117	17	0
117	18	0
117	19	0
117	20	0
117	21	0
117	22	0
117	23	0
117	24	0.294
117	25	0.333
117	26	0
117	27	0.429
117	28	0.25
117	29	0.333
117	30	0.111
117	31	0.333
117	32	1
117	33	1
117	34	0.333
117	35	0.286
117	36	0.444
117	37	0.5
117	38	0.278
117	39	0.3
117	40	0.333
117	41	0.474
117	42	0.444
117	43	0.4
117	44	0.222
117	45	0.3
117	46	0.182
117	47	0.583
117	48	0.656
117	49	0.519
117	50	0.565
117	51	0.667
118	0	0
118	1	0
118	2	0
118	3	0
118	4	0
118	5	0
118	6	0
118	7	0
118	8	0
118	9	0
118	10	0
118	11	0
118	12	0
118	13	0
118	14	0
118	15	0
118	16	0
118	17	0
118	19	0
118	20	0
118	21	0
118	22	0
118	23	0
118	24	0.261
118	25	0.3
118	26	0.4
118	27	0.125
118	28	0.25
118	29	0.429
118	30	0.154
118	31	0.286
118	32	0
118	33	0
118	34	0
118	35	0.158
118	36	0.188
118	37	0.32
118	38	0.278
118	39	0.3
118	40	0.167
118	41	0.4
118	42	0.25
118	43	0.5
118	44	0.111
118	45	0.154
118	46	0.077
118	47	0.286
118	48	0.367
118	49	0.485
118	50	0.586
118	51	0.481
119	2	0
119	3	0
119	5	0
119	7	0
119	11	0
119	12	0
119	13	0
119	14	0
119	15	0
119	16	0
119	17	0
119	21	0
119	22	0
119	23	0
119	24	0
119	25	0
119	27	0
119	28	0
119	29	0
119	30	0.5
119	31	0
119	35	1
119	36	1
119	37	1
119	38	1
119	39	1
119	40	1
119	41	1
119	42	1
119	43	1
119	44	1
119	45	1
119	46	0.5
119	47	1
119	48	0.857
119	49	0.875
119	50	0.5
119	51	0.5
120	35	0
120	36	0
120	37	0.4
120	38	0
120	39	0
120	40	0
120	42	0
120	43	0
120	44	0
120	45	0
120	46	0
120	47	0
120	48	0.667
120	49	1
120	50	0.429
120	51	0.75
121	0	0
121	1	0
121	2	0
121	3	0
121	4	0
121	5	0
121	6	0
121	7	0
121	8	0
121	9	0
121	10	0
121	11	0
121	12	0
121	13	0
121	14	0
121	15	0
121	16	0
121	17	0.125
121	18	0
121	19	0
121	20	0
121	21	0
121	22	0.1
121	23	0.333
121	24	0.167
121	25	0.625
121	26	0.286
121	27	0.25
121	28	0.25
121	29	0.4
121	30	0.333
121	31	0.5
121	32	1
121	33	0.75
121	34	0.25
121	35	0.467
121	36	0.25
121	37	0.65
121	38	0.538
121	39	0.3
121	40	0.286
121	41	0.56
121	42	0.4
121	43	0.5
121	44	0.8
121	45	0.625
121	46	0.643
121	47	0.875
121	48	0.885
121	49	0.647
121	50	0.667
121	51	0.667
122	0	0
122	1	0
122	2	0
122	3	0
122	4	0
122	5	0
122	6	0
122	7	0
122	8	0
122	9	0
122	10	0
122	11	0
122	12	0
122	13	0
122	14	0
122	15	0
122	16	0
122	17	0
122	18	0
122	19	0
122	20	0
122	21	0
122	22	0.067
122	23	0.062
122	24	0.095
122	25	0
122	26	0
122	27	0
122	28	0
122	29	0
122	30	0.333
122	31	0.071
122	32	0.667
122	33	0.286
122	34	0.222
122	35	0.353
122	36	0.444
122	37	0.519
122	38	0.3
122	39	0.25
122	40	0.6
122	41	0.4
122	42	0.3
122	43	0.2
122	44	0.4
122	45	0.333
122	46	0.385
122	47	0.154
122	48	0.594
122	49	0.233
122	50	0.536
122	51	0.37
123	35	0
123	36	1
123	37	1
123	38	0.75
123	40	1
123	42	1
123	44	1
123	45	1
123	46	1
123	47	1
123	48	1
123	49	1
123	50	1
123	51	0.333
124	0	0
124	1	0
124	2	0
124	3	0
124	4	0
124	5	0
124	6	0
124	7	0
124	8	0
124	9	0
124	10	0
124	11	0
124	12	0
124	13	0
124	14	0
124	15	0
124	16	0
124	17	0
124	18	0
124	19	0
124	20	0
124	21	0
124	22	0
124	23	0
124	24	0.111
124	25	0
124	26	0
124	27	0
124	28	0
124	29	0
124	30	0
124	31	0
124	34	1
124	35	0.286
124	36	0.5
124	37	0.25
124	38	0.4
124	39	0
124	40	0.4
124	41	0.182
124	42	0.424
124	43	0
124	44	0
124	45	0
124	46	1
124	47	0.5
124	48	0.5
124	49	0.571
124	50	0.75
124	51	0.6
125	0	0
125	1	0
125	2	0
125	3	0
125	4	0
125	5	0
125	6	0
125	7	0
125	8	0
125	9	0
125	10	0
125	11	0
125	12	0
125	13	0
125	14	0
125	15	0
125	16	0
125	17	0
125	18	1
125	19	0
125	21	0
125	22	1
125	23	0.333
125	24	0.714
125	25	1
125	26	0.25
125	28	0.5
125	29	0.25
125	30	1
125	31	0.75
125	33	1
125	34	1
125	35	1
125	36	0.917
125	37	0.8
125	38	1
125	39	0.333
125	40	1
125	41	0.615
125	42	0
125	43	0.333
125	44	0
125	45	0.4
125	46	0.667
125	47	0.5
125	48	0.857
125	49	0.8
125	50	0.429
125	51	0.947
126	0	0
126	1	0
126	2	0
126	3	0
126	4	0
126	5	0
126	6	0
126	7	0
126	8	0
126	9	0
126	10	0
126	11	0
126	12	0
126	13	0
126	14	0
126	15	0
126	16	0
126	17	0.059
126	18	0.2
126	19	0
126	20	0
126	21	0
126	22	0.1
126	23	0.214
126	24	0.133
126	25	0.091
126	26	0
126	27	0
126	28	0.167
126	29	0.25
126	30	0.385
126	31	0.316
126	32	0
126	33	0
126	34	0
126	35	0.176
126	36	0
126	37	0.158
126	38	0.067
126	39	0.091
126	40	0.25
126	41	0.346
126	42	0.333
126	43	0.125
126	44	0.182
126	45	0.111
126	46	0.312
126	47	0.294
126	48	0.375
126	49	0.525
126	50	0.484
126	51	0.393
128	0	0
128	1	0
128	2	0
128	3	0
128	4	0
128	5	0
128	6	0
128	7	0
128	8	0
128	9	0
128	10	0
128	11	0
128	12	0
128	13	0
128	14	0
128	15	0
128	16	0
128	17	0
128	18	0
128	19	0
128	20	0
128	21	0
128	22	0
128	23	0.167
128	24	0.182
128	25	0.25
128	26	0.333
128	27	0
128	28	0.25
128	29	0
128	30	0.125
128	31	0.048
128	33	0
128	34	0
128	35	0.133
128	36	0.143
128	37	0.167
128	38	0.143
128	39	0
128	40	0.357
128	41	0.176
128	42	0.4
128	43	0
128	44	0.143
128	45	0.154
128	46	0.167
128	47	0.2
128	48	0.24
128	49	0.44
128	50	0.429
128	51	0.36
130	0	0
130	1	0
130	2	0
130	3	0
130	4	0
130	5	0
130	6	0
130	7	0
130	8	0
130	9	0
130	10	0
130	11	0
130	12	0
130	13	0
130	14	0.2
130	15	0
130	16	0
130	17	0.25
130	18	0.5
130	19	0
130	20	0
130	21	0.5
130	22	0
130	23	0.222
130	24	0.1
130	25	0
130	26	0
130	27	0
130	28	0
130	29	0
130	30	0
130	31	0.429
130	32	0
130	33	0
130	34	0
130	35	0
130	36	0
130	37	0.125
130	38	0.2
130	39	0.143
130	41	0.4
130	42	0.5
130	43	0.5
130	44	0.5
130	45	0.875
130	46	0.857
130	47	0.375
130	48	0.833
130	49	0.667
130	50	0.571
130	51	0.714
131	0	0
131	1	0
131	2	0
131	3	0
131	4	0
131	5	0
131	6	0
131	7	0
131	8	0
131	9	0
131	10	0
131	11	0
131	12	0
131	13	0
131	14	0
131	15	0
131	16	0
131	17	0
131	18	0
131	19	0
131	20	0
131	21	0
131	22	0
131	23	0.091
131	24	0.429
131	25	0.333
131	26	0.4
131	27	0.5
131	28	0.333
131	29	0
131	30	0.333
131	31	0.308
131	32	0
131	33	0.75
131	34	0.333
131	35	0.5
131	36	0.462
131	37	0.471
131	38	0.375
131	39	0.5
131	40	0
131	41	0.667
131	42	0.5
131	43	0.25
131	44	0.714
131	45	0.538
131	46	0.588
131	47	0.7
131	48	0.739
131	49	0.731
131	50	0.583
131	51	0.474
132	0	0
132	1	0
132	2	0
132	3	0
132	4	0
132	5	0
132	6	0
132	7	0
132	8	0
132	9	0
132	10	0
132	11	0
132	12	0.056
132	13	0
132	14	0
132	15	0
132	16	0.077
132	17	0.095
132	18	0
132	19	0
132	20	0
132	21	0
132	22	0.067
132	23	0.059
132	24	0.321
132	25	0.154
132	26	0.2
132	27	0
132	28	0.273
132	29	0.742
132	30	0.357
132	31	0.292
132	32	1
132	33	0.333
132	34	0.25
132	35	0.5
132	36	0.571
132	37	0.548
132	38	0.607
132	39	0.312
132	40	0.429
132	41	0.314
132	42	0.333
132	43	0.286
132	44	0.417
132	45	0.417
132	46	0.684
132	47	0.588
132	48	0.725
132	49	0.692
132	50	0.778
132	51	0.622
135	0	0
135	1	0
135	3	0
135	5	0
135	7	0
135	8	0
135	9	0
135	10	0
135	12	0
135	13	0
135	14	0
135	15	0
135	16	0
135	17	0
135	18	0
135	20	0
135	22	0
135	23	0
135	24	0
135	26	0
135	27	0
135	29	0
135	30	0
135	31	0
135	35	1
135	36	1
135	37	1
135	38	1
135	41	1
135	42	1
135	44	1
135	46	0
135	47	0
135	48	0
135	49	0
135	50	0
135	51	0
136	0	0
136	1	0
136	2	0
136	3	0
136	4	0
136	5	0
136	6	0
136	7	0
136	8	0
136	9	0
136	10	0
136	11	0
136	12	0.043
136	13	0.042
136	14	0
136	15	0
136	16	0
136	17	0.083
136	18	0
136	19	0
136	20	0
136	21	0
136	22	0
136	23	0.074
136	24	0.129
136	25	0
136	26	0
136	27	0
136	28	0
136	29	0
136	30	0.458
136	31	0.25
136	32	0
136	33	0
136	34	0
136	35	0.121
136	36	0.536
136	37	0.378
136	38	0.273
136	39	0.176
136	40	0.077
136	41	0.387
136	42	0.273
136	43	0.25
136	44	0.25
136	45	0.476
136	46	0.318
136	47	0.429
136	48	0.5
136	49	0.623
136	50	0.514
136	51	0.66
139	0	0
139	1	0
139	2	0
139	3	0
139	4	0
139	5	0
139	6	0
139	7	0
139	8	0
139	9	0
139	10	0
139	11	0
139	12	0
139	13	0
139	14	0
139	15	0
139	16	0
139	17	0.077
139	18	0.5
139	19	0
139	20	0.5
139	21	0
139	22	0
139	23	0.067
139	24	0.333
139	25	0.286
139	26	0
139	27	0
139	28	0
139	29	0
139	30	0.429
139	31	0.357
139	32	0
139	33	0
139	34	0
139	35	0.455
139	36	0.636
139	37	0.588
139	38	0.538
139	39	0.583
139	40	0.867
139	41	0.783
139	42	0.4
139	43	0.5
139	44	0.4
139	45	0.667
139	46	0.75
139	47	0.727
139	48	0.833
139	49	0.868
139	50	0.818
139	51	0.679
141	0	0
141	1	0
141	2	0
141	3	0
141	4	0
141	5	0
141	6	0
141	7	0
141	8	0
141	9	0
141	10	0
141	11	0
141	12	0
141	13	0
141	14	0
141	15	0
141	16	0
141	17	0
141	18	0
141	19	0
141	20	0
141	21	0
141	22	0
141	23	0
141	24	0
141	25	0
141	26	0
141	28	0.25
141	29	0.5
141	30	0
141	31	0
141	35	0
141	36	0
141	37	0
141	38	0
141	39	0
141	40	0.25
141	41	0.182
141	42	0
141	43	0
141	44	0
141	45	0
141	46	0
141	47	0
141	48	0.667
141	49	0.462
141	50	0.727
141	51	0.5
142	6	0
142	7	0
142	8	0
142	9	0
142	10	0
142	11	0
142	13	0
142	16	0
142	17	0
142	18	0
142	19	0
142	22	0
142	24	0
142	25	1
142	26	0
142	27	0
142	29	0
142	30	1
142	31	1
142	35	0.5
142	36	1
142	37	1
142	38	1
142	39	1
142	40	1
142	41	1
142	42	1
142	43	1
142	44	1
142	45	1
142	46	1
142	47	1
142	48	1
142	49	1
142	50	1
