"time"	"distance"	"value"
36	0	0.132
36	1	0.231
36	2	0.059
36	3	0
36	9	0
36	10	0
36	11	0.5
36	12	1
36	13	0.4
36	14	0.462
36	15	0.75
36	16	1
36	17	0.333
36	18	0.429
36	19	0
36	20	0
36	21	0
36	22	0.333
36	23	0.2
36	24	0
36	25	0.2
36	26	0.143
36	27	0.5
36	28	0.167
36	29	0.4
36	30	0
36	31	0.25
36	32	0.333
36	33	0.5
36	34	0.5
36	35	1
36	36	1
36	37	0.5
36	38	0.5
36	39	0.333
36	40	0.4
36	41	0.2
36	42	0.667
36	44	0.429
36	45	0.429
36	46	0.357
36	47	0.455
36	48	0.368
36	49	0.4
36	50	0.417
36	51	0.465
36	52	0.444
36	53	0.417
36	54	0.833
37	0	0.031
37	1	0
37	2	0
37	3	0.375
37	4	0
37	5	0.176
37	6	0.125
37	7	0
37	8	0
37	9	0
37	10	0.167
37	11	0.167
37	12	0
37	13	0.217
37	14	0.182
37	15	0.286
37	16	0
37	17	0
37	18	0.067
37	19	0
37	20	0.148
37	21	0.167
37	22	0.077
37	23	0.167
37	24	0.125
37	25	0.172
37	26	0.206
37	27	0.405
37	28	0.318
37	29	0.316
37	30	0
37	31	0.286
37	32	0.25
37	33	0.583
37	34	0
37	35	0
37	36	1
37	37	0
37	38	0
37	39	0.75
37	40	0
37	41	0
37	42	0
37	44	0
37	45	0.5
37	47	0.5
37	48	1
37	49	0
37	50	1
37	51	0.8
37	52	1
37	53	0.231
37	54	0.391
38	0	0.2
38	1	0
38	2	0.071
38	3	0.121
38	4	0
38	5	0
38	6	0
38	7	0
38	8	0
38	9	0
38	10	0
38	11	0
38	12	0
38	13	0
38	14	0
38	15	0
38	16	0
38	17	0.167
38	18	0.083
38	19	0.167
38	20	0
38	21	0.1
38	22	0
38	23	0.1
38	24	0
38	25	0
38	26	0.071
38	27	0
38	33	0.6
38	34	0.441
38	35	0.8
38	36	0.8
38	37	0.444
38	38	0.48
38	39	0.625
38	40	0.316
38	41	0.333
38	42	0.214
38	43	1
38	44	0.312
38	45	0.417
38	46	0.417
38	47	0.545
38	48	0.455
38	49	0.611
38	50	0.857
38	51	0.853
38	52	0.828
38	53	0.857
38	54	1
39	0	0.44
39	14	0.188
39	15	0.25
39	16	0.167
39	17	0.273
39	18	0
39	19	0.2
39	20	0.083
39	21	0.077
39	22	0
39	23	0
39	24	0.118
39	25	0.1
39	26	0.056
39	27	0.132
39	28	0.2
39	29	0.133
39	30	0
39	31	0
39	32	0
39	33	0.133
39	34	0.154
39	35	0.5
39	36	0.333
39	37	0
39	38	0.138
39	39	0.2
39	40	0.083
39	41	0.143
39	42	0.167
39	43	0.2
39	44	0.091
39	45	0.143
39	46	0.3
39	47	0.143
39	48	0.176
39	49	0.208
39	50	0.333
39	51	0.14
39	52	0.227
39	53	0.24
39	54	0
40	0	0.012
40	1	0.111
40	2	0.1
40	3	0.054
40	4	0.083
40	5	0
40	6	0.1
40	7	0
40	8	0
40	9	0
40	10	0
40	11	0
40	12	0
40	13	0.158
40	14	0
40	15	0
40	16	0
40	17	0
40	18	0
40	19	0
40	20	0.05
40	21	0.037
40	22	0
40	23	0.05
40	24	0.037
40	25	0.043
40	26	0.1
40	27	0.342
40	28	0.391
40	29	0.167
40	30	0.333
40	31	0.429
40	32	0.333
40	33	0.438
40	34	0.194
40	35	0
40	36	0.167
40	37	0.125
40	38	0.409
40	39	0.364
40	40	0.375
40	41	0.176
40	42	0
40	43	0
40	44	0
40	45	0
40	46	0
40	47	0
40	48	0
40	49	0
40	50	0
40	51	0
40	52	0.211
40	53	0.263
40	54	0.312
41	0	0.162
41	1	0.147
41	2	0.2
41	3	0.486
41	4	0
41	5	0.071
41	6	0.143
41	7	0
41	8	0
41	9	0
41	10	0
41	11	0
41	12	0.091
41	13	0.211
41	14	0.086
41	15	0
41	16	0.077
41	17	0.062
41	18	0.1
41	19	0.059
41	20	0.069
41	21	0.065
41	22	0.059
41	23	0.033
41	24	0.061
41	25	0.053
41	26	0.158
41	27	0.4
41	28	0.4
41	29	0.333
41	30	0.5
41	31	0
41	32	0.5
41	33	0.4
41	34	0.25
41	37	0
41	38	0.25
41	39	0
41	40	0.286
41	41	0.286
41	42	0.364
41	43	0.5
41	44	0.368
41	45	0.286
41	46	0.538
41	47	0.25
41	48	0.438
41	49	0.45
41	50	0.286
41	51	0.625
41	52	0.594
41	53	0.429
41	54	0.273
42	0	0
42	1	0
42	2	0
42	3	0
42	4	0
42	5	0
42	6	0.143
42	7	0
42	8	0
42	9	0
42	10	0
42	11	0
42	12	0
42	13	0.048
42	14	0
42	15	0
42	16	0
42	17	0
42	18	0
42	19	0.067
42	20	0.133
42	21	0.067
42	22	0.143
42	23	0
42	26	0.059
42	27	0.182
42	28	0.148
42	29	0.053
42	30	0.125
42	31	0.091
42	32	0.059
42	33	0.222
42	34	0.267
42	37	0.25
42	38	0.259
42	39	0.161
42	40	0.267
42	41	0.1
42	42	0
42	43	0
42	44	0.154
42	45	0.143
42	46	0.231
42	47	0.25
42	48	0.2
42	49	0.125
42	50	0.231
42	51	0.396
42	52	0.429
42	53	0.414
42	54	0.522
43	0	0
43	1	0.133
43	2	0.048
43	3	0
43	4	0
43	5	0
43	6	0
43	7	0
43	8	0
43	9	0
43	10	0
43	11	0
43	12	0
43	13	0
43	14	0
43	15	0
43	16	0
43	17	0
43	18	0
43	19	0
43	20	0.033
43	21	0.091
43	22	0
43	23	0.143
43	24	0.086
43	25	0.154
43	26	0.143
43	27	0.205
43	28	0.217
43	29	0
43	30	0.091
43	31	0.083
43	32	0.154
43	33	0.056
43	34	0.136
43	35	0
43	36	0.333
43	37	0.182
43	38	0.103
43	39	0.312
43	40	0.125
43	41	0.143
43	42	0.133
43	43	0.167
43	44	0.2
43	45	0
43	46	0
43	47	0.143
43	48	0
43	49	0
43	50	0.571
43	51	0.533
43	52	0.5
43	53	0.333
43	54	0.3
44	0	0
44	1	0
44	2	0
44	3	0
44	4	0
44	5	0
44	6	0
44	7	0
44	9	0
44	10	0
44	11	0
44	13	0
44	14	0
44	15	0
44	17	0
44	18	0
44	19	0
44	20	0
44	21	0
44	22	0
44	23	0
44	24	0
44	25	0
44	26	0.023
44	27	0.093
44	28	0.192
44	29	0.077
44	30	0.286
44	31	0
44	32	0.1
44	33	0.158
44	34	0.125
44	35	0
44	36	0
44	37	0.167
44	38	0.154
44	39	0.143
44	40	0.125
44	41	0
44	42	0
44	43	0
44	44	0.1
44	45	0.105
44	46	0.111
44	47	0.172
44	48	0.103
44	49	0.114
44	50	0.185
44	51	0.219
44	52	0.283
44	53	0.219
44	54	0.235
45	0	0.071
45	1	0
45	2	0
45	3	0
45	4	0
45	5	0
45	6	0
45	7	0
45	8	0
45	9	0
45	10	0
45	11	0
45	12	0
45	13	0
45	14	0
45	15	0
45	16	0
45	17	0
45	18	0
45	19	0.2
45	20	0.045
45	21	0.042
45	22	0
45	23	0.059
45	24	0.077
45	25	0.053
45	26	0.094
45	27	0.119
45	28	0.143
45	29	0.125
45	30	0.125
45	31	0.1
45	32	0.176
45	33	0.176
45	34	0.071
45	35	0.571
45	36	0.5
45	37	0.231
45	38	0.192
45	39	0.324
45	40	0.1
45	41	0.133
45	42	0.267
45	43	0.333
45	44	0.133
45	45	0.286
45	46	0.167
45	47	0.3
45	48	0.182
45	49	0.167
45	50	0.385
45	51	0.31
45	52	0.423
45	53	0.258
45	54	0.25
46	0	0.133
46	1	0
46	2	0
46	3	0
46	4	0
46	5	0
46	6	0
46	7	0
46	8	0
46	9	0
46	10	0
46	11	0
46	12	0
46	13	0
46	14	0
46	15	0
46	16	0
46	17	0
46	18	0
46	19	0
46	20	0
46	21	0
46	22	0
46	23	0.062
46	24	0.071
46	25	0.087
46	26	0.067
46	27	0.3
46	28	0.391
46	29	0.2
46	30	0.125
46	31	0
46	32	0.455
46	33	0.385
46	34	0.346
46	35	1
46	36	1
46	37	0.125
46	38	0.19
46	39	0.2
46	40	0
46	41	0.111
46	42	0
46	44	0
46	45	0
46	46	0.143
46	47	0
46	48	0
46	49	0
46	50	0.067
46	51	0.15
46	52	0.059
46	53	0.043
46	54	0.2
47	0	0.165
47	1	0.026
47	2	0
47	3	0.031
47	4	0
47	5	0
47	6	0
47	7	0
47	8	0
47	9	0
47	10	0
47	11	0
47	12	0
47	13	0
47	14	0
47	15	0
47	16	0
47	17	0
47	18	0
47	19	0
47	20	0.083
47	21	0.147
47	22	0
47	23	0
47	24	0
47	25	0
47	26	0.1
47	27	0.429
47	28	0.2
47	29	0.25
47	30	0
47	31	0
47	32	0.2
47	33	1
47	34	0.333
47	36	0
47	37	0
47	38	0.143
47	39	0.419
47	40	0.231
47	41	0.062
47	42	0.143
47	43	0.333
47	44	0.278
47	45	0.091
47	46	0.222
47	47	0.158
47	48	0.231
47	49	0.261
47	50	0.471
47	51	0.5
47	52	0.535
47	53	0.386
47	54	0.4
48	0	0
48	1	0.083
48	2	0
48	3	0
48	4	0
48	5	0
48	6	0
48	7	0
48	8	0
48	9	0
48	10	0
48	11	0
48	12	0
48	13	0
48	14	0
48	15	0
48	16	0
48	17	0
48	18	0
48	19	0
48	20	0.025
48	21	0.033
48	22	0
48	23	0
48	24	0
48	25	0
48	26	0
48	27	0.068
48	28	0.111
48	29	0.095
48	30	0
48	31	0.143
48	32	0.059
48	33	0.136
48	34	0.171
48	35	0.286
48	36	0.545
48	37	0.105
48	38	0.083
48	39	0.24
48	40	0.3
48	41	0.273
48	42	0
48	43	0.333
48	44	0.267
48	45	0.4
48	46	0.2
48	47	0.3
48	48	0.273
48	49	0.267
48	50	0.571
48	51	0.36
48	52	0.462
48	53	0.619
48	54	0.364
49	0	0.068
49	1	0.111
49	2	0
49	3	0
49	4	0
49	5	0
49	6	0
49	7	0
49	8	0
49	9	0
49	10	0
49	11	0
49	20	0
49	21	0
49	22	0
49	23	0
49	24	0
49	25	0
49	26	0
49	27	0
49	28	0
49	29	0
49	30	0
49	31	0
49	32	0
49	33	0
49	34	0
49	37	0
49	38	0.043
49	39	0.075
49	40	0.05
49	41	0.034
49	42	0.05
49	43	0.125
49	44	0.038
49	45	0
49	46	0.048
49	47	0
49	48	0.273
49	49	0.222
49	50	0.125
49	51	0.278
49	52	0.26
49	53	0.237
49	54	0.273
50	0	0.22
50	1	0
50	2	0
50	3	0
50	4	0
50	5	0
50	6	0
50	7	0
50	8	0
50	9	0
50	10	0
50	11	0
50	12	0
50	13	0
50	14	0
50	15	0
50	16	0
50	17	0
50	18	0
50	19	0
50	20	0.067
50	21	0.038
50	22	0.077
50	23	0.05
50	24	0.029
50	25	0.038
50	26	0.03
50	27	0.098
50	28	0.095
50	29	0.077
50	30	0.125
50	31	0.077
50	32	0
50	33	0.125
50	34	0.065
50	35	0.667
50	36	0.5
50	37	0.214
50	38	0.077
50	39	0.156
50	40	0
50	41	0
50	42	0.222
50	43	0
50	44	0.111
50	45	0.083
50	46	0.167
50	47	0.077
50	48	0
50	49	0.125
50	50	0.154
50	51	0.233
50	52	0.355
50	53	0.129
50	54	0.211
51	0	0.093
51	1	0
51	2	0
51	3	0
51	4	0
51	5	0
51	6	0
51	7	0
51	8	0
51	9	0
51	10	0
51	11	0
51	12	0
51	13	0
51	14	0
51	15	0
51	16	0
51	17	0
51	18	0
51	19	0
51	20	0
51	21	0
51	22	0
51	23	0
51	24	0
51	25	0
51	26	0.036
51	27	0.161
51	28	0.056
51	29	0.143
51	30	0
51	31	0
51	32	0
51	33	0
51	34	0.125
51	35	0
51	36	0
51	37	0
51	38	0.05
51	39	0.121
51	40	0
51	41	0.038
51	42	0.067
51	43	0
51	44	0.048
51	45	0
51	46	0.083
51	47	0.062
51	48	0.04
51	49	0.083
51	50	0.067
51	51	0.13
51	52	0.125
51	53	0.086
51	54	0.368
52	0	0.236
52	1	0.192
52	2	0
52	3	0.053
52	4	0
52	5	0
52	6	0
52	7	0
52	8	0
52	9	0
52	10	0
52	11	0
52	12	0
52	13	0
52	14	0
52	15	0
52	16	0
52	17	0
52	18	0
52	19	0
52	20	0
52	21	0
52	22	0
52	23	0
52	24	0
52	25	0
52	26	0
52	27	0.19
52	28	0.143
52	29	0
52	30	0
52	31	0
52	32	0.1
52	33	0
52	34	0.05
52	35	0
52	36	0
52	37	0
52	38	0.083
52	39	0.278
52	40	0.1
52	41	0.417
52	42	0.143
52	43	0.333
52	44	0.182
52	45	0.182
52	46	0
52	47	0
52	48	0
52	49	0.182
52	50	0.2
52	51	0.296
52	52	0.303
52	53	0.174
52	54	0.375
53	0	0.096
53	1	0.167
53	2	0
53	3	0
53	4	0
53	5	0
53	6	0
53	7	0
53	8	0
53	9	0
53	10	0
53	11	0
53	12	0
53	13	0
53	14	0
53	15	0
53	16	0
53	17	0
53	18	0
53	19	0
53	20	0
53	21	0
53	22	0
53	23	0
53	24	0
53	25	0
53	26	0.161
53	27	0.275
53	28	0.431
53	29	0.077
53	30	0.333
53	31	0
53	32	0.333
53	33	0.25
53	34	0.19
53	35	0.5
53	36	0.5
53	37	0.222
53	38	0.222
53	39	0.25
53	40	0.111
53	41	0.333
53	42	0.056
53	43	0.5
53	44	0.143
53	45	0.2
53	46	0.333
53	47	0.154
53	48	0.286
53	49	0.375
53	50	0.8
53	51	0.708
53	52	0.545
53	53	0.824
53	54	0.455
54	0	0.113
54	1	0.095
54	2	0.077
54	3	0.353
54	4	0.062
54	5	0
54	6	0
54	7	0
54	8	0
54	9	0
54	10	0
54	11	0
54	12	0
54	13	0
54	14	0
54	15	0
54	16	0
54	17	0
54	18	0
54	19	0
54	20	0.107
54	21	0
54	22	0
54	23	0
54	24	0
54	25	0
54	26	0
54	27	0.225
54	28	0.091
54	29	0
54	30	0
54	31	0
54	32	0.143
54	33	0.188
54	34	0.107
54	35	0.25
54	36	0.5
54	37	0
54	38	0.231
54	39	0.065
54	40	0.154
54	41	0.136
54	42	0.083
54	43	0.25
54	44	0.111
54	45	0.167
54	46	0.333
54	47	0.267
54	48	0.05
54	49	0.167
54	50	0.444
54	51	0.231
54	52	0.429
54	53	0.304
54	54	0.231
55	0	0.104
55	1	0
55	2	0.037
55	3	0.043
55	4	0
55	5	0
55	6	0
55	7	0
55	8	0
55	9	0
55	10	0
55	11	0
55	12	0
55	13	0
55	14	0
55	15	0
55	16	0
55	17	0
55	18	0.077
55	19	0
55	20	0
55	21	0.071
55	22	0
55	23	0
55	24	0
55	25	0
55	26	0
55	27	0.19
55	28	0.143
55	29	0
55	30	0.167
55	31	0.167
55	32	0.125
55	33	0
55	34	0.143
55	35	0
55	36	0
55	37	0.333
55	38	0.312
55	39	0.308
55	40	0.25
55	41	0.1
55	42	0
55	43	0.333
55	44	0.125
55	45	0.214
55	46	0.364
55	47	0.182
55	48	0.417
55	49	0.033
55	50	0.107
55	51	0.2
55	52	0.31
55	53	0.2
55	54	0.269
56	0	0.048
56	1	0.056
56	2	0
56	3	0
56	4	0
56	5	0
56	6	0.091
56	7	0
56	8	0
56	9	0
56	10	0
56	11	0
56	12	0
56	13	0
56	14	0
56	15	0
56	16	0
56	17	0
56	18	0
56	19	0
56	20	0
56	21	0
56	22	0
56	23	0
56	24	0
56	25	0
56	26	0
56	27	0.152
56	28	0.19
56	29	0.111
56	30	0.2
56	31	0.111
56	32	0.1
56	33	0
56	34	0.2
56	35	0
56	36	0
56	37	0
56	38	0.056
56	39	0.045
56	40	0.083
56	41	0.059
56	42	0
56	43	0
56	44	0
56	45	0
56	46	0
56	47	0
56	48	0
56	49	0
56	50	0.091
56	51	0.161
56	52	0.314
56	53	0.179
56	54	0.375
57	0	0.113
57	1	0.2
57	2	0
57	3	0.091
57	4	0
57	5	0
57	6	0
57	7	0
57	8	0
57	9	0
57	10	0
57	11	0.056
57	12	0
57	13	0
57	14	0
57	15	0
57	16	0
57	17	0
57	18	0
57	19	0
57	20	0
57	21	0
57	22	0
57	23	0
57	24	0
57	25	0
57	26	0
57	27	0.148
57	28	0.139
57	29	0.077
57	30	0
57	31	0.1
57	32	0.133
57	33	0.091
57	34	0.069
57	35	0.25
57	36	0.5
57	37	0
57	38	0.04
57	39	0.103
57	40	0.077
57	41	0.111
57	42	0.125
57	43	0
57	44	0
58	0	0.033
58	1	0
58	2	0
58	3	0.1
58	4	0
58	5	0
58	6	0
58	7	0
58	8	0
58	9	0
58	10	0
58	11	0
58	12	0
58	13	0
58	14	0
58	15	0
58	16	0
58	17	0
58	18	0
58	19	0
58	20	0
58	21	0
58	22	0
58	23	0
58	24	0
58	25	0
58	26	0
58	27	0.286
58	28	0
58	29	0
58	30	0
58	31	0
58	32	0.3
58	33	0
58	34	0.188
58	35	0
58	36	0
58	37	0
58	38	0.133
58	39	0.2
58	40	0
58	41	0.133
58	42	0
58	43	0
58	44	0.069
58	45	0.105
58	46	0.091
58	47	0.077
58	48	0.129
58	49	0.128
58	50	0.179
58	51	0.265
58	52	0.236
58	53	0.19
58	54	0.179
59	0	0.105
59	1	0.13
59	2	0
59	3	0
59	4	0
59	5	0
59	6	0
59	7	0
59	8	0
59	9	0
59	10	0
59	11	0
59	12	0
59	13	0
59	14	0
59	15	0
59	16	0
59	17	0
59	18	0
59	19	0
59	20	0
59	21	0
59	22	0
59	23	0
59	24	0
59	25	0
59	26	0
59	27	0.1
59	28	0.071
59	29	0
59	30	0
59	31	0
59	32	0
59	33	0.333
59	34	0.059
59	35	0
59	36	0.333
59	37	0.111
59	38	0.118
59	39	0.192
59	40	0.25
59	41	0.278
59	42	0.222
59	43	0
59	44	0
59	45	0
59	46	0
59	47	0.381
59	48	0.435
59	49	0.3
59	50	0.3
59	51	0.258
59	52	0.258
59	53	0.4
59	54	0.5
60	0	0.569
60	1	0
60	2	0.125
60	3	0.444
60	4	0
60	5	0
60	6	0
60	7	0
60	8	0
60	9	0
60	10	0
60	11	0
60	12	0
60	13	0
60	14	0
60	15	0
60	16	0
60	17	0
60	18	0
60	19	0
60	20	0
60	21	0
60	22	0
60	23	0
60	24	0
60	25	0
60	26	0
60	27	0.05
60	28	0.103
60	29	0
60	30	0
60	31	0
60	32	0
60	33	0.059
60	34	0.043
60	35	0
60	36	1
60	37	0.167
60	38	0.185
60	39	0.222
60	40	0.045
60	41	0.05
60	42	0.154
60	43	0
60	44	0.125
60	45	0
60	46	0.083
60	47	0.059
60	48	0.083
60	49	0.167
60	52	0.5
60	53	0.5
60	54	0
61	0	0.294
61	1	0.083
61	2	0.053
61	3	0.19
61	4	0
61	5	0
61	6	0
61	7	0
61	8	0
61	9	0
61	10	0
61	11	0
61	12	0
61	13	0
61	14	0
61	15	0
61	16	0
61	17	0
61	18	0
61	19	0
61	20	0
61	21	0
61	22	0
61	23	0
61	24	0
61	25	0
61	26	0
61	27	0.108
61	28	0
61	29	0
61	30	0
61	31	0
61	32	0.143
61	33	0.077
61	34	0.118
61	35	0
61	36	0.5
61	37	0
61	38	0.056
61	39	0.176
61	40	0
61	41	0.3
61	42	0.333
61	44	0.222
61	45	0
61	46	0.2
61	47	0.111
61	48	0.167
61	49	0.16
61	50	0.211
61	51	0.375
61	52	0.348
61	53	0.351
61	54	0.421
62	0	0.059
62	1	0.071
62	2	0
62	3	0.133
62	4	0
62	5	0
62	6	0
62	7	0
62	8	0
62	9	0
62	10	0
62	11	0
62	12	0
62	13	0
62	14	0.041
62	15	0
62	16	0
62	17	0.053
62	18	0.1
62	39	0
62	40	0
62	41	0
62	42	0
62	43	0
62	44	0
62	45	0.143
62	47	0.091
62	48	0.333
62	49	0.1
62	50	0.25
62	51	0.062
62	52	0.273
62	53	0.091
62	54	0.25
63	16	0
63	17	0
63	18	0.083
63	19	0
63	20	0.042
63	21	0.106
63	22	0.04
63	23	0.135
63	24	0.094
63	25	0.079
63	26	0.138
63	27	0.143
63	28	0.208
63	29	0.087
63	30	0.077
63	31	0.071
63	32	0.125
63	33	0.138
63	34	0.25
63	35	0
63	36	0
63	37	0
63	38	0.078
63	39	0.167
63	40	0.138
63	41	0
64	0	0.05
64	1	0
64	2	0
64	3	0.059
64	4	0
64	5	0
64	6	0
64	7	0
64	8	0
64	9	0
64	10	0
64	11	0
64	12	0
64	13	0
64	14	0.2
64	16	0
64	17	0
64	18	0.167
64	19	0.5
64	20	0
64	21	0.286
64	22	0.25
64	23	0.4
64	24	0.2
64	25	0.25
64	26	0.3
64	27	0.4
64	28	0.286
64	29	0
64	30	1
64	31	0
64	32	0.333
64	33	0.2
64	34	0.3
64	38	0
64	39	0
64	40	0
64	41	0.188
64	42	0.143
64	43	0.091
64	44	0.237
64	45	0.118
64	46	0.267
64	47	0.222
64	48	0.41
64	49	0.4
64	50	0.512
64	51	0.422
64	52	0.4
64	53	0.267
64	54	0.435
65	0	0.072
65	1	0
65	2	0
65	3	0
65	4	0
65	5	0
65	6	0
65	7	0
65	8	0
65	9	0
65	10	0
65	11	0
65	12	0
65	13	0
65	14	0
65	15	0
65	16	0
65	17	0
65	18	0
65	19	0
65	20	0
65	21	0
65	22	0
65	23	0.167
65	24	0.188
65	25	0.3
65	26	0.318
65	27	0.4
65	28	0.2
65	29	0.375
65	30	0.5
65	31	0.2
65	32	0.5
65	33	0.286
65	34	0.25
65	35	0.6
65	36	0.4
65	37	0.25
65	38	0.176
65	39	0.421
65	40	0.273
65	41	0.417
65	42	0
65	43	0.25
65	44	0
65	45	0.333
65	46	0.2
65	47	0.333
65	48	0.214
65	49	0.273
65	50	0.4
65	51	0.542
65	52	0.542
65	53	0.591
65	54	0.733
66	0	0
66	1	0.2
66	2	0
66	3	0
66	4	0
66	5	0
66	6	0
66	7	0
66	8	0
66	9	0
66	10	0
66	11	0
66	12	0
66	13	0
66	14	0
66	15	0
66	16	0
66	17	0
66	18	0
66	19	0
66	20	0
66	21	0.077
66	22	0
66	23	0
66	24	0
66	25	0
66	26	0
66	27	0
66	28	0
66	29	0
66	30	0
66	31	0
66	32	0
66	33	0
66	34	0
66	35	0
66	36	0
66	37	0
66	38	0
66	39	0
66	40	0.043
66	41	0
66	42	0.143
66	43	0
66	44	0.083
66	45	0
66	46	0.111
66	47	0
66	48	0.071
66	49	0.071
66	50	0.077
66	51	0.293
66	52	0.438
66	53	0.176
66	54	0.25
67	0	0
67	1	0
67	2	0
67	3	0
67	4	0
67	5	0
67	6	0
67	7	0
67	8	0
67	9	0
67	10	0
67	11	0
67	12	0
67	13	0
67	14	0
67	15	0
67	16	0
67	17	0
67	18	0
67	19	0
67	20	0.038
67	21	0.062
67	22	0
67	23	0
67	24	0
67	25	0
67	26	0
67	27	0
67	28	0
67	29	0
67	30	0
67	31	0
67	32	0
67	33	0
67	34	0
67	35	0
67	36	0
67	37	0
67	38	0
67	39	0
67	40	0
67	41	0
67	42	0
67	43	0
67	44	0
67	45	0
67	46	0
67	47	0
67	48	0
67	49	0
67	50	0
67	51	0.097
67	52	0.094
67	53	0.191
67	54	0.156
68	0	0.103
68	1	0
68	2	0
68	3	0
68	4	0
68	5	0
68	6	0
68	7	0
68	8	0
68	9	0
68	10	0
68	11	0
68	12	0
68	13	0
68	14	0.111
68	15	0
68	16	0
68	17	0
68	18	0
68	19	0
68	20	0.077
68	21	0
68	22	0
68	23	0
68	24	0
68	25	0
68	26	0.037
68	27	0.053
68	28	0.05
68	29	0
68	30	0
68	31	0
68	32	0
68	33	0.143
68	34	0.107
68	35	0
68	36	0.5
68	37	0.154
68	38	0.103
68	39	0.094
68	40	0.056
68	41	0.167
68	42	0
68	43	0
68	44	0.15
68	45	0.077
68	46	0.222
68	47	0.118
68	48	0.118
68	49	0.04
68	50	0.154
68	51	0.355
68	52	0.611
68	53	0.25
68	54	0.385
69	0	0.069
69	1	0
69	2	0
69	3	0.281
69	4	0
69	5	0
69	6	0
69	7	0
69	8	0
69	9	0
69	10	0
69	11	0
69	12	0
69	13	0
69	14	0
69	15	0
69	16	0
69	17	0
69	18	0
69	19	0
69	20	0
69	21	0
69	22	0
69	23	0.077
69	24	0.106
69	25	0
69	26	0
69	27	0.29
69	28	0.222
69	29	0
69	30	0.5
69	31	0
69	32	0.2
69	33	0.25
69	34	0.143
69	35	0
69	36	0
69	37	0
69	38	0.048
69	39	0.353
69	40	0.182
69	41	0
69	42	0
69	43	0
69	44	0
69	45	0
69	46	0
69	47	0
69	48	0
69	49	0
69	50	0
69	51	0
69	52	0
69	53	0
69	54	0
70	0	0.157
70	1	0
70	2	0.102
70	3	0.141
70	4	0
70	5	0
70	6	0
70	7	0
70	9	0
70	10	0
70	11	0
70	12	0
70	13	0
70	14	0
70	15	0
70	16	0
70	17	0
70	18	0
70	19	0
70	20	0
70	21	0
70	22	0
70	23	0
70	24	0
70	25	0
70	26	0
70	27	0.048
70	28	0.091
70	29	0
70	30	0
70	31	0
70	32	0
70	33	0
70	34	0.091
70	36	0
70	37	0
70	38	0
70	39	0
70	41	0.2
70	42	0
70	43	0.167
70	44	0.273
70	45	0.2
70	46	0
70	47	0.375
70	48	0.3
70	49	0.077
70	50	0.111
70	51	0.48
70	52	0.517
70	53	0.462
70	54	0.167
71	0	0.057
71	1	0
71	2	0
71	3	0
71	4	0
71	5	0
71	6	0
71	7	0
71	8	0
71	9	0
71	10	0
71	11	0
71	12	0
71	13	0
71	14	0.031
71	15	0
71	16	0
71	17	0
71	18	0.038
71	19	0
71	20	0.162
71	21	0.067
71	22	0.062
71	23	0
71	24	0.059
71	25	0.061
71	26	0.1
71	27	0.276
71	28	0.077
71	29	0.071
71	30	0.083
71	31	0.125
71	32	0.2
71	33	0
71	34	0.167
71	35	0
71	36	0
71	37	0
71	38	0
71	39	0.062
71	40	0.2
71	41	0
71	42	0.1
71	43	0.5
71	44	0
71	45	0.125
71	46	0
71	47	0.1
71	48	0
71	49	0.091
71	50	0.111
71	51	0.13
71	52	0
71	53	0.048
71	54	0.111
72	0	0.196
72	1	0
72	2	0
72	3	0
72	4	0
72	5	0
72	6	0
72	7	0
72	8	0
72	9	0
72	10	0
72	11	0
72	12	0
72	13	0
72	14	0
72	15	0
72	16	0
72	17	0
72	18	0
72	19	0
72	20	0
72	21	0
72	22	0
72	23	0
72	24	0
72	25	0
72	26	0
72	27	0
72	28	0
72	29	0
72	30	0
72	31	0
72	32	0.042
72	33	0.143
72	34	0.118
72	35	0.286
72	36	0.222
72	37	0.214
72	38	0.111
72	39	0.158
72	40	0.143
72	41	0.071
72	42	0.158
72	43	0.167
72	44	0.148
72	45	0.167
72	46	0.05
72	47	0.182
72	48	0.628
72	49	0.27
72	50	0.367
72	51	0.222
72	52	0.226
72	53	0.191
72	54	0.125
73	0	0.03
73	1	0
73	2	0.125
73	3	0.217
73	4	0
73	5	0
73	6	0
73	7	0
73	8	0
73	9	0
73	10	0
73	11	0
73	12	0
73	13	0.062
73	14	0
73	15	0.5
73	16	0
73	17	0.091
73	18	0.143
73	19	0
73	20	0.143
73	21	0.154
73	22	0.111
73	23	0.091
73	24	0.059
73	25	0.143
73	26	0.1
73	27	0.318
73	28	0.3
73	29	0.125
73	30	0
73	31	0.4
73	32	0.125
73	33	0.25
73	34	0.15
73	35	0
73	36	0
73	37	0.2
73	38	0.211
73	39	0.4
73	40	0.2
73	41	0.474
73	42	0.308
73	43	0.143
73	44	0.4
73	45	0.333
73	46	0.286
73	47	0.333
73	48	0.533
73	49	0.429
73	50	0.5
73	51	0.375
73	52	0.452
73	53	0.45
73	54	0.467
74	0	0
74	1	0.087
74	2	0
74	3	0
74	4	0
74	5	0
74	6	0
74	7	0
74	8	0
74	9	0
74	10	0
74	11	0
74	12	0
74	13	0
74	14	0.032
74	15	0
74	16	0
74	17	0.05
74	18	0
74	19	0.04
74	20	0
74	21	0.033
74	22	0.056
74	23	0
74	24	0.036
74	25	0.042
74	26	0.034
74	27	0.333
74	28	0.2
74	29	0
74	30	0.5
74	31	0
74	32	0.3
74	33	0.167
74	34	0.083
74	35	0
74	36	0
74	37	0
74	38	0.333
74	39	0.308
74	40	0.1
74	41	0.2
74	42	0.4
74	43	0
74	44	0.25
74	45	0.333
74	46	0
74	47	0
74	48	0.25
74	49	0.25
74	50	0.2
74	51	0.429
74	52	0.611
74	53	0.562
74	54	0.556
75	0	0.062
75	1	0.167
75	2	0
75	3	0
75	4	0
75	5	0
75	6	0
75	7	0
75	8	0
75	9	0
75	10	0
75	11	0
75	12	0
75	13	0
75	14	0
75	15	0
75	16	0
75	17	0
75	18	0
75	19	0
75	20	0
75	21	0
75	22	0
75	23	0.091
75	24	0.091
75	25	0.077
75	26	0.185
75	27	0.115
75	28	0.16
75	29	0.143
75	30	0.1
75	31	0
75	32	0.095
75	33	0.19
75	34	0.074
75	35	0
75	36	0
75	37	0
75	38	0.045
75	39	0.077
75	40	0.048
75	41	0
75	42	0.105
75	43	0.286
75	44	0.267
75	45	0.077
75	46	0.077
75	47	0.176
75	48	0.3
75	49	0.208
75	50	0.286
75	51	0.182
75	52	0.324
75	53	0.278
75	54	0.7
76	0	0.011
76	1	0
76	2	0
76	3	0
76	4	0
76	5	0
76	6	0
76	7	0
76	8	0
76	9	0
76	10	0.125
76	11	0
76	12	0
76	13	0
76	14	0
76	15	0
76	16	0
76	17	0
76	18	0
76	19	0
76	20	0.069
76	21	0
76	22	0
76	23	0
76	24	0
76	25	0
76	26	0.037
76	27	0
76	28	0
76	30	0.2
76	31	0
76	32	0.333
76	33	0.4
76	34	0.333
76	35	0
76	36	0.5
76	37	0.333
76	38	0.143
76	39	0.421
76	40	0.333
76	41	0.235
76	42	0.286
76	43	0.4
76	44	0.455
76	45	0.5
76	46	0.167
76	47	0.5
76	48	0.545
76	49	0.364
76	50	0.444
76	51	0.343
76	52	0.476
76	53	0.345
76	54	0.176
77	0	0.051
77	1	0
77	2	0
77	3	0
77	4	0
77	5	0
77	6	0
77	7	0
77	8	0
77	9	0
77	10	0
77	11	0
77	12	0
77	13	0
77	14	0
77	15	0
77	16	0
77	17	0
77	18	0
77	19	0
77	20	0
77	21	0
77	22	0.167
77	23	0
77	24	0
77	25	0
77	26	0.059
77	27	0.154
77	28	0.059
77	29	0.25
77	30	0.111
77	31	0
77	32	0.182
77	33	0.182
77	34	0.211
77	35	0.333
77	36	0.4
77	37	0.2
77	38	0.312
77	39	0.214
77	40	0.438
77	41	0.333
77	42	0.2
77	43	0.5
77	44	0.438
77	45	0.167
77	46	0.3
77	47	0
77	48	0.188
77	49	0.429
77	50	0.429
77	51	0.588
77	52	0.5
77	53	0.536
77	54	0.308
78	0	0.055
78	1	0.143
78	2	0
78	3	0
78	4	0
78	5	0
78	6	0
78	7	0
78	8	0
78	9	0
78	10	0
78	11	0
78	12	0
78	13	0.071
78	14	0.077
78	15	0
78	16	0
78	17	0
78	18	0
78	19	0.133
78	20	0.059
78	21	0
78	22	0
78	23	0
78	24	0
78	25	0.2
78	26	0.286
78	27	0.556
78	28	0.333
78	29	0.6
78	30	0
78	31	0.25
78	32	0.571
78	33	0.714
78	34	0.5
78	37	0
78	38	0.833
78	39	0.857
78	40	0.5
78	41	0.857
78	42	0.571
78	43	0
78	44	0.8
78	45	0.75
78	46	1
78	47	0.75
78	48	0.667
78	49	0.8
78	50	0.8
78	51	0.9
78	52	0.643
78	53	0.769
78	54	0.786
79	0	0
79	1	0
79	2	0
79	3	0
79	4	0
79	5	0
79	6	0
79	7	0
79	8	0
79	9	0
79	10	0
79	11	0
79	13	0
79	14	0
79	15	0
79	16	0
79	17	0
79	18	0
79	19	0
79	20	0
79	21	0
79	22	0
79	23	0
79	24	0
79	25	0
79	26	0.053
79	27	0.111
79	28	0
79	29	0.167
79	30	0
79	31	0
79	32	0
79	33	0.2
79	34	0
79	35	0
79	36	0
79	37	0
79	38	0.067
79	39	0.294
79	40	0.333
79	41	0.273
79	42	0.111
79	43	0.5
79	44	0.077
79	45	0.222
79	46	0
79	47	0.333
79	48	0
79	49	0.25
79	50	0.444
79	51	0.562
79	52	0.5
79	53	0.294
79	54	0.308
80	0	0.032
80	1	0.067
80	2	0
80	3	0
80	4	0
80	5	0
80	6	0
80	7	0
80	8	0
80	9	0
80	10	0
80	11	0
80	12	0
80	13	0.118
80	14	0
80	15	0
80	16	0
80	17	0
80	18	0
80	19	0
80	20	0
80	21	0
80	22	0
80	23	0
80	24	0.056
80	25	0
80	26	0.095
80	27	0.36
80	28	0.545
80	29	0.6
80	30	0
80	31	0.5
80	32	0.571
80	33	0.5
80	34	0.25
80	38	0.857
80	39	0.8
80	40	0.833
80	41	1
80	42	0
80	44	0.25
80	45	0.5
80	46	1
80	47	0
80	48	0.75
80	49	0.5
80	50	1
80	51	1
80	52	0.917
80	53	0.833
80	54	0.833
81	0	0
81	1	0
81	2	0.105
81	3	0
81	4	0
81	5	0.067
81	6	0
81	7	0
81	8	0
81	9	0
81	10	0
81	11	0
81	12	0
81	13	0.105
81	14	0.115
81	15	0
81	16	0.111
81	17	0.091
81	18	0.125
81	19	0.231
81	20	0.458
81	33	0
81	34	0.5
81	37	0
81	38	0.636
81	39	0.7
81	40	0.462
81	41	0.2
81	42	0.4
81	43	0
81	44	0.286
81	45	0
81	46	0.2
81	47	0.286
81	48	0.4
81	49	0.417
81	50	0.571
81	51	0.81
81	52	0.824
81	53	0.692
81	54	0.455
82	20	0.133
82	21	0.286
82	22	0.222
82	23	0.308
82	24	0.44
82	25	0.579
82	26	0.469
82	27	0.488
82	28	0.524
82	29	0.222
82	30	0.111
82	31	0.8
82	32	0.667
82	33	0.6
82	34	0.458
82	35	0.667
82	36	0.333
82	37	0.231
82	38	0.714
82	39	0.806
82	40	0.778
82	41	0.552
82	42	0.438
82	43	0.6
82	44	0.4
82	45	0.625
83	0	0
83	1	0
83	2	0
83	3	0
83	4	0
83	5	0
83	6	0
83	7	0
83	8	0
83	9	0
83	10	0
83	11	0.111
83	12	0
83	13	0.071
83	14	0.182
83	15	0
83	16	0
83	17	0
83	18	0
83	19	0.286
83	20	0.071
83	21	0
83	22	0
83	23	0
83	24	0.077
83	25	0.111
83	26	0.273
83	27	0.462
83	28	0.4
83	29	0.333
83	30	0
83	31	0
83	32	1
83	45	0
83	46	0.5
83	47	0.4
83	48	0.435
83	49	0.6
83	50	0.765
83	51	0.757
83	52	0.795
83	53	0.838
83	54	0.591
84	0	0.083
84	1	0
84	2	0
84	3	0
84	4	0
84	5	0
84	6	0
84	7	0
84	8	0
84	9	0
84	10	0
84	11	0
84	12	0
84	13	0.167
84	14	0
84	15	0
84	16	0
84	17	0
84	18	0
84	19	0
84	20	0.111
84	21	0
84	22	0
84	23	0
84	24	0.25
84	25	0.111
84	26	0.273
84	27	0.462
84	28	0.571
84	29	0.265
84	30	1
84	31	0.286
84	32	0.25
84	33	0.125
84	34	0.474
84	35	0.5
84	36	0.714
84	37	0.357
84	38	0.381
84	39	0.393
84	40	0.538
84	41	0.1
84	42	0.25
84	43	0
84	44	0
84	45	0
84	46	0.125
84	47	0.167
84	48	0.143
84	49	0.2
84	50	0.5
84	51	0.421
84	52	0.556
84	53	0.474
84	54	0.583
85	0	0.043
85	1	0.2
85	2	0
85	3	0
85	4	0
85	5	0
85	6	0
85	7	0
85	8	0
85	9	0
85	10	0
85	11	0
85	12	0
85	13	0.286
85	14	0.167
85	15	0
85	16	0
85	17	0
85	18	0
85	19	0
85	20	0.154
85	21	0
85	22	0
85	23	0
85	24	0
85	25	0
85	26	0
85	27	0.294
85	28	0.111
85	29	0.2
85	30	0
85	31	0.167
85	32	0
85	33	0.125
85	34	0.143
85	37	0.667
85	38	0.444
85	39	0.588
85	40	0.6
85	41	0.55
85	42	0.333
85	43	0
85	44	0.312
85	45	0.182
85	46	0.222
85	47	0.333
85	48	0.389
85	49	0.4
85	50	0.643
85	51	0.929
85	52	0.692
85	53	0.571
85	54	0.571
86	0	0
86	1	0.222
86	2	0.083
86	3	0
86	4	0
86	5	0
86	6	0
86	7	0
86	8	0
86	9	0
86	10	0
86	11	0
86	12	0
86	13	0.545
86	14	0.545
86	15	0
86	16	0
86	17	0.143
86	18	0.5
86	19	0.25
86	20	0.267
86	21	0.25
86	22	0.167
86	23	0.3
86	24	0.333
86	25	0.2
86	26	0.176
86	27	0.316
86	28	0.091
86	29	0
86	30	0
86	31	0.2
86	32	0.143
86	33	0.3
86	34	0.182
86	37	0
86	38	0.273
86	39	0.462
86	40	0.5
86	41	0.545
86	42	0.167
86	43	0
86	44	0.538
86	45	0.667
86	46	0.667
86	47	0.25
86	48	0.5
86	49	0.571
86	50	0.6
86	51	0.679
86	52	0.8
86	53	0.778
86	54	0.786
87	0	0
87	1	0.226
87	2	0
87	3	0.03
87	4	0
87	5	0
87	6	0
87	7	0
87	8	0
87	9	0
87	10	0
87	11	0
87	12	0
87	13	0.04
87	14	0
87	15	0
87	16	0
87	17	0
87	18	0
87	19	0
87	20	0
87	21	0
87	22	0
87	23	0
87	24	0
87	25	0
87	26	0.038
87	27	0.385
87	28	0.091
87	29	0.143
87	30	0.1
87	31	0.25
87	32	0
87	51	0.75
87	52	0.609
87	53	0.579
87	54	0.75
88	0	0
88	1	0.222
88	2	0.115
88	3	0.115
88	4	0
88	5	0
88	6	0
88	7	0
88	8	0
88	9	0
88	10	0
88	11	0
88	12	0
88	13	0
88	14	0.071
88	15	0
88	16	0
88	17	0
88	18	0.091
88	19	0
88	20	0
88	21	0
88	22	0
88	23	0
88	24	0
88	25	0
88	26	0.067
88	27	0.2
88	32	0.286
88	33	0.25
88	34	0.292
88	35	1
88	36	0.4
88	37	0.364
88	38	0.235
88	39	0.484
88	40	0.235
88	41	0.2
88	42	0
88	43	1
88	44	0.263
88	45	0.371
88	46	0.375
88	47	0.5
88	48	0.25
88	49	0.625
88	50	0.333
88	51	0.5
88	52	0.125
88	53	0.429
88	54	0.667
89	0	0.028
89	1	0
89	2	0
89	3	0
89	4	0
89	5	0
89	6	0
89	7	0
89	8	0
89	9	0
89	10	0
89	11	0
89	12	0
89	13	0
89	14	0
89	15	0
89	16	0
89	17	0
89	18	0
89	19	0
89	20	0.062
89	21	0
89	22	0
89	23	0
89	24	0.111
89	25	0.143
89	26	0
89	27	0.308
89	28	0.385
89	29	0
89	30	0
89	31	0.25
89	32	0
89	33	0.2
89	34	0.222
89	35	0
89	36	0
89	37	0.133
89	38	0.333
89	39	0.292
89	40	0.333
89	41	0.35
89	42	0.25
89	43	0.286
89	44	0.25
89	45	0.111
89	46	0.273
89	47	0.3
89	48	0.333
89	49	0.571
89	50	0
89	51	0.6
89	52	1
89	53	0.6
89	54	1
90	0	0.24
90	1	0.273
90	2	0.038
90	3	0.243
90	4	0
90	5	0
90	6	0
90	7	0
90	8	0
90	9	0
90	10	0
90	11	0
90	12	0
90	13	0.143
90	14	0.042
90	15	0
90	16	0
90	17	0
90	18	0.167
90	19	0.375
90	20	0.3
90	21	0.2
90	22	0.2
90	23	0
90	24	0.286
90	25	0.167
90	26	0.333
90	27	0.556
90	28	0.333
90	29	0.25
90	30	0.667
90	31	0
90	32	0.167
90	33	0.25
90	34	0
90	35	0
90	36	0
90	38	0.222
90	39	0.222
90	40	0.667
90	41	0
90	42	0
90	43	0
90	44	0.25
90	45	0.25
90	46	0
90	47	0.167
90	48	0.25
90	49	0.2
90	50	0.25
90	51	0.526
90	52	0.52
90	53	0.5
90	54	0.529
91	0	0.122
91	1	0.4
91	2	0
91	3	0
91	4	0
91	5	0
91	6	0
91	7	0
91	8	0
91	9	0
91	18	0.6
91	19	0.083
91	20	0.429
91	21	0.25
91	22	0
91	23	0.091
91	24	0.304
91	25	0.158
91	26	0.273
91	27	0.448
91	28	0.333
91	29	0.111
91	30	1
91	31	0.083
91	32	0.143
91	33	0.333
91	34	0.4
91	35	0.333
91	36	0.417
91	37	0.333
91	38	0.368
91	39	0.348
91	40	0.458
91	41	0.238
91	42	0.5
91	43	0
91	44	0.389
91	45	0.4
91	46	0.571
91	47	0
91	48	0.294
91	49	0.385
91	50	0.353
91	51	0.679
91	52	0.758
91	53	0.45
91	54	0.727
92	0	0.05
92	1	0
92	2	0.091
92	3	0.176
92	4	0
92	5	0
92	6	0
92	7	0
92	8	0
92	9	0
92	10	0
92	11	0
92	12	0.333
92	13	0.15
92	14	0.188
92	15	0
92	16	0
92	17	0.15
92	18	0.15
92	19	0.3
92	20	0.133
92	21	0.1
92	22	0
92	23	0
92	24	0.312
92	25	0.143
92	26	0.294
92	27	0.72
92	28	0.556
92	29	0.167
92	30	0.375
92	31	0.5
92	32	0.455
92	33	0.375
92	34	0.357
92	37	0.25
92	38	0.75
92	39	0.875
92	40	0.947
92	41	0.786
92	42	0.5
92	43	0.5
92	44	0.87
92	45	1
92	46	0.9
92	47	0.857
92	48	0.909
92	49	0.929
92	50	1
92	51	1
92	52	0.969
92	53	0.857
92	54	0.778
93	0	0.083
93	1	0
93	2	0
93	3	0
93	5	0
93	6	0.2
93	7	0
93	8	0
93	9	0.083
93	10	0
93	11	0
93	12	0.2
93	13	0.111
93	14	0.304
93	15	0
93	16	0
93	17	0
93	18	0.062
93	19	0.146
93	20	0.394
93	21	0.412
93	22	0.5
93	23	0.444
93	24	0.6
93	25	0.6
93	26	0.615
93	27	0.667
93	28	0.625
93	29	0.167
93	30	0.667
93	31	0.4
93	32	0.5
93	33	0.75
93	34	0.714
93	37	0.4
93	38	0.636
93	39	0.583
93	40	0.833
93	41	0.643
93	42	0.375
93	43	0.5
93	44	0.588
93	45	0.286
93	46	0.5
93	47	0.375
93	48	0.75
93	49	0.455
93	50	0.571
93	51	0.68
93	52	0.68
93	53	0.632
93	54	0.667
94	0	0.3
94	1	0.25
94	2	0
94	3	0.182
94	4	0
94	5	0
94	6	0
94	7	0
94	8	0
94	9	0
94	10	0
94	11	0
94	12	0
94	13	0
94	14	0.444
94	15	0
94	16	0
94	17	0
94	18	0
94	19	0.417
94	20	0.333
94	21	0.333
94	22	0.067
94	23	0.143
94	24	0.233
94	25	0.107
94	26	0.238
94	27	0.545
94	28	0.412
94	29	0.182
94	30	0.2
94	31	0
94	32	0.091
94	33	0.333
94	34	0.222
94	35	1
94	36	1
94	37	0.2
94	38	0.333
94	39	0.385
94	40	0.591
94	41	0.364
94	42	0.333
94	43	0.25
94	44	0.36
94	45	0.333
94	46	0.444
94	47	0.385
94	48	0.286
94	49	0.294
94	50	0.667
94	51	0.8
94	52	0.778
94	53	0.696
94	54	0.545
95	0	0.111
95	1	0.267
95	2	0.158
95	3	0
95	4	0
95	5	0
95	6	0
95	7	0
95	8	0
95	9	0
95	10	0
95	11	0
95	13	0
95	14	0.133
95	15	0
95	16	0
95	17	0
95	18	0
95	19	0
95	20	0.067
95	21	0
95	22	0
95	23	0.111
95	24	0.059
95	25	0.091
95	26	0.077
95	27	0.444
95	28	0.467
95	29	0.2
95	30	0.5
95	31	0.286
95	32	0.2
95	33	0.222
95	34	0.296
95	35	0
95	36	0
95	37	0.25
95	38	0.5
95	39	0.654
95	40	0.696
95	41	0.72
95	42	0.636
95	43	0.875
95	44	0.64
95	45	0.625
95	46	0.5
95	47	0.615
95	48	0.385
95	49	0.667
95	50	0.882
95	51	0.838
95	52	0.923
95	53	0.889
95	54	0.708
96	0	0.051
96	1	0.267
96	2	0
96	3	0
96	4	0
96	5	0
96	6	0.143
96	7	0
96	8	0
96	9	0.045
96	10	0
96	11	0.087
96	12	0
96	13	0.133
96	14	0.16
96	15	0.091
96	16	0
96	17	0.043
96	18	0.143
96	19	0.25
96	20	0.25
96	21	0.25
96	22	0.25
96	23	0.143
96	24	0.091
96	25	0.25
96	26	0.308
96	27	0.538
96	28	0.4
96	29	0.2
96	30	0
96	31	0
96	32	0.25
96	33	0.5
96	34	0.385
96	37	0.25
96	38	0.538
96	39	0.636
96	40	0.4
96	41	0.667
96	42	0.5
96	43	0.5
96	44	0.636
96	45	0.25
96	46	0.75
96	47	0.667
96	48	0.429
96	49	0.636
96	50	0.875
96	51	0.833
96	52	0.84
96	53	1
96	54	0.857
97	18	0.045
97	19	0.125
97	20	0.105
97	21	0.042
97	22	0
97	23	0
97	24	0.083
97	25	0.053
97	26	0.065
97	27	0.31
97	28	0.458
97	29	0.364
97	30	0.286
97	31	0
97	32	0.5
97	33	0.167
97	34	0.286
97	35	0.222
97	36	0.2
97	37	0.292
97	38	0.481
97	39	0.439
97	40	0.45
97	41	0.448
97	42	0.133
97	43	0
97	44	0.312
97	45	0.214
97	46	0.214
97	47	0
97	48	0.28
97	49	0.308
97	50	0.286
97	51	0.554
97	52	0.667
98	0	0.117
98	1	0.077
98	2	0.122
98	3	0
98	4	0
98	5	0.125
98	6	0
98	7	0
98	8	0
98	9	0
98	10	0
98	11	0
98	12	0.286
98	13	0.353
98	14	0.219
98	15	0
98	16	0
98	17	0.167
98	18	0.2
98	19	0.143
98	20	0.167
98	21	0.1
98	22	0.2
98	23	0.111
98	24	0
98	25	0.091
98	26	0.167
98	27	0.263
98	28	0.444
98	29	0.25
98	30	0.429
98	31	0.333
98	32	0.5
98	33	0.25
98	34	0.308
98	35	0
98	36	0
98	37	0.333
98	38	0.25
98	39	0.444
98	40	0.429
98	41	0.4
98	42	0.167
98	43	0.571
98	44	0.692
98	45	0.286
98	46	0.5
98	47	0.333
98	48	0.556
98	49	0.333
98	50	0.6
98	51	0.4
98	52	0.629
98	53	0.547
98	54	0.714
99	0	0.091
99	1	0
99	2	0.219
99	3	0.067
99	4	0
99	5	0.125
99	6	0
99	7	0
99	8	0
99	9	0
99	10	0
99	11	0.083
99	12	0
99	13	0.043
99	14	0.071
99	15	0
99	16	0.235
99	17	0
99	18	0.067
99	19	0
99	20	0.077
99	21	0.167
99	22	0.188
99	23	0.286
99	24	0.208
99	25	0.136
99	26	0.188
99	27	0.411
99	28	0.36
99	29	0.188
99	30	0.182
99	31	0.267
99	32	0.214
99	33	0.069
99	34	0.167
99	35	0
99	36	0.077
99	37	0.074
99	38	0.191
99	39	0.206
99	40	0.225
99	41	0.192
99	42	0.057
99	43	0.231
99	44	0.264
99	45	0.133
99	46	0.333
99	47	0.114
99	48	0.135
99	49	0.151
99	50	0.229
99	51	0.333
99	52	0.315
99	53	0.22
99	54	0.379
100	0	0.088
100	1	0.25
100	2	0.136
100	3	0.016
100	4	0
100	5	0.077
100	6	0.074
100	7	0
100	8	0
100	9	0
100	10	0
100	11	0
100	12	0.091
100	13	0.091
100	14	0.013
100	15	0.214
100	16	0
100	17	0
100	18	0.043
100	19	0
100	20	0.035
100	21	0
100	22	0.091
100	23	0.095
100	24	0.13
100	25	0.125
100	26	0.152
100	27	0.409
100	28	0.526
100	29	0.133
100	30	0.286
100	31	0.364
100	32	0.308
100	33	0.471
100	34	0.308
100	35	0.5
100	36	0.5
100	37	0.364
100	38	0.257
100	39	0.406
100	40	0.423
100	41	0.174
100	42	0.231
100	43	0.25
100	44	0.257
100	45	0.25
100	46	0.286
100	47	0.214
100	48	0.158
100	49	0.229
100	50	0.4
100	51	0.4
100	52	0.4
100	53	0.453
100	54	0.472
101	0	0.036
101	1	0
101	2	0
101	3	0
101	4	0
101	5	0
101	6	0
101	7	0
101	8	0
101	9	0
101	10	0
101	11	0
101	12	0
101	13	0
101	14	0
101	15	0
101	16	0.125
101	17	0.091
101	18	0.077
101	19	0.111
101	20	0.222
101	21	0.068
101	22	0.103
101	23	0.15
101	24	0.125
101	25	0.085
101	26	0.096
101	27	0.28
101	28	0.37
101	29	0.111
101	30	0.125
101	31	0.208
101	32	0.148
101	33	0.286
101	34	0.185
101	35	0.083
101	36	0
101	37	0.087
101	38	0.241
101	39	0.342
101	40	0.326
101	41	0.293
101	42	0.067
101	43	0.214
101	44	0.387
101	45	0.32
101	46	0.364
101	47	0.269
101	48	0.344
101	49	0.342
101	50	0.412
101	51	0.333
101	52	0.463
101	53	0.265
101	54	1
102	0	0.053
102	1	0.074
102	2	0
102	3	0
102	4	0
102	5	0.048
102	6	0.087
102	7	0
102	8	0
102	9	0
102	10	0.028
102	11	0
102	12	0
102	13	0
102	14	0.017
102	15	0
102	16	0
102	17	0
102	18	0
102	19	0
102	20	0.04
102	21	0
102	22	0
102	23	0.077
102	24	0.156
102	25	0.167
102	26	0.2
102	27	0.324
102	28	0.125
102	29	0.067
102	30	0
102	31	0.188
102	32	0.067
102	33	0.2
102	34	0.125
102	37	0
102	38	0.5
102	39	0.571
102	40	0.318
102	41	0.37
102	42	0.3
102	43	0.727
102	44	0.486
102	45	0.25
102	46	0.364
102	47	0.286
102	48	0.304
102	49	0.375
102	50	0.423
102	51	0.5
102	52	0.5
102	53	0.373
102	54	0.414
103	0	0.042
103	1	0.375
103	2	0
103	3	0.045
103	4	0
103	5	0
103	6	0.25
103	7	0
103	8	0
103	9	0
103	10	0
103	11	0
103	12	0
103	13	0
103	14	0.176
103	15	0
103	16	0
103	17	0
103	18	0.111
103	19	0.316
103	20	0.114
103	21	0.033
103	22	0
103	23	0.042
103	24	0.176
103	25	0.125
103	26	0.095
103	27	0.373
103	28	0.174
103	29	0.167
103	30	0.143
103	31	0.375
103	32	0.3
103	33	0.143
103	34	0.22
103	35	0.5
103	36	0.467
103	37	0.24
103	38	0.18
103	39	0.226
103	40	0.364
103	41	0.273
103	42	0.226
103	43	0.381
103	44	0.333
103	45	0.217
103	46	0.286
103	47	0.194
103	48	0.257
103	49	0.222
103	50	0.448
103	51	0.466
103	52	0.522
103	53	0.475
103	54	0.667
104	0	0.062
104	1	0
104	2	0
104	3	0.155
104	4	0
104	5	0
104	6	0
104	7	0
104	8	0
104	9	0
104	10	0
104	11	0
104	12	0
104	13	0.053
104	14	0.135
104	15	0.056
104	16	0
104	17	0.059
104	18	0.069
104	19	0.375
104	20	0.238
104	21	0.119
104	22	0.091
104	23	0.296
104	24	0.214
104	25	0.205
104	26	0.327
104	27	0.312
104	28	0.333
104	29	0.231
104	30	0.167
104	31	0.1
104	32	0
104	33	0.5
104	34	0.259
104	35	0.571
104	36	0.385
104	37	0.333
104	38	0.391
104	39	0.5
104	40	0.5
104	41	0.208
104	42	0.375
104	43	0.692
104	44	0.5
104	45	0.333
104	46	0.3
104	47	0.211
104	48	0.3
104	49	0.345
104	50	0.6
104	51	0.612
104	52	0.375
104	53	0.49
104	54	0.588
105	0	0.137
105	1	0.143
105	3	0
105	4	0
105	5	0
105	6	0
105	7	0
105	8	0
105	9	0
105	10	0
105	11	0.111
105	12	0
105	13	0.062
105	14	0.13
105	15	0
105	16	0
105	17	0
105	18	0
105	19	0
105	20	0.062
105	21	0.059
105	22	0
105	23	0.133
105	24	0.095
105	25	0.227
105	26	0.16
105	27	0.196
105	28	0.289
105	29	0.222
105	30	0
105	31	0.348
105	32	0.548
105	33	0.409
105	34	0.489
105	35	0.833
105	36	0.75
105	37	0.389
105	38	0.5
105	39	0.426
105	40	0.6
105	41	0.511
105	42	0.185
105	43	0.714
105	44	0.476
105	45	0.35
105	46	0.531
105	47	0.5
105	48	0.667
105	49	0.489
105	50	0.513
105	51	0.718
105	52	0.69
105	53	0.703
105	54	0.659
106	0	0.059
106	1	0.111
106	2	0.025
106	3	0.109
106	4	0
106	5	0
106	6	0.222
106	7	0
106	8	0
106	9	0
106	10	0
106	11	0
106	12	0
106	13	0
106	14	0.045
106	15	0.056
106	16	0.067
106	17	0.061
106	18	0
106	19	0
106	20	0.101
106	21	0.042
106	22	0.074
106	23	0.1
106	24	0.082
106	25	0.038
106	26	0.161
106	27	0.351
106	28	0.452
106	29	0.111
106	30	0.118
106	31	0.375
106	32	0.278
106	33	0.2
106	34	0.2
106	37	0
106	38	0.3
106	39	0.4
106	40	0.375
106	41	0.5
106	42	0.286
106	43	0
106	44	0.5
106	45	0.5
106	46	0.667
106	47	0.143
106	48	0.636
106	49	0.4
106	50	0.583
106	51	0.5
106	52	0.615
106	53	0.5
106	54	0.818
107	0	0.053
107	1	0
107	2	0
107	3	0.05
107	4	0
107	5	0
107	6	0
107	7	0
107	8	0
107	9	0
107	10	0
107	11	0
107	12	0
107	13	0.077
107	14	0
107	15	0
107	16	0
107	17	0
107	18	0
107	19	0
107	20	0
107	21	0
107	22	0
107	23	0
107	24	0
107	25	0
107	26	0
107	27	0
107	28	0.269
107	29	0
107	30	0
107	31	0.111
107	32	0.667
107	33	0.227
107	34	0.355
107	35	0.857
107	36	0.833
107	37	0.44
107	38	0.419
107	39	0.449
107	40	0.431
107	41	0.267
107	42	0.333
107	43	0.579
107	44	0.544
107	45	0.233
107	46	0.385
107	47	0.219
107	48	0.429
107	49	0.323
107	50	0.509
107	51	0.649
107	52	0.581
107	53	0.259
107	54	0.2
108	0	0.042
108	1	0.056
108	2	0
108	3	0
108	4	0
108	5	0
108	6	0.111
108	7	0
108	8	0
108	9	0
108	10	0
108	11	0.091
108	12	0
108	13	0.045
108	14	0.094
108	15	0.067
108	16	0
108	17	0.034
108	18	0.043
108	19	0.132
108	20	0.087
108	21	0.059
108	22	0.091
108	23	0.038
108	24	0.146
108	25	0.103
108	26	0.133
108	27	0.268
108	28	0.265
108	29	0.143
108	30	0.125
108	31	0.143
108	32	0.19
108	33	0.083
108	34	0.348
108	35	0.5
108	36	0.6
108	37	0.375
108	38	0.318
108	39	0.304
108	40	0.455
108	41	0.522
108	42	0.5
108	43	0.667
108	44	0.583
108	45	0.6
108	46	0.6
108	47	0.533
108	48	0.625
108	49	0.75
108	50	0.8
108	51	0.769
108	52	0.75
108	53	0.75
108	54	0.7
109	0	0.176
109	1	0.278
109	2	0.167
109	3	0.212
109	4	0
109	5	0
109	6	0.125
109	7	0.2
109	8	0
109	9	0
109	10	0
109	11	0.2
109	12	0
109	13	0.2
109	14	0.148
109	15	0.333
109	16	0
109	17	0.071
109	18	0
109	19	0.095
109	20	0.174
109	21	0.062
109	22	0.083
109	23	0.077
109	24	0.273
109	25	0.3
109	26	0.409
109	27	0.483
109	28	0.455
109	29	0.333
109	30	0.5
109	31	0.2
109	32	0.3
109	33	0.526
109	34	0.463
109	35	0
109	36	0
109	37	0.235
109	38	0.275
109	39	0.417
109	40	0.345
109	41	0.433
109	42	0.45
109	43	0.455
109	44	0.425
109	45	0.348
109	46	0.316
109	47	0.364
109	48	0.261
109	49	0.257
109	50	0.3
109	51	0.459
109	52	0.4
109	53	0.368
109	54	0.44
110	0	0.105
110	1	0.067
110	2	0.057
110	3	0.24
110	4	0.158
110	5	0.071
110	6	0
110	7	0
110	8	0
110	9	0
110	10	0
110	11	0
110	12	0
110	13	0
110	14	0.038
110	15	0
110	16	0
110	17	0
110	18	0.088
110	19	0.065
110	20	0.188
110	21	0.119
110	22	0.077
110	23	0
110	24	0.128
110	25	0.138
110	26	0.125
110	27	0.375
110	28	0.52
110	29	0.353
110	30	0
110	31	0.417
110	32	0.455
110	33	0.55
110	34	0.613
110	37	0
110	38	0.375
110	39	0.606
110	40	0.625
110	41	0.577
110	42	0.3
110	43	0.556
110	44	0.655
110	45	0.778
110	46	0.75
110	47	0.8
110	48	0.455
110	49	0.75
110	50	0.857
110	51	0.9
110	52	0.619
110	53	0.467
110	54	0.444
111	0	0.132
111	1	0.111
111	2	0.053
111	3	0.177
111	4	0.111
111	5	0
111	6	0.111
111	7	0
111	8	0
111	9	0
111	10	0
111	11	0
111	12	0
111	13	0
111	14	0
111	15	0
111	16	0
111	17	0
111	18	0
111	19	0
111	20	0
111	21	0
111	22	0
111	23	0.103
111	24	0.111
111	25	0.143
111	26	0.2
111	27	0.465
111	28	0.333
111	29	0.389
111	30	0
111	31	0.3
111	32	0.125
111	33	0.529
111	34	0.435
111	35	0.5
111	36	1
111	37	0.5
111	38	0.5
111	39	0.667
111	40	0.583
111	41	0.562
111	42	0.5
111	43	0.692
111	44	0.524
111	45	0.357
111	46	0.375
111	47	0.467
111	48	0.333
111	49	0.333
111	50	0.625
111	51	0.63
111	52	0.6
111	53	0.485
111	54	0.45
112	0	0.033
112	1	0.057
112	2	0
112	3	0
112	4	0
112	5	0
112	6	0
112	7	0.111
112	8	0
112	9	0
112	10	0
112	11	0
112	12	0
112	13	0
112	14	0
112	15	0
112	16	0
112	17	0.062
112	18	0
112	19	0
112	20	0
112	21	0
112	22	0
112	23	0.091
112	24	0.231
112	25	0.273
112	26	0.182
112	27	0.333
112	28	0.286
112	29	0.3
112	30	0
112	31	0.4
112	32	0.143
112	33	0.333
112	34	0.263
112	35	0.333
112	36	0.5
112	37	0.357
112	38	0.469
112	39	0.424
112	40	0.438
112	41	0.208
112	42	0.333
112	43	0.4
112	44	0.407
112	45	0.182
112	46	0.429
112	47	0.357
112	48	0.538
112	49	0.368
112	50	0.571
112	51	0.684
112	52	0.763
112	53	0.632
112	54	0.5
113	0	0.077
113	1	0.143
113	2	0
113	3	0.036
113	4	0
113	5	0
113	6	0
113	7	0
113	8	0
113	9	0
113	10	0
113	11	0.111
113	12	0
113	13	0
113	14	0
113	15	0
113	16	0
113	17	0
113	18	0
113	19	0.088
113	20	0.057
113	21	0.05
113	22	0.1
113	23	0.143
113	24	0.033
113	25	0.176
113	26	0.087
113	27	0.367
113	28	0.278
113	29	0.2
113	30	0.083
113	31	0.2
113	32	0.1
113	33	0.4
113	34	0.1
113	35	0.667
113	36	0.5
113	37	0.333
113	38	0.3
113	39	0.282
113	40	0.333
113	41	0.158
113	42	0.316
113	43	0.556
113	44	0.292
113	45	0.312
113	46	0.273
113	47	0.368
113	48	0.318
113	49	0.433
113	50	0.579
113	51	0.456
113	52	0.489
113	53	0.488
113	54	0.441
114	0	0
114	1	0
114	2	0
114	3	0
114	4	0
114	5	0
114	6	0
114	7	0
114	8	0
114	9	0
114	10	0
114	11	0
114	12	0
114	13	0
114	14	0
114	15	0
114	16	0
114	17	0
114	18	0
114	19	0
114	20	0
114	21	0
114	22	0
114	23	0
114	24	0
114	25	0.121
114	26	0.129
114	27	0.206
114	28	0.238
114	29	0.133
114	30	0
114	31	0.167
114	32	0.062
114	33	0.167
114	34	0.2
114	35	0.5
114	36	0.833
114	37	0.125
114	38	0.214
114	39	0.294
114	40	0.267
114	41	0.333
114	42	0.333
114	43	0.545
114	44	0.25
114	45	0.125
114	46	0.375
114	47	0.333
114	48	0.312
114	49	0.188
114	50	0.588
114	51	0.686
114	52	0.6
114	53	0.724
114	54	0.632
115	0	0.181
115	1	0.1
115	2	0
115	3	0.167
115	4	0.167
115	5	0.154
115	6	0.143
115	7	0
115	8	0
115	9	0
115	10	0
115	11	0.154
115	12	0.333
115	13	0.045
115	14	0.1
115	15	0.125
115	16	0
115	17	0
115	18	0.111
115	19	0.087
115	20	0.381
115	21	0.176
115	22	0.067
115	23	0.158
115	24	0.125
115	25	0.167
115	26	0.05
115	27	0.13
115	28	0.167
115	29	0
115	31	0.111
115	32	0.2
115	33	0.111
115	34	0.158
115	37	0
115	38	0.133
115	39	0.263
115	40	0.267
115	41	0.071
115	42	0.214
115	43	0
115	44	0.174
115	45	0.125
115	46	0.083
115	47	0.1
115	48	0.188
115	49	0.19
115	50	0.167
115	51	0.409
115	52	0.605
115	53	0.233
115	54	0.667
116	0	0.078
116	1	0.333
116	2	0
116	3	0
116	4	0
116	5	0
116	7	0
116	8	0
116	9	0
116	10	0
116	11	0
116	12	0
116	13	0
116	14	0
116	15	0
116	16	0
116	17	0
116	18	0
116	19	0
116	20	0
116	21	0
116	22	0
116	23	0
116	24	0
116	25	0.208
116	26	0.333
116	27	0.364
116	28	0.545
116	29	0.571
116	30	0
116	31	0.25
116	32	0.462
116	33	0.643
116	34	0.556
116	35	0.333
116	36	0.667
116	37	0
116	38	0.375
116	39	0.407
116	40	0.357
116	41	0.381
116	42	0.333
116	43	0.25
116	44	0.176
116	45	0.5
116	46	0.333
116	47	0.385
116	48	0.643
116	49	0.45
116	50	0.625
116	51	0.761
116	52	0.846
116	53	0.636
116	54	0.579
117	0	0.287
117	1	0.19
117	2	0.033
117	3	0.22
117	4	0.056
117	5	0.158
117	6	0.077
117	7	0
117	8	0
117	9	0
117	10	0
117	11	0
117	12	0.167
117	13	0.065
117	14	0.023
117	15	0
117	16	0
117	17	0.038
117	18	0.04
117	19	0.034
117	20	0
117	21	0
117	22	0.095
117	23	0.239
117	24	0.1
117	25	0.118
117	26	0.08
117	27	0.143
117	28	0.222
117	29	0
117	30	0.333
117	54	1
118	0	0
118	1	0
118	2	0
118	3	0
118	4	0
118	5	0
118	23	0.4
118	24	0.222
118	25	0.409
118	26	0.476
118	27	0.538
118	28	0.2
118	29	0.455
118	30	0.182
118	31	0
118	32	0.261
118	33	0.524
118	34	0.293
118	35	0.429
118	36	0.5
118	37	0.4
118	38	0.378
118	39	0.375
118	40	0.32
118	41	0.29
118	42	0.316
118	43	0.75
118	44	0.385
118	45	0.312
118	46	0.571
118	47	0.476
118	48	0.435
118	49	0.387
118	50	0.4
118	51	0.543
118	52	0.371
118	53	0.462
118	54	0.2
119	0	0.229
119	1	0.286
119	2	0.387
119	3	0.321
119	4	0.133
119	5	0.333
119	6	0.235
119	7	0.056
119	8	0
119	9	0
119	10	0
119	11	0.25
119	12	0
119	13	0
119	14	0
119	15	0
119	16	0
119	17	0
119	18	0
119	19	0
119	20	0
119	21	0
119	22	0
119	23	0
119	24	0
119	25	0
119	26	0
119	27	0.294
119	28	0.286
119	29	0.333
119	30	0
119	31	0.25
119	32	0.25
119	33	0.333
119	34	0.438
119	37	1
119	38	0.286
119	39	0.625
119	40	0.167
119	41	0.167
119	42	0
119	43	1
119	44	0.875
119	45	0.6
119	46	0.5
119	47	0.4
119	48	0.667
119	49	0.2
119	50	0
119	51	0.704
119	52	0.565
119	53	0.593
119	54	0.435
120	0	0
120	1	0
120	2	0
120	3	0
120	4	0
120	5	0
120	6	0
120	7	0
120	8	0
120	9	0
120	10	0
120	11	0
120	12	0.111
120	13	0.061
120	14	0.206
120	15	0.125
120	16	0
120	17	0
120	18	0.148
120	19	0.176
120	20	0.184
120	21	0.132
120	22	0.083
120	23	0.211
120	24	0.125
120	25	0
120	26	0
120	27	0.1
120	28	0.667
120	29	0.4
120	30	0
120	31	1
120	32	0.25
120	33	0
120	34	0.286
120	38	0
120	39	0.222
120	40	0.333
120	41	0.333
120	42	0
120	43	0
120	44	0.25
120	45	0.667
120	46	0.5
120	47	0.4
120	48	0.429
120	49	0.727
120	50	0.6
120	51	0.733
120	52	0.789
120	53	0.75
120	54	0.4
121	0	0.086
121	1	0.105
121	11	0
121	12	0
121	13	0
121	14	0
121	15	0
121	16	0
121	17	0
121	18	0
121	19	0
121	20	0
121	21	0
121	22	0
121	23	0
121	24	0.231
121	25	0.246
121	26	0.269
121	27	0.426
121	28	0.367
121	29	0.259
121	30	0.071
121	31	0.182
121	32	0.208
121	33	0.5
121	34	0.125
121	35	0
121	36	0.5
121	37	0.5
121	38	0.143
121	39	0.571
121	40	0.667
121	41	0.5
121	42	0.5
121	44	0.6
121	45	0.5
121	46	0.5
121	47	0.667
121	48	0
121	49	0.2
121	50	0.25
121	51	0.143
121	52	0.167
121	53	0.222
121	54	0.333
122	1	0
122	2	0.029
122	3	0
122	4	0
122	5	0
122	6	0
122	7	0
122	8	0
122	9	0
122	10	0
122	11	0
122	12	0
122	13	0
122	14	0
122	15	0
122	16	0
122	17	0
122	18	0
122	19	0
122	20	0
122	33	0.455
122	34	0.651
122	35	0.75
122	36	0.667
122	37	0.421
122	38	0.4
122	39	0.46
122	40	0.474
122	41	0.5
122	42	0.13
122	43	0.143
122	44	0.465
122	45	0.6
123	20	0
123	21	0
123	22	0
123	23	0
123	24	0
123	25	0
123	26	0
123	27	0.038
123	28	0.136
123	29	0.071
123	30	0.143
123	31	0.1
123	32	0
123	33	0
123	34	0.069
123	35	0
123	36	0.2
123	37	0.143
123	38	0.083
123	45	0.5
123	46	0.609
123	47	0.654
123	48	0.6
123	49	0.639
123	50	0.594
123	51	0.679
123	52	0.655
123	53	0.6
124	0	0.036
124	1	0
124	2	0
124	3	0
124	5	0
124	6	0.333
124	8	0
124	9	0
124	10	0
124	11	0.5
124	12	0
124	13	0
124	14	0
124	15	0
124	16	0
124	17	0
124	18	0
124	19	0
124	20	0
124	21	0
124	22	0
124	23	0.2
124	24	0.111
124	25	0.222
124	26	0.375
124	27	0.538
124	28	0.25
124	29	0.333
124	30	0
124	31	0.333
124	32	0.6
124	33	0.333
124	34	0.25
124	35	0
124	36	0
124	37	0
124	38	0.25
124	39	0.159
124	40	0.136
124	41	0.095
124	42	0.115
124	43	0.25
124	44	0.152
124	45	0.231
124	46	0.263
124	47	0.208
124	48	0.176
124	49	0.167
124	50	0.235
124	51	0.133
124	52	0.079
124	53	0.652
124	54	0.711
125	0	0.052
125	1	0
125	2	0.08
125	3	0
125	4	0
125	5	0.05
125	6	0.167
125	7	0
125	8	0
125	9	0
125	10	0
125	11	0
125	12	0
125	13	0.038
125	14	0.028
125	15	0
125	16	0.143
125	17	0
125	18	0
125	19	0
125	20	0
125	21	0
125	22	0
125	24	0
125	25	0
125	26	0
125	27	0.2
125	28	0
125	29	0
125	30	0
125	31	0
125	32	0
125	33	0.333
125	34	0.333
125	35	1
125	36	1
125	37	0.25
125	38	0.333
125	39	0.333
125	40	0.5
125	41	0
125	42	0
125	43	0
125	44	0
125	45	0
125	46	0
125	47	0
125	48	0.2
125	49	0
125	50	0.333
125	51	0.333
125	52	0.536
125	53	0.297
125	54	0.424
126	0	0.115
126	1	0
126	2	0
126	3	0
126	4	0
126	5	0
126	6	0
126	7	0
126	9	0
126	10	0
126	11	0
126	12	0
126	13	0
126	14	0
126	15	0
126	17	0.067
126	18	0.077
126	19	0.059
126	20	0.146
126	21	0.069
126	22	0.056
126	23	0.045
126	24	0.139
126	25	0.152
126	26	0.152
126	27	0.32
126	28	0.259
126	29	0.211
126	30	0.091
126	31	0.214
126	32	0.167
126	33	0
126	34	0.111
126	36	1
126	37	0
126	38	0.091
126	39	0
126	40	0
126	41	0
126	42	0
126	43	0
126	44	0
126	45	0.25
126	46	0
126	47	0.333
126	48	0
126	49	0.125
126	50	0.333
126	51	0.3
126	52	0.125
126	53	0.25
126	54	0.286
127	0	0.03
127	1	0
127	2	0
127	3	0
127	4	0
127	5	0
127	6	0
127	7	0
127	8	0
127	9	0
127	10	0
127	11	0
127	12	0
127	13	0
127	14	0
127	15	0
127	16	0
127	17	0
127	18	0
127	19	0.125
127	20	0.12
127	21	0
127	22	0
127	23	0
127	24	0
127	25	0.2
127	26	0
127	32	0.333
127	33	0.353
127	34	0.25
127	35	0
127	36	0.667
127	37	0.4
127	38	0.241
127	39	0.414
127	40	0.167
127	41	0.059
127	42	0.25
127	43	0.5
127	44	0.452
127	45	0.25
127	46	0.176
127	47	0.417
127	48	0.381
128	0	0.055
128	26	0.2
128	27	0.176
128	28	0.125
128	29	0.2
128	30	0
128	31	0
128	32	0
128	33	0
128	34	0
128	35	0
128	36	0
128	37	0
128	38	0.214
128	39	0.267
128	40	0.625
128	41	0.125
128	42	0.333
128	43	0
128	44	0.1
128	45	0.167
128	46	0.4
128	47	0.143
128	48	0.286
128	49	0.344
128	50	0.5
128	51	0.543
128	52	0.579
128	53	0.545
128	54	0.629
129	0	0.142
129	1	0
129	2	0
129	3	0.161
129	4	0
129	5	0
129	6	0.053
129	7	0
129	8	0
129	9	0
129	10	0
129	11	0
129	12	0
129	13	0
129	14	0
129	15	0
129	16	0
129	17	0
129	18	0
129	19	0
129	20	0
129	21	0
129	22	0
129	23	0
130	12	0
130	13	0
130	14	0.081
130	15	0
130	16	0
130	17	0
130	18	0
130	19	0.048
130	20	0.024
130	21	0.034
130	22	0.167
130	23	0.065
130	24	0.024
130	25	0
130	26	0
130	27	0.053
130	28	0.091
130	29	0.333
130	30	0
130	31	0.167
130	32	0
130	33	0.111
130	34	0.143
130	35	1
130	36	0.5
130	37	0.5
130	38	0.273
130	39	0.316
130	40	0.333
130	41	0.455
130	42	0.25
130	43	0
130	44	0.5
130	45	0.125
130	46	0.167
130	47	0.167
130	48	0.111
130	49	0
130	50	0.333
130	51	0.353
130	52	0.455
130	53	0.286
131	0	0
131	1	0.086
131	2	0.167
131	3	0
131	4	0
131	5	0.25
131	6	0
131	7	0
131	8	0
131	9	0
131	10	0
131	11	0
131	12	0
131	13	0
131	14	0
131	15	0
131	16	0
131	17	0
131	18	0
131	19	0
131	20	0
131	21	0
131	22	0
131	23	0
131	24	0.182
131	25	0.057
131	26	0.062
131	27	0.231
131	28	0.333
131	29	0.133
131	30	0.125
131	31	0.188
131	32	0.28
131	33	0.24
131	34	0
131	37	0
131	38	0.167
131	39	0.167
131	40	0.167
131	41	0
131	42	0
131	43	0
131	44	0
131	45	0
131	46	0
131	47	0
131	48	0
131	49	0
131	50	0
131	51	0.333
131	53	0.786
131	54	0.25
132	0	0
132	1	0
132	2	0
132	3	0.125
132	4	0
132	5	0
132	6	0
132	7	0
132	8	0
132	9	0
132	10	0
132	11	0
132	12	0
132	13	0.111
132	14	0
132	15	0
132	16	0
132	17	0
132	18	0
132	19	0
132	20	0
132	21	0
132	22	0
132	23	0
132	24	0
132	25	0
132	26	0
132	27	0.231
132	28	0.167
132	29	0
132	30	0
132	31	0
132	32	0.2
132	33	0.333
132	34	0.238
132	35	0.667
132	36	0.667
132	37	0.176
132	38	0.302
132	39	0.25
132	40	0.265
132	41	0.154
132	42	0.167
132	43	0.3
132	44	0.192
132	45	0.167
132	46	0.118
132	47	0.214
132	51	0
132	52	0.143
132	53	0
132	54	0.4
133	0	0.123
133	1	0.158
133	2	0
133	3	0.5
133	4	0
133	5	0
133	7	0
133	9	0
133	11	0
133	12	0
133	13	0
133	14	0
133	15	0
133	18	0
133	19	0
133	20	1
133	22	0
133	23	0
133	24	0
133	25	1
133	26	1
133	27	1
133	28	1
133	29	1
133	32	1
133	33	1
133	34	1
133	37	0
133	38	0
133	39	0
133	40	1
133	41	0
133	42	0.2
133	43	0
133	44	0.333
133	45	0.125
133	46	0
133	47	0.286
133	48	0.222
133	49	0.216
133	50	0.364
133	51	0.43
133	52	0.521
133	53	0.5
133	54	0.355
134	0	0.461
134	1	0.2
134	2	0.143
134	3	0.429
134	4	0
134	5	0.136
134	6	0
134	7	0
134	8	0
134	9	0
134	10	0
134	11	0.105
134	12	0.1
134	13	0.167
134	14	0.222
134	15	0.333
134	16	0
134	17	0
134	18	0
134	19	0
134	20	0
134	21	0
134	22	0
134	23	0
134	24	0
134	25	0.143
134	26	0.056
134	27	0
134	28	0
134	29	0
134	31	0
134	32	0
134	34	0
134	37	0
134	38	0
134	39	0
134	41	0
134	42	0
134	44	0
134	45	1
134	46	1
134	48	0
134	49	1
134	50	1
134	51	1
134	52	1
134	53	1
134	54	0.857
135	15	0.25
135	16	0.143
135	17	0.214
135	18	0.125
135	19	0.133
135	20	0
135	21	0.125
135	22	0.111
135	23	0.385
135	24	0.278
135	25	0.409
135	26	0.308
135	27	0.291
135	28	0.121
135	29	0
135	30	0.083
135	31	0.062
135	32	0.133
135	33	0.167
135	34	0
135	35	0
135	36	0
135	37	0
135	38	0
135	39	0.227
135	40	0
135	41	0.071
135	42	0.091
135	43	0
135	44	0.154
135	45	0
136	0	0
136	1	0
136	2	0
136	3	0
136	4	0
136	5	0
136	6	0
136	7	0
136	8	0
136	9	0
136	10	0
136	11	0
136	12	0
136	31	0
136	32	0.25
136	33	0.273
136	34	0.333
136	35	0.8
136	36	0.75
136	37	0.5
136	38	0.5
136	39	0.579
136	40	0.571
136	41	0.438
136	42	0.25
136	43	0
136	44	0.5
136	45	0.5
136	46	0.529
136	47	0.235
136	48	0.318
136	49	0.357
136	50	0.556
136	51	0.519
136	52	0.533
136	53	0.567
136	54	0.227
137	0	0.522
137	1	0.16
137	2	0.118
137	13	0
137	14	0
137	15	0
137	16	0
137	17	0
137	18	0
137	19	0
137	20	0
137	21	0
137	22	0
137	23	0
137	24	0
137	25	0
137	26	0
137	27	0.25
137	28	0.143
137	29	0.25
137	30	0
137	31	0
137	32	0.2
137	33	0.5
137	34	0.143
137	37	0.5
137	38	0.571
137	39	0.273
137	40	0.2
137	41	0.286
137	42	0
137	43	0
137	44	0
137	45	0
137	46	0.2
137	47	0.2
137	48	0.25
137	49	0.25
137	50	0
137	51	0.308
137	52	0.5
137	53	0.611
137	54	0.786
138	0	0.087
138	1	0.286
138	2	0.176
138	3	0.34
138	4	0.053
138	5	0.25
138	6	0.111
138	7	0
138	8	0
138	9	0
138	10	0.111
138	11	0.15
138	12	0.111
138	13	0.2
138	14	0.038
138	15	0
138	16	0
138	17	0.059
138	18	0
138	19	0
138	20	0
138	21	0
138	22	0
138	23	0
138	24	0
138	25	0
138	26	0.062
138	27	0
138	53	0.75
138	54	0.111
139	13	0
139	14	0
139	15	0
139	16	0
139	17	0
139	18	0
139	19	0.071
139	20	0.073
139	21	0.114
139	22	0.25
139	23	0.318
139	24	0.143
139	25	0.219
139	26	0.286
139	27	0.174
139	28	0
139	29	0
139	30	0
139	31	0
139	32	0
139	33	0
139	34	0
139	35	0.333
139	36	0.167
139	37	0
139	38	0.308
139	39	0.294
139	40	0.571
139	41	0.273
139	42	0
139	43	0
139	44	0.182
139	45	0.2
139	46	0.2
139	47	0.222
139	48	0.333
139	49	0.455
139	50	0.429
139	51	0.4
139	52	0.533
139	53	0.455
139	54	0.636
140	0	0.044
140	14	0
140	17	0
140	18	0
140	19	0
140	20	0
140	21	0
140	22	0
140	23	0
140	24	0
140	25	0
140	26	0
140	27	0.413
140	28	0.531
140	29	0.158
140	30	0.222
140	31	0.143
140	32	0.267
140	33	0.48
140	34	0.3
140	35	0.5
140	36	0.667
140	37	0
140	38	0
140	39	0
140	40	0
140	41	0
140	42	0
140	43	0
140	44	0
140	45	0.25
140	47	0
140	48	0.25
140	49	0
140	50	0.5
140	51	0.25
140	52	0.2
140	53	0.429
140	54	1
141	0	0
141	1	0
141	2	0
141	3	0
141	4	0
141	5	0
141	6	0
141	7	0
141	8	0
141	9	0
141	10	0
141	11	0
141	12	0
141	13	0
141	14	0
141	37	0.333
141	38	0.448
141	39	0.457
141	40	0.227
141	41	0.379
141	42	0.188
141	43	0.25
141	44	0.478
141	45	0.385
141	46	0.308
141	47	0.438
142	14	0
142	15	0
142	16	0
142	17	0
142	18	0
142	19	0
142	20	0
142	21	0
142	22	0
142	23	0
142	24	0
142	25	0
142	26	0
142	27	0.133
142	47	0.5
142	48	0.316
142	49	0.304
142	50	0.545
142	51	0.596
142	52	0.727
142	53	0.5
143	0	0.75
143	1	0.2
143	2	0
143	3	0.5
143	4	0
143	5	0
143	6	0
143	7	0
143	8	0
143	27	0.143
143	28	0.188
143	29	0.111
143	30	0.125
143	31	0
143	32	0.071
143	33	0.5
143	34	0.158
143	35	0
143	36	0
143	37	0.1
143	38	0.263
143	39	0.32
143	40	0.455
143	41	0.267
143	42	0.267
143	43	0
143	44	0.083
143	53	0.638
143	54	0.641
