"time"	"distance"	"value"
36	0	0.251
36	1	0.077
36	2	0
36	3	0
36	4	0
36	5	0
36	6	0
36	7	0
36	8	0
36	9	0
36	10	0
36	11	0
36	12	0
36	13	0.071
36	14	0.045
36	15	0
36	16	0
36	46	0.595
36	47	0.608
37	14	0
37	15	0.143
37	16	0
37	17	0
37	18	0.077
37	19	0.111
37	20	0.021
37	21	0
37	22	0.119
37	23	0.143
37	24	0.111
37	25	0.1
37	26	0.083
37	27	0.333
37	28	0.167
37	29	0.429
37	30	0.462
37	31	0.267
37	32	0.263
37	33	0.308
37	34	0.333
37	35	0.4
37	36	0
37	37	0.222
37	38	0.167
37	39	0.2
37	40	0.125
37	41	0.308
37	42	0.429
37	43	0.6
37	44	0.5
37	45	0.562
37	46	0.481
37	47	0.333
38	0	0.208
38	1	0.111
38	2	0
38	3	0
38	4	0
38	5	0
38	6	0
38	7	0
38	8	0
38	9	0
38	10	0
38	11	0
38	12	0
38	13	0.1
38	14	0
38	15	0
38	16	0
38	17	0
38	18	0
38	19	0
38	20	0
38	21	0
38	22	0
38	23	0
38	24	0.033
38	25	0.031
38	26	0.083
38	27	0.088
38	28	0.02
38	29	0.324
38	30	0.273
38	31	0
38	32	0
38	33	0.214
38	34	0
38	35	0
38	37	0
38	38	0
38	39	0
38	40	0
38	47	1
39	0	0.156
39	1	0.167
39	2	0
39	3	0
39	4	0
39	5	0
39	6	0
39	7	0
39	8	0
39	9	0
39	10	0
39	11	0
39	12	0
39	13	0
39	14	0.4
39	15	0
39	16	0
39	17	0
39	18	0
39	19	0
39	20	0
39	21	0
39	22	0
39	23	0
39	24	0
39	25	0
39	26	0
39	27	0
39	28	0
39	29	0.417
39	30	0.25
39	31	0.216
39	32	0.367
39	33	0.323
39	34	0.269
39	35	0.188
39	36	0.2
39	37	0.348
39	38	0.286
39	39	0.353
39	40	0.4
39	41	0.278
39	42	0.462
39	43	0.421
39	44	0.25
39	45	0.353
39	46	0.564
39	47	0.577
40	0	0.042
40	1	0
40	2	0
40	3	0
40	4	0
40	5	0
40	6	0
40	7	0
40	8	0
40	9	0
40	10	0
40	11	0
40	12	0
40	13	0
40	14	0
40	15	0
40	16	0
40	17	0.042
40	18	0.087
40	19	0
40	20	0.381
40	21	0.286
40	22	0.52
40	23	0.538
40	24	0.333
40	25	0.417
40	26	0.333
40	27	0.333
40	28	0.579
40	29	0.583
40	30	0.625
40	31	0.474
40	32	0.5
40	33	0.417
40	34	0.286
40	35	0.5
40	37	0.571
40	38	0.5
40	39	0.333
40	40	0.556
40	41	0.414
40	42	0.25
40	43	0.417
40	44	0.512
40	45	0.567
40	46	0.556
40	47	0.44
41	0	0.083
41	1	0
41	2	0
41	3	0.026
41	4	0
41	5	0
41	6	0
41	7	0
41	8	0
41	9	0
41	10	0
41	11	0
41	12	0
41	13	0
41	14	0.107
41	15	0
41	16	0
41	17	0.034
41	18	0.019
41	19	0
41	20	0.048
41	21	0
41	22	0
41	23	0
41	24	0
41	25	0
41	26	0
41	27	0
41	28	0
41	29	0.25
41	30	0.182
41	31	0.3
41	32	0.3
41	33	0.125
41	34	0.167
41	35	0.125
41	36	0
41	37	0.25
41	38	0
41	39	0.286
41	40	0
41	41	0.5
41	42	0.286
41	43	0
41	44	0.333
41	45	0.3
41	46	0.25
41	47	0.692
42	0	0.08
42	1	0
42	2	0
42	3	0
42	5	0
42	6	0
42	7	0
42	8	0
42	9	0
42	10	0
42	11	0
42	12	0
42	13	0.333
42	14	0
42	15	0
42	16	0
42	17	0
42	18	0
42	19	0
42	20	0
42	21	0.062
42	22	0.117
42	23	0.086
42	24	0.107
42	25	0.1
42	26	0.19
42	27	0.103
42	28	0.121
42	29	0.32
42	30	0.333
42	31	0.2
42	32	0.233
42	33	0.156
42	34	0.154
42	35	0.133
42	36	0
42	37	0.136
42	38	0.556
42	39	0.167
42	40	0.176
42	41	0.333
42	42	0.294
42	43	0.421
42	44	0.379
42	45	0.354
42	46	0.407
42	47	0.407
43	0	0
43	1	0
43	2	0
43	3	0
43	4	0
43	5	0
43	6	0
43	7	0
43	8	0
43	9	0
43	10	0
43	11	0
43	12	0
43	13	0
43	14	0.034
43	15	0
43	16	0
43	17	0.04
43	18	0.043
43	19	0
43	20	0.143
43	21	0.444
43	22	0.324
43	23	0.278
43	24	0.267
43	25	0.263
43	26	0.2
43	27	0.36
43	28	0.258
43	29	0.606
43	30	0.438
43	31	0.269
43	32	0.3
43	33	0.407
43	34	0.222
43	35	0.333
43	36	1
43	37	0.368
43	38	0.333
43	39	0.462
43	40	0.286
43	41	0.28
43	42	0
43	43	0.333
43	44	0.375
43	45	0.5
43	46	0.273
43	47	0
44	0	0.123
44	1	0
44	2	0
44	3	0
44	4	0
44	5	0
44	6	0
44	7	0
44	8	0
44	9	0
44	10	0
44	11	0
44	12	0
44	13	0
44	14	0
44	15	0
44	16	0
44	17	0
44	18	0.022
44	19	0.097
44	20	0.191
44	21	0.217
44	22	0.303
44	23	0.032
44	24	0.071
44	25	0
44	26	0.118
44	27	0.2
44	28	0.273
44	29	0.417
44	30	0.6
44	31	0.423
44	32	0.462
44	33	0.417
44	34	0.5
44	35	0
44	36	0
44	37	0.4
44	38	1
44	39	0.667
44	40	1
44	41	0.667
44	42	0.417
44	43	0.625
44	44	0.5
44	45	0.5
44	46	0.706
44	47	0.333
45	0	0.294
45	1	0
45	2	0
45	3	0.2
45	4	0
45	5	0
45	6	0
45	7	0
45	8	0
45	9	0
45	10	0
45	11	0
45	12	0
45	13	0
45	14	0
45	15	0
45	16	0
45	17	0.091
45	18	0.091
45	19	0
45	20	0
45	21	0
45	22	0
45	23	0.235
45	24	0.211
45	25	0.29
45	26	0.182
45	27	0.237
45	28	0.096
45	29	0.346
45	30	0.235
45	31	0.333
45	32	0.364
45	33	0.348
45	34	0.25
45	35	0.188
45	36	0
45	37	0.263
45	38	0.273
45	39	0.308
45	40	0.2
45	41	0.294
45	42	0.412
45	43	0.211
45	44	0.583
45	45	0.351
45	46	0.667
45	47	0.429
46	0	0.297
46	2	0
46	3	0
46	4	0
46	5	0
46	6	0
46	7	0
46	8	0
46	9	0
46	10	0
46	11	0
46	12	0
46	13	0
46	14	0
46	15	0
46	16	0
46	17	0
46	18	0
46	19	0
46	20	0
46	21	0
46	22	0
46	23	0
46	24	0
46	25	0
46	26	0
46	27	0
46	28	0
46	29	0.2
46	30	0.263
46	31	0.175
46	32	0.281
46	33	0.256
46	34	0.185
46	35	0.12
46	36	0.333
46	37	0.333
46	38	0.167
46	39	0.238
46	40	0.25
46	41	0.375
46	42	0.375
46	43	0.417
46	44	0.522
46	45	0.533
46	46	0.405
46	47	0.375
47	0	0.152
47	1	0
47	2	0
47	3	0
47	4	0
47	5	0
47	6	0
47	7	0
47	8	0
47	9	0
47	10	0
47	11	0
47	12	0
47	13	0
47	14	0.2
47	15	0
47	16	0
47	17	0
47	18	0
47	19	0.062
47	20	0.056
47	21	0.222
47	22	0.184
47	23	0.13
47	24	0.143
47	25	0.154
47	26	0.121
47	27	0.227
47	28	0.062
47	29	0.308
47	30	0.444
47	31	0.167
47	32	0.364
47	33	0.333
47	34	0.417
47	35	0.167
47	36	0
47	37	0.286
47	38	0.167
47	39	0.125
47	40	0.333
47	41	0.154
47	42	0.118
47	43	0.174
47	44	0.6
47	45	0.606
47	46	0.559
47	47	0.438
48	0	0.077
48	1	0
48	2	0.333
48	3	0.095
48	4	0
48	5	0
48	6	0
48	7	0
48	8	0
48	9	0
48	10	0
48	11	0
48	12	0
48	13	0.059
48	14	0
48	15	0
48	16	0
48	17	0
48	18	0.085
48	19	0
48	20	0.032
48	21	0.176
48	22	0.25
48	23	0.649
48	24	0.44
48	25	0.552
48	26	0.692
48	27	0.5
48	28	0.4
48	29	0.647
48	30	0.471
48	31	0.364
48	32	0.462
48	33	0.35
48	34	0.353
48	35	0.364
48	36	0.25
48	37	0.333
48	38	0.286
48	39	0.333
48	40	0.364
48	41	0.429
48	42	0.364
48	43	0.5
48	44	0.7
48	45	0.729
48	46	0.727
48	47	0.85
49	0	0.036
49	1	0
49	2	0
49	3	0.071
49	4	0
49	5	0
49	6	0
49	7	0
49	8	0
49	9	0
49	10	0
49	11	0
49	12	0
49	13	0
49	14	0.071
49	15	0
49	16	0
49	17	0
49	18	0.045
49	19	0
49	20	0.067
49	21	0
49	22	0.167
49	23	0.045
49	24	0
49	25	0.05
49	26	0.292
49	27	0.118
49	28	0.2
49	29	0.481
49	30	0.517
49	31	0.634
49	32	0.645
49	33	0.343
49	34	0.32
49	35	0.357
49	36	0
49	37	0.364
49	38	0.333
49	39	0.4
49	40	0.2
49	41	0.364
49	42	0.529
49	43	0.348
49	44	0.634
49	45	0.649
49	46	0.725
49	47	0.559
50	0	0.061
50	1	0
50	2	0.167
50	3	0.1
50	4	0
50	5	0
50	6	0
50	7	0
50	8	0
50	9	0
50	10	0
50	11	0
50	12	0
50	13	0.105
50	14	0.118
50	15	0
50	16	0
50	17	0
50	18	0.036
50	19	0.026
50	20	0
50	21	0
50	22	0.034
50	23	0.045
50	24	0.062
50	25	0.143
50	26	0.182
50	27	0.389
50	28	0.278
50	29	0.667
50	30	0.714
50	31	0.562
50	32	0.667
50	33	0.762
50	34	0.412
50	35	0.5
50	36	0
50	37	0.273
50	38	0
50	39	0.333
50	40	0.556
50	41	0.357
50	42	0.5
50	43	0.273
50	44	0.556
50	45	0.654
50	46	0.727
50	47	0.294
51	0	0
51	1	0
51	2	0
51	3	0
51	4	0
51	5	0
51	6	0
51	7	0
51	8	0
51	9	0
51	10	0
51	11	0
51	12	0
51	13	0.1
51	14	0
51	15	0
51	16	0
51	17	0
51	18	0
51	19	0
51	20	0
51	21	0
51	22	0
51	23	0.04
51	24	0.038
51	25	0.048
51	26	0
51	27	0.067
51	28	0.15
51	29	0.324
51	30	0.304
51	31	0.243
51	32	0.391
51	33	0.375
51	34	0.333
51	35	0.263
51	36	0.333
51	37	0.5
51	38	0.417
51	39	0.538
51	40	0.316
51	41	0.333
51	42	0.5
51	43	0.542
51	44	0.444
51	45	0.778
51	46	0.556
51	47	0.567
52	0	0.293
52	1	0
52	2	0
52	3	0.071
52	4	0
52	5	0
52	6	0
52	7	0
52	8	0
52	9	0
52	10	0
52	11	0
52	12	0
52	13	0
52	14	0.077
52	15	0
52	16	0
52	17	0
52	18	0.114
52	19	0
52	20	0.029
52	21	0.071
52	22	0.19
52	23	0.154
52	24	0.138
52	25	0.158
52	26	0.105
52	27	0.125
52	28	0.125
52	29	0.429
52	30	0.25
52	31	0.286
52	32	0.455
52	33	0.5
52	34	0.3
52	35	0.25
52	36	0.25
52	37	0.154
52	39	0.333
52	40	0.333
52	41	0.3
52	42	0.2
52	43	0.4
52	44	0.536
52	45	0.591
52	46	0.462
52	47	0.44
53	0	0.58
53	1	0
53	2	0
53	3	0
53	4	0
53	5	0
53	6	0
53	7	0
53	8	0
53	9	0
53	10	0
53	11	0
53	12	0
53	13	0.2
53	14	0
53	15	0
53	16	0
53	17	0
53	18	0
53	19	0
53	20	0
53	21	0
53	22	0.1
53	23	0.182
53	24	0.529
53	25	0.562
53	26	0.25
53	27	0.238
53	28	0.214
53	29	0.625
53	30	0.688
53	31	0.633
53	32	0.625
53	33	0.44
53	34	0.5
53	35	0.25
53	36	0
53	37	0.263
53	38	0.167
53	39	0.375
53	40	0.2
53	41	0.25
53	42	0.312
53	43	0.273
53	44	0.538
53	45	0.579
53	46	0.655
53	47	0.424
54	0	0.682
54	1	0
54	2	0
54	3	0.08
54	4	0
54	5	0
54	6	0
54	7	0
54	8	0
54	10	0
54	11	0
54	12	0
54	13	0
54	14	0.125
54	15	0
54	16	0
54	17	0.095
54	18	0
54	19	0
54	20	0.083
54	21	0
54	22	0.231
54	23	0.125
54	24	0.222
54	25	0.286
54	26	0.286
54	27	0.286
54	28	0.19
54	29	0.357
54	30	0.474
54	31	0.55
54	32	0.412
54	33	0.44
54	34	0.316
54	35	0.1
54	36	0.5
54	37	0.5
54	38	0.333
54	39	0.375
54	40	0.3
54	41	0.5
54	42	0.7
54	43	0.571
54	44	0.542
54	45	0.667
54	46	0.516
54	47	0.562
55	0	0.807
55	1	0.091
55	2	0
55	3	0.015
55	4	0
55	5	0
55	6	0
55	7	0
55	8	0
55	9	0
55	10	0
55	11	0
55	12	0
55	13	0
55	14	0.222
55	15	0
55	16	0
55	17	0
55	18	0.115
55	19	0.182
55	20	0.111
55	21	0.167
55	22	0.304
55	23	0.188
55	24	0.067
55	25	0.154
55	26	0
55	27	0.118
55	28	0.176
55	29	0.5
55	30	0
55	31	0.375
55	32	0.692
55	33	0.5
55	34	0.538
55	35	0.2
55	36	0
55	37	0.412
55	38	0.5
55	39	0.6
55	40	0.286
55	41	0.6
55	42	0.25
55	43	0.4
55	44	0.6
55	45	0.567
55	46	0.526
55	47	0.421
56	5	0
56	6	0
56	7	0
56	8	0
56	9	0
56	10	0
56	11	0
56	12	0
56	13	0.133
56	14	0.1
56	15	0
56	16	0
56	17	0.057
56	18	0.107
56	19	0.071
56	20	0.053
56	21	0.1
56	22	0.172
56	23	0.2
56	24	0.25
56	25	0.231
56	26	0.1
56	27	0.238
56	28	0.25
56	29	0.588
56	30	0.556
56	31	0.5
56	32	0.7
56	33	0.63
56	34	0.706
56	35	0.417
56	36	0.5
56	37	0.556
56	38	0.5
56	39	0.667
56	40	0.6
56	41	0.737
56	42	0.8
56	43	0.765
56	44	0.913
56	45	0.925
56	46	1
57	0	0.167
57	1	0
57	2	0
57	3	0.091
57	4	0
57	5	0
57	6	0
57	7	0
57	8	0
57	9	0
57	10	0
57	11	0
57	12	0
57	13	0.053
57	14	0.026
57	15	0
57	16	0
57	17	0.028
57	18	0.227
57	19	0.077
57	20	0.087
57	21	0
57	22	0.091
57	23	0
57	24	0.111
57	25	0.118
57	26	0.083
57	27	0.2
57	28	0.333
57	29	0.25
57	30	0.615
57	31	0.308
57	32	0.3
57	33	0.286
57	34	0.562
57	35	0.25
57	36	1
57	37	0.75
57	38	0.429
57	39	0.8
57	40	0.4
57	41	0.571
57	42	0.75
57	43	0.667
57	44	0.778
57	45	0.864
57	46	0.865
57	47	0.892
58	0	0.25
58	1	0.167
58	2	0.333
58	3	0.071
58	4	0.091
58	5	0
58	6	0
58	7	0
58	8	0
58	9	0
58	10	0
58	11	0
58	12	0
58	13	0
58	14	0.222
58	15	0
58	16	0
58	17	0
58	18	0.08
58	19	0
58	20	0.097
58	21	0.065
58	22	0.185
58	23	0.046
58	24	0.071
58	25	0.162
58	26	0
58	27	0.091
58	28	0.136
58	29	0.429
58	30	0.438
58	31	0.368
58	32	0.375
58	33	0.542
58	34	0.389
58	35	0.286
58	36	0.333
58	37	0.222
58	38	0.375
58	39	0.222
58	40	0
58	41	0.278
58	45	0.333
58	46	0.615
58	47	0.5
59	0	0
59	1	0
59	2	1
59	3	0.091
59	4	0
59	5	0
59	6	0
59	7	0
59	8	0
59	9	0
59	10	0
59	11	0
59	12	0
59	13	0.077
59	14	0.167
59	15	0
59	16	0
59	17	0
59	18	0.195
59	19	0
59	20	0.226
59	21	0
59	22	0.225
59	23	0.138
59	24	0.158
59	25	0.065
59	26	0.071
59	27	0.123
59	28	0.222
59	29	0.63
59	30	0.625
59	31	0.513
59	41	0.333
59	42	0.2
59	43	0.357
59	44	0.48
59	45	0.355
59	46	0.36
59	47	0.368
60	0	0
60	1	0
60	2	0
60	3	0
60	4	0
60	5	0
60	6	0
60	7	0
60	27	0.176
60	28	0
60	29	0.304
60	30	0.273
60	31	0.477
60	32	0.5
60	33	0.5
60	34	0.367
60	35	0.37
60	36	0.5
60	37	0.339
60	38	0.292
60	39	0.419
60	40	0.314
60	41	0.161
60	42	0.231
60	43	0.3
60	44	0.385
60	45	0.289
60	46	0.5
60	47	0.316
61	0	0.15
61	1	0.5
61	2	0.333
61	3	0.5
61	4	0
61	5	0
61	6	0
61	7	0
61	8	0
61	9	0
61	10	0
61	11	0
61	12	0
61	13	0.286
61	14	0.333
61	15	0
61	16	0
61	17	0.105
61	18	0.059
61	19	0.182
61	20	0.231
61	21	0.167
61	22	0.444
61	23	0.455
61	24	0.65
61	25	0.706
61	26	0.571
61	27	0.533
61	28	0.444
61	29	0.75
61	30	0.667
61	31	0.846
61	32	0.917
61	33	0.733
61	34	0.647
61	35	0.375
61	36	0
61	37	0.545
61	38	0.5
61	39	0.429
61	40	0.167
61	41	0.425
61	42	0.387
61	43	0.525
61	44	0.811
61	45	0.756
61	46	0.778
61	47	0.596
62	0	0.364
62	1	0
62	2	0
62	3	0.222
62	4	0
62	5	0
62	6	0
62	7	0
62	8	0
62	9	0
62	10	0
62	11	0
62	12	0
62	13	0.286
62	14	0.091
62	15	0
62	16	0
62	17	0.022
62	18	0.132
62	19	0.036
62	20	0.176
62	21	0
62	22	0.32
62	23	0.087
62	24	0.111
62	25	0.071
62	26	0.083
62	27	0.143
62	28	0.167
62	29	0.583
62	30	0.474
62	31	0.529
62	32	0.353
62	33	0.458
62	34	0.316
62	35	0.143
62	36	0.429
62	37	0.591
62	38	0.5
62	39	0.625
62	40	0.364
62	41	0.643
62	42	0.375
63	0	0.2
63	1	0.2
63	2	0
63	3	0.176
63	4	0
63	5	0
63	6	0
63	7	0
63	8	0
63	9	0
63	10	0
63	11	0
63	12	0
63	13	0
63	14	0.25
63	15	0
63	16	0
63	17	0
63	18	0.231
63	19	0
63	20	0
63	21	0
63	22	0.13
63	23	0.241
63	24	0.433
63	25	0.423
63	26	0.364
63	27	0.25
63	28	0.269
63	29	0.538
63	30	0.6
63	31	0.667
63	32	0.643
63	33	0.591
63	34	0.357
63	35	0.375
63	36	0.429
63	37	0.267
63	38	1
63	39	0.25
63	40	0.5
63	41	0.333
63	42	0.25
63	43	0.571
63	44	0.825
63	45	0.754
63	46	0.674
63	47	0.648
64	0	0.857
64	1	0.333
64	2	0
64	3	0.2
64	4	0.077
64	5	0
64	6	0
64	7	0
64	8	0
64	9	0
64	10	0
64	11	0
64	12	0
64	13	0
64	14	0.2
64	15	0
64	16	0
64	17	0
64	18	0.103
64	19	0.048
64	20	0.103
64	21	0
64	22	0.222
64	23	0.077
64	24	0.32
64	25	0.25
64	26	0.368
64	27	0.37
64	28	0.316
64	29	0.5
64	30	0.438
64	31	0.548
64	32	0.529
64	33	0.824
64	34	0.5
64	35	0.444
64	36	0
64	37	0.25
64	38	0.667
64	39	0.2
64	40	0
64	41	0.286
64	42	0.571
64	43	0.667
64	44	0.615
64	45	0.917
64	46	1
64	47	0.778
65	0	0.217
65	1	0
65	2	0
65	3	0.091
65	4	0
65	5	0
65	6	0
65	7	0
65	8	0
65	9	0
65	10	0
65	11	0
65	12	0
65	13	0
65	14	0.143
65	15	0
65	16	0
65	17	0
65	18	0.067
65	19	0.059
65	20	0.194
65	21	0.308
65	22	0.263
65	23	0.195
65	24	0.316
65	25	0.533
65	26	0.5
65	27	0.643
65	28	0.562
65	29	0.8
65	30	0.857
65	31	0.882
65	32	0.708
65	33	0.667
65	34	0.667
65	35	0.167
65	36	1
65	37	0.556
65	38	0.6
65	39	0.333
65	40	0.286
65	41	0.455
65	42	0.667
65	43	0.615
65	44	0.882
65	45	0.714
65	46	0.846
65	47	0.682
66	0	0.35
66	1	0
66	2	0
66	3	0.036
66	4	0
66	5	0
66	6	0
66	7	0
66	8	0
66	9	0
66	10	0
66	11	0
66	12	0
66	13	0
66	14	0.056
66	15	0
66	16	0
66	17	0
66	18	0.111
66	19	0.045
66	20	0.065
66	21	0.1
66	22	0.13
66	23	0.5
66	24	0.143
66	25	0.071
66	26	0.25
66	27	0.154
66	28	0.176
66	29	0.5
66	30	0.4
66	31	0.4
66	32	0.5
66	33	0.5
66	34	0.625
66	35	0.5
66	36	0.167
66	37	0.667
66	38	0.571
66	39	0.417
66	40	0.636
66	41	0.619
66	42	0.714
66	43	0.609
66	44	0.548
66	45	0.684
66	46	0.667
66	47	0.68
67	0	0.357
67	1	0
67	2	0.333
67	3	0.267
67	4	0.091
67	5	0
67	6	0
67	7	0
67	8	0
67	9	0
67	10	0
67	11	0
67	12	0
67	13	0
67	14	0
67	15	0
67	16	0
67	17	0
67	18	0.083
67	19	0
67	23	0.056
67	24	0.077
67	25	0.15
67	26	0.083
67	27	0.08
67	28	0.036
67	29	0.417
67	30	0.462
67	31	0.3
67	32	0.448
67	33	0.5
67	34	0.379
67	35	0.235
67	36	0
67	37	0.219
67	38	0
67	39	0.25
67	40	0.182
67	41	0.292
67	42	0.333
67	43	0.318
67	44	0.5
67	45	0.642
67	46	0.273
67	47	0.429
68	0	0.4
68	1	0
68	2	0
68	3	0
68	4	0
68	5	0
68	6	0
68	7	0
68	8	0
68	9	0
68	10	0
68	11	0
68	12	0
68	13	0
68	14	0
68	15	0
68	16	0
68	17	0.067
68	18	0.121
68	19	0
68	20	0.067
68	21	0.062
68	22	0.039
68	23	0.057
68	24	0.027
68	25	0
68	26	0.222
68	27	0.333
68	28	0.297
68	29	0.5
68	30	0.667
68	31	0.467
68	32	0.421
68	33	0.455
68	34	0.267
68	35	0.5
68	36	0
68	37	0.308
68	38	0
68	39	0.167
68	40	0
68	41	0.231
68	42	0.286
68	43	0.182
68	44	0.467
68	45	0.455
68	46	0.333
68	47	0.4
69	0	0.732
69	1	0.25
69	2	0.125
69	3	0.217
69	4	0
69	5	0
69	6	0
69	7	0
69	8	0
69	9	0
69	10	0
69	11	0
69	12	0
69	13	0.143
69	14	0.357
69	15	0
69	16	0
69	17	0
69	18	0
69	19	0
69	20	0
69	22	0
69	23	0
69	24	0
69	25	0
69	26	0
69	27	0
69	28	0.04
69	29	0.545
69	30	0.7
69	31	0.286
69	32	0.52
69	33	0.459
69	34	0.238
69	35	0.286
69	36	0.333
69	37	0.3
69	38	0.625
69	39	0.3
69	40	0.364
69	41	0.154
69	42	0.389
69	43	0.556
69	44	0.717
69	45	0.623
69	46	0.415
69	47	0.558
70	13	0
70	14	0.042
70	15	0
70	16	0
70	17	0.013
70	18	0.111
70	19	0.049
70	20	0.123
70	21	0.214
70	22	0.307
70	23	0.291
70	24	0.255
70	25	0.062
70	26	0.083
70	27	0.226
70	28	0.241
70	29	0.708
70	30	0.727
70	31	0.5
70	32	0.667
70	33	0.781
70	34	0.435
70	35	0.176
70	36	0.4
70	37	0.654
71	0	0
71	1	0
71	2	0
71	3	0.026
71	4	0
71	5	0
71	6	0
71	7	0
71	8	0
71	9	0
71	10	0
71	11	0
71	12	0
71	13	0.364
71	14	0.118
71	15	0
71	16	0
71	17	0
71	24	1
71	25	0.478
71	26	0.45
71	27	0.304
71	28	0.341
71	29	0.478
71	30	0.5
71	31	0.483
71	32	0.5
71	33	0.4
71	34	0.389
71	35	0.059
71	36	0.25
71	37	0.417
71	38	0.5
71	39	0.538
71	40	0.444
71	41	0.529
71	42	0.533
71	43	0.708
71	44	0.821
71	45	0.792
71	46	0.639
71	47	0.744
72	0	0.721
72	17	0
72	18	0.028
72	19	0
72	20	0
72	21	0
72	22	0.158
72	23	0.091
72	24	0.074
72	25	0.154
72	26	0.125
72	27	0.3
72	28	0.167
72	29	0.619
72	30	0.591
72	31	0.423
72	32	0.64
72	33	0.658
72	34	0.697
72	35	0.579
72	36	0.625
72	37	0.569
72	38	0.5
72	39	0.3
72	40	0.467
72	41	0.389
72	42	0.455
72	43	0.421
72	44	0.793
72	45	0.805
72	46	0.939
72	47	0.643
73	0	0
73	1	0
73	2	0.125
73	3	0.056
73	4	0
73	5	0
73	6	0
73	7	0
73	8	0
73	9	0
73	10	0
73	11	0
73	12	0
73	13	0.182
73	14	0.25
73	15	0
73	16	0
73	17	0.036
73	18	0.2
73	19	0.125
73	20	0.333
73	21	0.385
73	22	0.342
73	23	0.292
73	24	0.176
73	25	0.538
73	26	0.364
73	27	0.375
73	28	0.25
73	29	0.5
73	30	0.2
73	31	0.667
73	32	0.25
73	33	0.714
73	34	0.833
73	35	0.25
73	36	1
73	37	0.5
73	38	0.6
73	39	0.409
73	40	0.364
73	41	0.5
73	42	0.524
73	43	0.577
73	44	0.61
73	45	0.615
73	46	0.556
73	47	0.493
74	0	0.4
74	1	0.333
74	2	0
74	3	0
74	4	0
74	5	0
74	6	0
74	7	0
74	8	0
74	9	0
74	10	0
74	11	0
74	12	0
74	13	0.364
74	14	0.143
74	15	0
74	16	0
74	17	0
74	18	0.083
74	19	0
74	20	0.056
74	21	0
74	22	0.185
74	23	0.143
74	24	0.167
74	25	0.208
74	26	0.167
74	27	0.265
74	28	0.154
74	29	0.321
74	30	0.36
74	31	0.3
74	32	0.48
74	33	0.333
74	34	0.364
74	35	0.4
74	36	0.857
74	37	0.345
74	38	0.25
74	39	0.333
74	40	0.111
74	41	0.214
74	42	0.438
74	43	0.375
74	44	0.448
74	45	0.37
74	46	0.1
74	47	0.125
75	0	0.494
75	1	0
75	2	0
75	3	0.053
75	4	0
75	5	0
75	6	0
75	7	0
75	8	0
75	9	0
75	10	0
75	11	0
75	12	0
75	13	0.05
75	14	0.182
75	15	0
75	16	0
75	17	0.035
75	18	0.067
75	19	1
75	20	0
75	21	0
75	22	1
75	23	1
75	24	1
75	25	1
75	26	1
75	27	1
75	28	1
75	29	0.444
75	30	0
75	31	0
75	32	1
75	33	0.318
75	34	0
75	35	0
75	37	1
75	38	0.333
75	39	0.4
75	40	0
75	41	0.25
75	42	0.375
75	43	0.5
75	44	0.95
75	45	1
75	46	0.714
75	47	0.583
76	0	0.292
76	1	0
76	2	0
76	3	0.118
76	4	0
76	5	0
76	6	0
76	7	0
76	8	0
76	9	0
76	10	0
76	11	0
76	12	0
76	13	0.111
76	14	0.154
76	15	0
76	16	0
76	17	0
76	18	0.094
76	19	0.128
76	20	0.132
76	21	0.3
76	22	0.456
76	23	0.326
76	24	0.355
76	25	0.486
76	26	0.432
76	27	0.375
76	28	0.268
76	29	0.517
76	30	0.65
76	31	0.571
77	19	0.083
77	20	0.095
77	21	0
77	22	0.115
77	23	0.067
77	24	0.118
77	25	0.091
77	26	0.091
77	27	0.071
77	28	0.048
77	29	0.267
77	30	0.3
77	31	0.333
77	32	0.655
77	33	0.515
77	34	0.536
77	35	0.343
77	36	0.774
77	37	0.667
77	38	0.467
77	39	0.263
77	40	0.444
77	41	0.543
77	42	0.471
77	43	0.611
77	44	0.808
77	45	0.84
78	0	0.519
78	1	0
78	2	0
78	3	0
78	4	0
78	5	0
78	6	0
78	7	0
78	8	0
78	9	0
78	10	0
78	12	0
78	13	0
78	14	0.2
78	15	0
78	16	0
78	17	0
78	18	0
78	19	0
78	20	0.111
78	21	0.2
78	22	0.15
78	23	0.25
78	24	0.125
78	25	0
78	26	0.143
78	27	0.375
78	28	0.333
78	29	0.556
78	30	0.429
78	31	0.357
78	32	0.571
78	33	0.684
78	34	0.455
78	35	0.333
78	36	0.357
78	37	0.6
78	38	0.143
78	39	0.182
78	40	0.308
78	41	0.091
78	42	0.158
78	43	0.222
78	44	0.5
78	45	0.549
78	46	0.694
78	47	0.652
79	0	0.097
79	1	0.048
79	2	0
79	3	0.022
79	4	0
79	5	0
79	6	0
79	7	0
79	8	0
79	9	0
79	10	0
79	11	0
79	12	0
79	13	0
79	14	0.176
79	15	0
79	16	0
79	17	0
79	18	0
79	19	0
79	20	0
79	21	0
79	22	0
79	23	0.077
79	24	0.167
79	25	0
79	26	0
79	27	0.273
79	28	0
79	29	0.556
79	30	0.6
79	31	0.455
79	32	0.6
79	33	0.667
79	34	0.625
79	35	0.571
79	36	0.5
79	37	0.538
79	38	0.5
79	39	0
79	40	0.5
79	41	0.143
79	42	0.25
79	43	0.5
79	44	0.667
79	45	0.667
79	46	0.6
79	47	0.581
80	13	0
80	14	0
80	15	0
80	16	0
80	17	0.045
80	18	0.069
80	19	0.029
80	20	0
80	21	0
80	22	0.096
80	23	0.091
80	24	0.071
80	25	0
80	26	0
80	27	0
80	28	0.05
80	29	0.118
80	30	0.294
80	31	0.222
80	32	0.188
80	33	0.261
80	34	0.188
80	35	0.25
80	36	0.333
80	37	0.44
80	38	0
80	39	0.091
80	40	0.143
80	41	0.267
80	42	0.25
80	43	0.077
80	44	0.625
80	45	0.649
80	46	0.467
81	1	0
81	3	0.5
81	4	0
81	5	0
81	6	0
81	7	0
81	8	0
81	9	0
81	10	0
81	11	0
81	12	0
81	13	0.143
81	14	0.077
81	15	0
81	16	0
81	17	0
81	18	0
81	19	0
81	20	0
81	21	0
81	22	0.074
81	23	0
81	24	0.048
81	25	0.243
81	26	0.214
81	27	0.041
81	28	0.114
81	29	0.359
81	30	0.321
81	31	0.267
81	32	0.318
81	33	0.323
81	34	0.167
81	35	0
81	36	0
81	37	0.25
81	38	0
81	39	0
81	40	0
81	41	0
81	42	0
81	43	0
81	44	0.25
81	45	0.333
81	46	0.231
81	47	0.448
82	0	0
82	1	0.25
82	2	0
82	3	0.2
82	4	0
82	5	0
82	6	0
82	7	0
82	8	0
82	9	0
82	10	0
82	11	0
82	12	0
82	13	0
82	14	0
82	15	0
82	16	0
82	17	0
82	18	0
82	19	0.25
82	20	0.5
82	21	0.5
82	22	0.4
82	23	0.7
82	24	0.6
82	25	0.5
82	26	0.667
82	27	0.833
82	28	0.556
82	29	0.5
82	30	1
82	31	0.667
82	32	0.714
82	33	0.652
82	34	0.478
82	35	0.375
82	36	0.611
82	37	0.5
82	38	0.333
82	39	0.474
82	40	0.318
82	41	0.433
82	42	0.647
82	43	0.487
82	44	0.639
82	45	0.623
82	46	0.627
82	47	0.673
83	0	0.185
83	1	0
83	2	0
83	3	0.053
83	4	0
83	5	0
83	6	0
83	7	0
83	8	0
83	9	0
83	10	0
83	11	0
83	12	0
83	13	0.071
83	14	0
83	15	0
83	16	0
83	17	0.057
83	18	0
83	19	0
83	20	0
83	21	0
83	22	0.023
83	23	0
83	24	0
83	25	0
83	26	0
83	27	0
83	28	0.036
83	29	0.286
83	30	0.174
83	31	0.172
83	32	0.385
83	33	0.385
83	34	0.364
83	35	0
83	36	0
83	37	0.5
83	38	0.5
83	39	0.375
83	40	0.6
83	41	0.385
83	42	0.5
83	43	0.286
83	44	0.263
83	45	0.421
83	46	0.312
83	47	0.194
84	0	0.252
84	1	0
84	2	0
84	3	0
84	4	0
84	5	0
84	6	0
84	7	0
84	8	0
84	9	0
84	10	0
84	11	0
84	12	0
84	13	0
84	14	0
84	15	0
84	16	0
84	17	0
84	18	0
84	19	0
84	20	0
84	21	0
84	22	0.182
84	23	0.1
84	24	0.167
84	25	0.286
84	26	0.167
84	27	0.286
84	28	0.429
84	29	0.5
84	30	0.5
84	31	0.182
84	32	0.444
84	33	0.364
84	34	0.125
84	35	0.364
84	36	0.455
84	37	0.167
84	38	0.5
84	39	0.429
84	40	0.25
84	41	0.538
84	42	0.556
84	43	0.5
84	44	0.615
84	45	0.593
84	46	0.676
84	47	0.64
85	0	0.387
85	1	0.5
85	2	0.5
85	3	0.143
85	4	0
85	5	0
85	6	0
85	7	0
85	8	0
85	9	0
85	10	0
85	11	0
85	12	0
85	13	0.125
85	14	0
85	15	0
85	16	0
85	17	0.096
85	18	0.04
85	19	0.045
85	20	0.111
85	21	0
85	22	0.172
85	23	0.15
85	24	0.167
85	25	0.071
85	26	0.062
85	27	0.111
85	28	0.167
85	29	0.4
85	30	0.385
85	31	0.269
85	32	0.2
85	33	0.368
85	34	0.278
85	35	0.273
85	36	0.2
85	37	0.4
85	38	0.333
85	39	0.375
85	40	0.364
85	41	0.308
85	42	0.25
85	43	0.556
85	44	0.48
85	45	0.586
85	46	0.552
85	47	0.5
86	0	0.333
86	1	0
86	2	0.067
86	3	0.054
86	4	0
86	5	0
86	6	0
86	7	0
86	8	0
86	9	0
86	10	0
86	11	0
86	12	0
86	13	0
86	14	0.083
86	15	0
86	16	0
86	17	0
86	18	0
86	19	0
86	20	0
86	21	0
86	22	0.034
86	23	0
86	24	0
86	25	0
86	26	0
86	27	0
86	28	0
86	29	0.381
86	30	0.467
86	31	0.619
86	32	0.571
86	33	0.55
86	34	0.615
86	35	0.3
86	37	0.583
86	38	0.667
86	39	0.556
86	40	0.333
86	41	0.636
86	42	0.6
86	43	0.462
86	44	0.562
86	45	0.458
86	46	0.526
86	47	0.316
87	0	0.071
87	1	1
87	3	0.111
87	4	0
87	5	0
87	6	0
87	7	0.154
87	8	0.133
87	9	0
87	10	0.071
87	11	0
87	12	0.091
87	13	0
87	14	0.214
87	15	0
87	16	0
87	17	0.029
87	18	0.094
87	19	0
87	20	0
87	21	0
87	22	0.036
87	23	0
87	24	0
87	25	0
87	26	0
87	27	0.105
87	28	0.034
87	29	0.222
87	30	0.2
87	31	0.167
87	32	0.182
87	33	0.192
87	34	0.286
87	35	0.167
87	36	0
87	37	0.083
87	38	0
87	39	0.273
87	40	0.091
87	41	0.4
87	42	0.429
87	43	0.083
87	44	0.345
87	45	0.389
87	46	0.636
87	47	0.647
88	0	0.222
88	1	0.333
88	2	0.25
88	3	0.214
88	4	0
88	5	0
88	6	0
88	7	0.2
88	8	0.056
88	9	0
88	10	0.111
88	11	0
88	12	0.04
88	13	0.091
88	14	0.136
88	15	0
88	16	0
88	17	0.085
88	18	0.089
88	19	0.038
88	20	0.067
88	21	0.077
88	22	0.107
88	23	0
88	24	0
88	25	0
88	26	0
88	27	0.143
88	28	0
88	29	0.478
88	30	0.238
88	31	0.167
88	32	0.136
88	33	0.333
88	34	0.143
88	35	0.278
88	36	0.333
88	37	0.188
88	38	0.25
88	39	0.4
88	40	0
88	41	0.375
88	42	0
88	43	0.444
88	44	0.583
88	45	0.45
88	46	0.179
88	47	0.259
89	0	0
89	1	0
89	2	0
89	3	0
89	4	0
89	5	0
89	6	0
89	7	0
89	8	0
89	9	0
89	10	0
89	11	0
89	12	0
89	13	0
89	14	0
89	15	0
89	16	0
89	17	0.045
89	18	0.167
89	19	0
89	20	0.15
89	21	0
89	22	0.212
89	23	0.105
89	24	0.192
89	25	0.111
89	26	0
89	27	0.147
89	28	0.129
89	29	0.5
89	30	0.4
89	31	0.516
89	32	0.577
89	33	0.469
89	34	0.35
89	35	0
89	36	0.375
89	37	0.267
89	38	0.2
89	39	0.231
89	40	0.25
89	41	0.44
89	42	0.444
89	43	0.438
89	44	0.419
89	45	0.45
89	46	0.459
89	47	0.485
90	0	0.167
90	1	0
90	2	0.2
90	3	0.053
90	4	0
90	5	0
90	6	0.111
90	7	0
90	8	0
90	9	0
90	10	0
90	11	0
90	12	0
90	13	0.143
90	14	0
90	15	0
90	16	0
90	17	0.133
90	18	0.2
90	19	0.136
90	20	0.111
90	21	0
90	22	0.222
90	23	0
90	24	0
90	25	0
90	26	0.071
90	27	0.048
90	28	0.111
90	29	0.312
90	30	0.533
90	31	0.471
90	32	0.429
90	33	0.474
90	34	0.214
90	35	0.5
90	36	0
90	37	0.5
90	38	0.462
90	39	0.474
90	40	0.636
90	41	0.379
90	42	0.5
90	43	0.63
90	44	0.636
90	45	0.667
90	46	0.532
90	47	0.467
91	0	0.293
91	1	0
91	2	0.2
91	3	0.167
91	4	0
91	5	0
91	6	0
91	7	0.037
91	8	0
91	9	0
91	10	0
91	11	0
91	12	0
91	13	0.167
91	14	0.083
91	15	0
91	16	0
91	17	0.179
91	18	0.158
91	19	0.067
91	20	0.107
91	21	0.167
91	22	0.146
91	23	0.067
91	24	0.158
91	25	0.188
91	26	0.111
91	27	0.095
91	28	0.088
91	29	0.176
91	30	0.133
91	31	0.071
91	32	0
91	33	0.125
91	34	0
91	35	0.111
91	36	0
91	37	0.143
91	38	0
91	39	0
91	40	0
91	41	0.043
91	42	0.154
91	43	0.318
91	44	0.455
91	45	0.316
91	46	0.375
91	47	0.348
92	0	0
92	1	0
92	2	0.062
92	3	0
92	4	0
92	5	0
92	6	0
92	7	0
92	8	0
92	9	0
92	10	0
92	11	0
92	12	0
92	13	0.062
92	14	0
92	15	0
92	16	0
92	17	0.036
92	18	0.038
92	19	0
92	20	0.02
92	21	0
92	22	0.02
92	23	0
92	24	0.071
92	25	0
92	26	0.059
92	27	0.071
92	28	0.067
92	29	0.25
92	30	0.167
92	31	0.2
92	32	0.273
92	33	0.278
92	34	0.083
92	35	0.111
92	36	0
92	37	0.3
92	38	0.4
92	39	0.25
92	40	0.333
92	41	0.462
92	42	0.444
92	43	0.429
92	44	0.412
92	45	0.481
92	46	0.414
92	47	0.368
93	0	0.174
93	1	0
93	2	0
93	3	0
93	4	0
93	5	0
93	6	0
93	7	0
93	8	0
93	9	0
93	10	0
93	11	0
93	12	0
93	13	0
93	14	0
93	15	0
93	16	0
93	17	0
93	18	0.158
93	19	0.071
93	20	0
93	21	0
93	22	0.182
93	23	0.167
93	24	0.167
93	25	0.125
93	26	0.062
93	27	0.25
93	28	0.171
93	29	0.407
93	30	0.241
93	31	0.367
93	32	0.24
93	33	0.292
93	34	0.105
93	35	0.176
93	36	0.25
93	37	0.167
93	38	0.111
93	39	0.188
93	40	0.5
93	41	0.28
93	42	0.467
93	43	0.467
93	44	0.529
93	45	0.629
93	46	0.513
93	47	0.433
94	0	0.188
94	1	0
94	2	0
94	3	0.095
94	4	0
94	5	0
94	6	0
94	7	0
94	8	0
94	9	0
94	10	0
94	11	0
94	12	0
94	13	0
94	14	0.2
94	15	0
94	16	0
94	17	0.043
94	18	0.025
94	19	0
94	20	0
94	21	0
94	22	0.054
94	23	0.053
94	24	0.038
94	25	0.042
94	26	0.053
94	27	0.129
94	28	0.057
94	29	0.296
94	30	0.222
94	31	0.298
94	32	0.375
94	33	0.4
94	34	0.429
94	35	0.235
94	36	0
94	37	0.25
94	38	0.333
94	39	0.222
94	40	0.5
94	41	0.6
94	42	0.375
94	43	0.545
94	44	0.5
94	45	0.846
94	46	0.758
94	47	0.714
95	0	0.111
95	1	0
95	2	0
95	3	0
95	4	0
95	5	0
95	6	0
95	7	0
95	8	0
95	9	0
95	10	0
95	11	0
95	12	0
95	13	0.105
95	14	0.192
95	15	0
95	16	0
95	17	0.158
95	18	0.294
95	19	0.045
95	20	0.071
95	21	0.077
95	22	0.111
95	23	0.136
95	24	0.1
95	25	0.211
95	26	0.167
95	27	0.125
95	28	0.2
95	29	0.125
95	30	0.25
95	31	0.429
95	32	0.111
95	33	0.294
95	34	0.111
95	35	0.231
95	36	0
95	37	0.2
95	38	0.1
95	39	0.083
95	40	0.133
95	41	0.036
95	42	0.077
95	43	0.158
95	44	0.238
95	45	0.347
95	46	0.432
95	47	0.316
96	0	0.125
96	1	0
96	2	0
96	3	0
96	4	0
96	5	0
96	6	0
96	7	0
96	8	0
96	9	0
96	10	0
96	11	0
96	12	0
96	13	0
96	14	0.2
96	15	0
96	16	0
96	17	0.065
96	18	0
96	19	0
96	20	0
96	21	0
96	22	0.056
96	23	0.071
96	24	0.056
96	25	0
96	26	0.062
96	27	0.043
96	28	0.1
96	29	0.212
96	30	0.125
96	31	0.261
96	32	0.158
96	33	0.167
96	34	0.206
96	35	0.185
96	36	0.25
96	37	0.125
96	38	0.077
96	39	0.231
96	40	0.125
96	41	0.15
96	42	0.231
96	43	0.143
96	44	0.364
96	45	0.434
96	46	0.364
96	47	0.303
97	0	0.25
97	1	0
97	2	0
97	3	0
97	4	0
97	5	0
97	6	0
97	7	0
97	8	0
97	9	0
97	10	0
97	11	0
97	12	0
97	13	0
97	14	0.118
97	15	0
97	16	0
97	17	0
97	18	0.029
97	19	0
97	20	0.1
97	21	0.077
97	22	0.065
97	23	0
97	24	0
97	25	0
97	26	0.067
97	27	0
97	28	0.156
97	29	0.179
97	30	0.048
97	31	0.156
97	32	0.235
97	33	0.105
97	34	0
97	35	0
97	36	0
97	37	0.167
97	38	0.273
97	39	0.176
97	40	0.188
97	41	0.182
97	42	0.133
97	43	0.36
97	44	0.265
97	45	0.49
97	46	0.421
97	47	0.476
98	0	0.186
98	1	0.043
98	2	0.067
98	3	0.018
98	4	0
98	5	0
98	6	0
98	7	0.026
98	8	0
98	9	0
98	10	0
98	11	0
98	12	0
98	13	0
98	14	0.125
98	15	0
98	16	0
98	17	0.08
98	18	0.286
98	19	0
98	20	0.08
98	21	0
98	22	0.056
98	23	0.136
98	24	0.053
98	25	0.067
98	26	0
98	27	0.095
98	28	0.08
98	29	0.2
98	30	0.118
98	31	0.286
98	32	0.25
98	33	0.3
98	34	0.333
98	35	0.25
98	36	0
98	37	0.154
98	38	0.222
98	39	0.133
98	40	0.077
98	41	0.143
98	42	0.286
98	43	0.25
98	44	0.29
98	45	0.541
98	46	0.643
98	47	0.519
99	0	0
99	1	0
99	2	0
99	3	0
99	4	0
99	5	0
99	6	0
99	7	0
99	8	0
99	9	0
99	10	0
99	11	0
99	12	0
99	13	0.071
99	14	0.143
99	15	0
99	16	0
99	17	0.018
99	18	0.149
99	19	0
99	20	0
99	21	0
99	22	0.054
99	23	0.121
99	24	0.2
99	25	0.077
99	26	0.182
99	27	0.206
99	28	0.239
99	29	0.37
99	30	0.375
99	31	0.468
99	32	0.486
99	33	0.333
99	34	0.167
99	35	0.267
99	36	0
99	37	0.3
99	38	0.143
99	39	0.3
99	40	0.273
99	41	0.188
99	42	0.143
99	43	0.25
99	44	0.52
99	45	0.56
99	46	0.571
99	47	0.5
100	0	0.35
100	1	0
100	2	0
100	3	0
100	4	0
100	5	0
100	6	0
100	7	0
100	8	0
100	9	0
100	10	0
100	11	0
100	12	0
100	13	0
100	14	0
100	15	0
100	16	0
100	17	0
100	18	0.167
100	19	0
100	20	0.069
100	21	0
100	22	0.038
100	23	0.031
100	24	0.074
100	25	0.037
100	26	0
100	27	0.065
100	28	0.024
100	29	0.091
100	30	0.042
100	31	0.065
100	32	0.143
100	33	0.125
100	34	0.35
100	35	0.308
100	36	0
100	37	0.211
100	38	0.286
100	39	0.333
100	40	0.4
100	41	0.417
100	42	0.417
100	43	0.565
100	44	0.457
100	45	0.629
100	46	0.533
100	47	0.6
101	0	0.5
101	1	0
101	2	0
101	3	0
101	4	0
101	5	0
101	6	0
101	7	0
101	8	0
101	9	0
101	10	0
101	11	0
101	12	0
101	13	0
101	14	0
101	15	0
101	16	0
101	17	0
101	18	0.067
101	19	0
101	20	0
101	21	0
101	22	0.05
101	23	0.053
101	24	0
101	25	0
101	26	0
101	27	0
101	28	0
101	29	0.235
101	30	0.1
101	31	0.214
101	32	0.267
101	33	0.286
101	34	0.192
101	35	0.053
101	36	0
101	37	0.042
101	38	0.182
101	39	0.125
101	40	0.071
101	41	0.103
101	42	0.167
101	43	0.16
101	44	0.188
101	45	0.189
101	46	0.245
101	47	0.234
102	0	0.211
102	1	0
102	2	0
102	3	0.036
102	4	0
102	5	0
102	6	0
102	7	0
102	8	0
102	9	0
102	10	0
102	11	0
102	12	0
102	13	0
102	14	0
102	15	0
102	16	0
102	17	0
102	18	0
102	19	0
102	20	0
102	21	0.111
102	22	0.031
102	23	0.095
102	24	0.103
102	25	0.061
102	26	0.125
102	27	0.136
102	28	0.191
102	29	0.139
102	30	0.103
102	31	0.096
102	32	0.143
102	33	0.319
102	34	0.219
102	35	0.2
102	36	0
102	37	0.263
102	38	0.125
102	39	0.25
102	40	0
102	41	0.111
102	42	0.211
102	43	0.118
102	44	0.182
102	45	0.206
102	46	0.129
102	47	0.125
103	0	0.051
103	1	0
103	2	0
103	3	0
103	4	0.056
103	5	0
103	6	0
103	7	0
103	8	0
103	9	0
103	10	0
103	11	0
103	12	0
103	13	0
103	14	0.067
103	15	0
103	16	0
103	17	0
103	18	0.045
103	19	0
103	20	0
103	21	0
103	22	0
103	23	0
103	24	0
103	25	0
103	26	0
103	27	0
103	28	0
103	29	0
103	30	0.154
103	31	0
103	32	0.048
103	33	0.067
103	34	0.071
103	35	0.167
103	36	0
103	37	0.133
103	38	0.167
103	39	0.067
103	40	0.214
103	41	0.147
103	42	0.087
103	43	0.276
103	44	0.347
103	45	0.453
103	46	0.4
103	47	0.438
104	0	0.108
104	1	0
104	2	0.059
104	3	0.061
104	4	0
104	5	0
104	6	0
104	7	0
104	8	0
104	9	0
104	10	0
104	11	0
104	12	0
104	13	0
104	14	0
104	15	0
104	16	0
104	17	0
104	18	0.034
104	19	0
104	20	0
104	21	0
104	22	0.032
104	23	0
104	24	0
104	25	0
104	26	0
104	27	0
104	28	0
104	29	0
104	30	0
104	31	0
104	32	0.053
104	33	0
104	34	0.077
104	35	0
104	36	0
104	37	0
104	38	0.091
104	39	0
104	40	0
104	41	0.05
104	42	0.083
104	43	0
104	44	0.143
104	45	0.1
104	46	0
104	47	0
105	0	0.071
105	1	0
105	2	0
105	3	0.056
105	4	0
105	5	0
105	6	0
105	7	0
105	8	0
105	9	0
105	10	0
105	11	0
105	12	0
105	13	0
105	14	0
105	15	0
105	16	0
105	17	0
105	18	0
105	19	0.04
105	20	0.111
105	21	0.111
105	22	0.053
105	23	0.1
105	24	0.152
105	25	0.069
105	26	0.036
105	27	0.061
105	28	0.062
105	29	0.294
105	30	0.179
105	31	0.133
105	32	0.275
105	33	0.298
105	34	0.097
105	35	0.19
105	36	0
105	37	0
105	38	0
105	39	0
105	40	0
105	41	0.371
105	42	0
105	43	0.083
105	44	0
105	45	0.03
105	46	0.069
105	47	0.16
106	0	0.05
106	1	0
106	2	0
106	3	0.2
106	4	0.067
106	5	0
106	6	0
106	7	0
106	8	0
106	9	0
106	10	0
106	11	0
106	12	0
106	13	0
106	14	0.143
106	15	0
106	16	0
106	17	0.031
106	18	0.269
106	19	0
106	20	0
106	21	0
106	22	0.169
106	23	0.067
106	24	0.092
106	25	0.046
106	26	0.024
106	27	0.071
106	28	0.083
106	29	0.098
106	30	0.071
106	31	0.211
106	32	0.133
106	33	0.105
106	34	0
106	35	0.235
106	36	0
106	37	0.233
106	38	0
106	39	0.316
106	40	0.12
106	41	0.312
106	42	0.452
106	43	0.4
106	44	0.36
106	45	0.425
106	46	0.458
106	47	0.341
107	0	0.027
107	1	0
107	2	0
107	3	0
107	4	0
107	5	0
107	6	0
107	7	0
107	8	0
107	9	0
107	10	0
107	11	0
107	12	0
107	13	0
107	14	0.222
107	15	0
107	16	0
107	17	0
107	18	0.182
107	19	0.071
107	20	0.1
107	21	0.133
107	22	0.216
107	23	0.241
107	24	0.105
107	25	0.071
107	26	0.077
107	27	0.182
107	28	0.208
107	29	0.447
107	30	0.246
107	31	0.232
107	32	0.364
107	33	0.21
107	34	0.157
107	35	0.086
107	36	0
107	37	0.25
107	38	0
107	39	0
107	40	0.167
107	41	0.333
107	42	0.364
107	43	0.111
107	44	0.176
107	45	0.095
107	46	0.2
107	47	0.111
108	0	0
108	1	0
108	2	0
108	3	0
108	4	0
108	5	0
108	6	0
108	7	0
108	8	0
108	9	0
108	10	0
108	11	0
108	12	0
108	13	0
108	14	0
108	15	0
108	16	0
108	17	0.088
108	18	0.04
108	19	0
108	20	0.013
108	21	0
108	22	0
108	23	0
108	24	0
108	25	0
108	26	0
108	27	0
108	28	0
108	29	0
108	30	0
108	31	0.061
108	32	0.229
108	33	0.268
108	34	0.1
108	35	0.258
108	36	0.167
108	37	0.149
108	38	0.234
108	39	0.174
108	40	0.2
108	41	0.22
108	42	0.237
108	43	0.289
108	44	0.444
108	45	0.905
108	46	0.667
108	47	0.789
109	0	0.03
109	1	0
109	2	0
109	3	0
109	4	0
109	5	0
109	6	0
109	7	0
109	8	0
109	9	0
109	10	0
109	11	0
109	12	0
109	13	0
109	14	0
109	15	0
109	16	0
109	17	0
109	18	0
109	19	0.056
109	20	0.062
109	21	0.077
109	22	0.143
109	23	0.111
109	24	0.125
109	25	0
109	26	0.182
109	27	0.067
109	28	0
109	29	0.417
109	30	0.091
109	31	0.391
109	32	0.312
109	33	0.263
109	34	0.3
109	35	0.3
109	36	1
109	37	0.125
109	38	0.444
109	39	0.25
109	40	0.3
109	41	0.294
109	42	0.136
109	43	0.297
109	44	0.364
109	45	0.319
109	46	0.291
109	47	0.204
110	0	0.232
110	1	0
110	2	0
110	3	0.035
110	4	0
110	5	0
110	6	0
110	7	0
110	8	0
110	9	0
110	10	0
110	11	0
110	12	0
110	13	0.111
110	14	0
110	15	0
110	16	0
110	17	0
110	18	0
110	19	0
110	20	0
110	21	0
110	22	0
110	23	0
110	24	0
110	25	0
110	26	0
110	27	0
110	28	0
110	29	0
110	30	0
110	31	0
110	32	0
110	33	0
110	34	0
110	35	0
110	36	0
110	37	0
110	38	0
110	39	0
110	40	0
110	41	0
110	42	0
110	43	0
110	44	0
110	45	0.071
110	46	0.325
110	47	0.343
111	0	0
111	1	0
111	2	0.074
111	3	0
111	4	0
111	5	0
111	6	0
111	7	0
111	8	0
111	9	0
111	10	0
111	11	0
111	12	0
111	13	0
111	14	0.038
111	15	0
111	16	0
111	17	0.028
111	18	0.157
111	19	0.064
111	20	0.083
111	21	0.143
111	22	0.079
111	23	0.029
111	24	0.038
111	25	0.048
111	26	0.059
111	27	0.074
111	28	0.049
111	29	0.231
111	30	0.333
111	31	0.318
111	32	0.421
111	33	0
111	34	0.167
111	35	0.143
111	36	0
111	37	0.2
111	38	0
111	39	0.286
111	40	0.25
111	41	0.444
111	42	0.455
111	43	0.385
111	44	0.211
111	45	0.188
111	46	0.227
111	47	0.429
112	0	0
112	1	0
112	2	0
112	3	0
112	4	0
112	5	0
112	6	0
112	7	0
112	8	0
112	9	0
112	10	0
112	11	0
112	12	0
112	13	0
112	14	0
112	15	0
112	16	0
112	17	0
112	18	0.04
112	19	0
112	20	0.068
112	21	0.042
112	22	0.104
112	23	0.106
112	24	0.059
112	25	0.026
112	26	0.037
112	27	0.065
112	28	0.035
112	29	0.242
112	30	0
112	31	0.125
112	32	0.6
112	33	0.419
112	34	0.48
112	35	0.286
112	36	0.25
112	37	0.414
112	38	0.444
112	39	0.471
112	40	0.273
112	41	0.353
112	42	0.444
112	43	0.56
112	44	0.738
112	45	0.545
112	46	0.649
112	47	0.704
113	0	0.05
113	1	0
113	2	0
113	3	0
113	4	0
113	5	0
113	6	0
113	7	0
113	8	0
113	9	0
113	10	0
113	11	0
113	12	0
113	13	0
113	14	0
113	15	0
113	16	0
113	17	0
113	18	0
113	19	0
113	20	0
113	21	0
113	22	0
113	23	0
113	24	0
113	25	0
113	26	0
113	27	0
113	28	0
113	29	0.28
113	30	0.194
113	31	0.218
113	32	0.277
113	33	0.149
113	34	0.133
113	35	0.081
113	36	0.333
113	37	0.094
113	38	0.222
113	39	0.303
113	40	0.111
113	41	0.264
113	42	0.231
113	43	0.364
113	44	0.375
113	45	0.122
113	46	0.108
113	47	0.2
114	0	0.417
114	1	0.1
114	2	0
114	3	0
114	4	0
114	5	0
114	6	0
114	7	0
114	8	0
114	9	0
114	10	0
114	11	0
114	12	0
114	13	0.091
114	14	0.217
114	15	0
114	16	0
114	17	0
114	18	0.059
114	19	0.033
114	20	0.033
114	21	0.056
114	22	0.045
114	23	0.029
114	24	0.08
114	25	0.071
114	26	0
114	27	0
114	28	0
114	29	0
114	30	0.2
114	31	0.111
114	32	0.167
114	33	0.125
114	34	0
114	35	0.5
114	37	0.4
114	38	0
114	39	0.25
114	40	0
114	41	0.25
114	42	0.333
114	43	0
114	44	0.5
114	45	0.66
114	46	0.649
114	47	0.357
115	3	0.143
115	4	0
115	5	0
115	6	0
115	7	0
115	8	0
115	9	0
115	10	0
115	11	0
115	12	0
115	13	0
115	14	0.143
115	15	0
115	16	0
115	17	0.079
115	18	0.161
115	19	0.111
115	20	0
115	23	0
115	24	0
115	25	0.059
115	26	0.214
115	27	0.16
115	28	0.214
115	29	0.261
115	30	0.19
115	31	0.35
115	32	0.44
115	33	0.192
115	34	0.333
115	35	0.188
115	36	0.167
115	37	0
115	38	0.182
115	39	0.5
115	40	0.3
115	41	0.455
115	42	0.385
115	43	0.389
115	44	0.6
116	0	0.175
116	1	0
116	2	0
116	3	0.083
116	4	0
116	5	0
116	6	0
116	7	0
116	8	0
116	9	0
116	10	0
116	11	0
116	12	0
116	13	0
116	14	0
116	15	0
116	16	0
116	17	0
116	18	0
116	19	0
116	20	0.045
116	21	0
116	22	0.286
116	23	0.16
116	24	0.192
116	25	0.182
116	26	0.2
116	27	0.286
116	28	0.098
116	29	1
116	44	0.5
116	45	0.469
116	46	0.538
116	47	0.588
117	20	0
117	21	0
117	22	0.182
117	23	0.062
117	24	0
117	25	0
117	26	0
117	27	0.167
117	28	0.062
117	29	0.45
117	30	0.357
117	31	0.432
117	32	0.455
117	33	0.271
117	34	0.424
117	35	0.346
117	36	0.143
117	37	0.421
117	38	0.571
117	39	0.389
117	40	0.536
117	41	0.407
117	42	0.333
117	43	0.5
117	44	0.5
117	45	0.5
117	46	0.462
118	0	0.25
118	2	0
118	3	0.167
118	4	0
118	5	0
118	6	0
118	7	0
118	8	0
118	9	0
118	10	0
118	11	0
118	12	0
118	13	0
118	14	0.167
118	15	0
118	16	0
118	17	0
118	18	0
118	19	0.125
118	20	0
118	21	0
118	22	0.05
118	23	0
118	24	0
118	25	0
118	26	0
118	27	0.111
118	28	0.091
118	29	0.214
118	30	0.75
118	31	0.2
118	32	0.5
118	33	0.2
118	34	0
118	41	0.5
118	42	0.692
118	43	0.75
118	44	0.765
118	45	0.688
118	46	0.759
118	47	0.405
119	0	0.273
119	1	0.071
119	2	0
119	3	0.241
119	4	0
119	5	0
119	6	0
119	7	0
119	8	0
119	9	0
119	10	0
119	11	0
119	12	0
119	13	0
119	14	0.1
119	15	0
119	16	0
119	17	0
119	18	0.091
119	19	0
119	20	0
119	34	0.143
119	35	0
119	37	0.143
119	38	0.25
119	39	0.2
119	40	0.333
119	41	0.417
119	42	0.333
119	43	0.375
119	44	0.7
119	45	0.857
119	46	0.9
119	47	0.6
120	17	0
120	18	0.111
120	19	0.111
120	20	0
120	21	0
120	22	0.039
120	23	0.054
120	24	0.04
120	25	0
120	26	0
120	27	0.091
120	28	0.104
120	29	0.286
120	30	0.154
120	31	0.237
120	32	0.25
120	33	0.286
120	34	0.231
120	35	0
121	0	0.9
121	1	0
121	2	0
121	3	0.2
121	4	0
121	5	0
121	6	0
121	7	0
121	8	0
121	9	0
121	10	0
121	11	0
121	12	0
121	13	0
121	14	0.167
121	15	0
121	16	0
121	17	0
121	18	0
121	33	0
121	34	0.125
121	35	0.071
121	36	0
121	37	0.167
121	38	0.214
121	39	0.438
121	40	0.217
121	41	0.276
121	42	0.222
121	43	0.423
121	44	0.54
121	45	0.429
121	46	0.4
121	47	0.375
122	0	0.217
122	1	0
122	2	0
122	3	0.083
122	4	0.059
122	5	0
122	6	0
122	7	0
122	8	0
122	9	0
122	10	0
122	11	0
122	12	0
122	13	0
122	14	0.091
122	15	0
122	16	0
122	17	0.15
122	18	0.071
122	19	0.083
122	20	0.053
122	21	0
122	22	0.077
122	23	0.059
122	24	0
122	25	0
122	26	0
122	27	0
122	28	0
122	29	0.455
122	30	0.4
122	31	0.571
122	32	0.571
122	33	0.625
122	34	0.833
122	35	0.5
122	36	0
122	37	0.5
122	38	0.75
122	39	0.75
122	40	0.333
122	41	0.75
122	42	0.6
122	43	0.667
122	44	0.833
122	45	0.8
122	46	0.571
122	47	0.222
123	0	0.5
123	2	0
123	3	0
123	4	0
123	5	0
123	6	0
123	7	0
123	8	0
123	9	0
123	10	0
123	11	0
123	12	0
123	13	0
123	14	0
123	15	0
123	16	0
123	17	0
123	18	0
123	19	0
123	20	0.043
123	21	0
123	22	0.042
123	23	0.067
123	24	0
123	25	0
123	26	0.056
123	27	0.217
123	28	0.074
123	29	0.286
123	30	0.5
123	31	0.333
123	32	0.474
123	33	0.286
123	34	0.444
123	35	0.222
123	36	0.333
123	37	0.286
123	38	0.25
123	39	0.364
123	40	0.375
123	41	0.312
123	42	0.25
123	43	0.4
123	44	0.625
123	45	0.692
123	46	0.7
123	47	0.5
124	0	0.538
124	1	0
124	2	0
124	3	0
124	4	0
124	5	0
124	6	0
124	7	0
124	8	0
124	9	0
124	10	0
124	11	0
124	12	0
124	13	0
124	14	0
124	15	0
124	16	0
124	17	0.043
124	18	0.118
124	19	0.118
124	20	0
124	21	0.1
124	22	0.227
124	23	0.095
124	24	0.118
124	25	0
124	26	0.067
124	27	0.067
124	28	0
124	29	0
124	30	0
124	31	0
124	32	0
124	33	0
124	34	0
124	35	0
124	36	0
124	37	0
124	38	0
124	39	0
124	40	0
124	41	0
124	42	0
124	43	0.375
124	44	0.304
124	45	0.314
124	46	0.407
124	47	0.375
125	0	0.167
125	1	0
125	2	0
125	3	0
125	4	0
125	5	0
125	6	0
125	7	0
125	8	0
125	9	0
125	10	0
125	11	0
125	12	0
125	13	0
125	14	0
125	15	0
125	16	0
125	17	0
125	18	0
125	19	0
125	20	0
125	27	0.6
125	28	0.222
125	29	0.667
125	30	0.1
125	31	0.438
125	32	0.333
125	33	0.5
125	34	0.143
125	35	0.4
125	36	0
125	37	0.333
125	38	0.5
125	39	0.444
125	40	0.333
125	41	0.462
125	42	0.556
125	43	0.462
125	44	0.609
125	45	0.516
125	46	0.455
125	47	0.375
126	0	0.357
126	1	0
126	2	0
126	3	0
126	4	0
126	19	0.1
126	20	0.105
126	21	0.111
126	22	0.107
126	23	0.111
126	24	0.071
126	25	0.067
126	26	0.083
126	27	0.125
126	28	0.107
126	29	0.333
126	30	0.364
126	31	0.435
126	32	0.333
126	33	0.3
126	34	0.214
126	35	0.077
126	36	0
126	37	0.125
126	38	0.5
126	39	0.25
126	40	0.25
126	41	0.471
126	42	0.333
126	43	0.571
126	44	0.464
126	45	0.65
126	46	0.444
126	47	0.143
127	0	0.091
127	1	0
127	2	0
127	3	0.118
127	4	0
127	5	0
127	6	0
127	7	0
127	8	0
127	9	0
127	10	0
127	11	0
127	12	0
127	13	0.05
127	14	0.053
127	15	0
127	16	0
127	17	0.02
127	18	0.091
127	19	0.143
127	20	0.118
127	21	0.143
127	22	0.222
127	23	0.375
127	45	0.571
127	46	0.391
127	47	0.188
128	18	0
128	19	0
128	20	0.08
128	21	0.133
128	22	0.143
128	23	0.167
128	24	0.171
128	25	0.3
128	26	0.231
128	27	0.235
128	28	0.333
128	29	0.625
128	30	0.5
128	31	0.25
128	32	0.429
128	33	0.5
128	34	0.385
128	35	0.429
128	36	0.25
128	37	0.3
128	38	0.75
128	39	0.25
128	40	0.455
128	41	0.583
128	42	0.375
128	43	0.636
128	44	0.65
128	45	0.545
128	46	0.722
128	47	0
129	0	0
129	1	0.2
129	2	0
129	3	0.273
129	4	0
129	5	0
129	6	0
129	7	0
129	8	0
129	10	0
129	11	0
129	12	0
129	13	0
129	14	0
129	15	0
129	16	0
129	17	0
129	18	0
129	19	0.143
129	20	0
129	21	0
129	22	0.308
129	23	0.444
129	24	0.125
129	25	0.75
129	26	0.667
129	27	0.206
129	28	0.326
129	29	0.452
129	30	0.316
129	31	0.382
129	32	0.448
129	33	0.355
129	34	0.385
129	35	0.167
129	36	0
129	37	0.143
129	38	0
129	39	0.167
129	40	0.4
129	41	0.333
129	47	0.545
130	0	0.222
130	1	0
130	2	0
130	3	0
130	4	0
130	5	0
130	6	0
130	7	0
130	8	0
130	9	0
130	10	0
130	11	0
130	12	0
130	13	0.1
130	14	0
130	15	0
130	16	0
130	17	0
130	18	0.095
130	19	0
130	20	0
130	35	0.333
130	36	0
130	37	0.211
130	38	0.375
130	39	0.308
130	40	0.4
130	41	0.25
130	42	0.429
130	43	0.238
130	44	0.643
130	45	0.662
130	46	0.318
130	47	0
131	0	0
131	1	0.333
131	2	0.13
131	3	0
131	4	0
131	5	0
131	6	0
131	7	0
131	8	0
131	9	0
131	10	0
131	11	0
131	12	0
131	13	0.167
131	14	0
131	15	0
131	16	0
131	17	0
131	18	0
131	19	0
131	20	0
131	21	0
131	22	0
131	23	0
131	24	0.042
131	25	0
131	26	0
131	27	0.05
131	28	0.074
131	29	0.222
131	30	0.375
131	31	0.083
131	32	0.077
131	33	0
131	34	0.056
131	35	0.143
131	36	0
131	37	0.2
131	38	0
131	40	0
131	42	0
131	43	0
131	46	0.815
131	47	0.5
132	0	0.231
132	1	0
132	2	0
132	3	0.333
132	4	0
132	5	0
132	6	0
132	7	0
132	8	0
132	9	0
132	10	0
132	11	0
132	12	0
132	13	0
132	14	0
132	15	0
132	16	0
132	17	0
132	18	0
132	19	0
132	20	0
132	21	0
132	22	0
132	23	0
132	24	0
132	25	0
132	26	0
132	27	0
132	28	0
132	29	0
132	30	0.2
132	31	0
132	32	0
132	33	0
132	34	0
132	35	0
132	37	0.091
132	38	0
132	39	0.231
132	40	0.3
132	41	0.211
132	42	0.25
132	43	0.263
132	44	0.429
132	45	0.513
132	46	0.586
132	47	0.269
133	0	0.644
133	1	0.062
133	2	0.085
133	14	1
133	15	0
133	16	0
133	17	0
133	18	0
133	19	0
133	20	0.167
133	21	0.143
133	22	0.188
133	23	0.083
133	24	0.1
133	25	0.143
133	26	0.111
133	27	0.091
133	28	0.143
133	29	0.25
133	30	0.5
133	31	0.6
133	32	0.6
133	33	0.714
133	34	0.375
133	35	0.429
133	36	1
133	37	0.5
133	38	0.5
133	39	0.4
133	40	0.286
133	41	0.1
133	42	0.286
133	43	0.5
133	44	0.643
133	45	0.6
134	0	0
134	1	0
134	2	0
134	3	0
134	4	0.03
134	5	0
134	6	0
134	7	0
134	8	0
134	9	0
134	10	0
134	11	0
134	12	0
134	13	0
134	14	0.333
134	15	0
134	16	0
134	17	0
134	18	0.067
134	19	0
134	20	0
134	21	0
134	22	0
134	23	0
134	24	0
134	25	0
134	26	0
134	27	0
134	28	0
134	29	0.5
134	30	0
134	31	0.5
134	32	0.333
134	33	0.308
134	34	0.667
134	35	0.5
134	36	0
134	37	0
134	38	0
134	39	0.333
134	40	0.333
134	41	1
134	42	0.667
134	43	1
134	44	0.571
134	45	0.727
134	46	0.579
134	47	0.556
135	7	0
135	8	0
135	9	0
135	10	0
135	11	0
135	12	0
135	13	0
135	14	0.037
135	15	0
135	16	0
135	19	0
135	20	0
135	21	0
135	22	0
135	23	0
135	24	0
135	25	0
135	26	0
135	27	0
135	28	0
135	29	0.583
135	30	0.5
135	31	0.308
135	32	0.4
135	33	0.467
135	34	0.333
135	35	0.3
135	36	0
135	37	0.538
135	38	0.25
135	39	0.5
135	40	0.167
135	41	0.4
136	0	0.056
136	1	0.143
136	2	0
136	3	0.077
136	4	0
136	5	0
136	6	0
136	7	0
136	16	0
136	17	0
136	18	0.016
136	41	0.4
136	42	0.25
136	43	0.455
136	44	0.45
136	45	0.714
136	46	0.667
136	47	0.571
137	7	0
137	8	0
137	9	0
137	10	0
137	11	0
137	12	0
137	13	0.062
137	14	0
137	15	0
137	16	0
137	17	0
137	18	0
137	19	0.034
137	20	0.066
137	21	0
137	22	0.088
138	18	0.048
138	19	0
138	20	0.088
138	21	0.136
138	22	0.194
138	23	0.108
138	24	0.137
138	25	0.092
138	26	0.08
138	27	0.2
139	26	0.103
139	27	0.098
139	28	0.103
139	29	0.388
139	30	0.208
139	31	0.397
139	32	0.467
139	33	0.382
139	34	0.545
140	31	0.091
140	32	0.311
140	33	0.25
140	34	0.24
140	35	0.24
140	36	0.4
140	37	0.286
140	38	0.571
140	39	0.375
140	40	0.353
140	41	0.536
140	42	0.619
140	43	0.5
140	44	0.62
140	45	0.2
141	0	0.5
141	1	0
141	2	1
141	3	0.5
141	4	0
141	5	0
141	6	0
141	7	0
141	8	0
141	9	0
141	10	0
141	11	0
141	12	0
141	13	0.25
141	14	0
141	16	0
141	17	0
141	18	0
141	19	0.5
141	20	1
141	21	1
141	22	1
141	23	1
141	24	0.75
141	25	0
141	26	0.5
141	27	0.5
141	28	0.333
141	29	0.2
141	30	0.5
141	31	0.2
141	32	0.333
141	33	0.333
141	34	0.5
141	35	0.261
141	36	0.167
141	37	0.257
141	38	0.2
141	39	0.28
141	40	0.409
141	41	0.412
141	45	0.769
141	46	0.558
141	47	0.556
142	0	0.02
142	1	0.25
142	2	0
142	3	0.091
142	4	0
142	5	0
142	6	0
142	7	0
142	8	0
142	10	0
142	11	0
142	12	0
142	13	0
142	14	0.167
142	15	0
142	16	0
142	17	0
142	18	0
142	19	0
142	20	0
142	21	0
142	22	0
142	23	0
142	24	0
142	25	0
142	37	0.5
142	38	0
142	39	0.333
142	40	0.333
142	41	0.391
142	42	0.414
142	43	0.458
142	44	0.661
142	45	1
142	46	0.5
142	47	0.667
143	0	0
143	1	0.2
143	2	0.222
143	3	0.19
143	4	0
143	5	0
143	25	0
143	26	0
143	27	0
143	28	0
143	29	0.375
143	30	0.4
143	31	0.545
143	32	0.4
143	33	0.444
143	34	0
143	35	0
143	36	0
143	37	0
143	38	0
143	39	0
143	40	0.25
143	41	0.167
143	42	0
143	43	0.286
143	44	0.429
143	45	0.635
143	46	0.591
143	47	0.222
