"time"	"distance"	"value"
36	0	0.34
36	1	0.463
36	2	0.5
36	3	0.35
36	4	0.35
36	5	0.105
36	6	0.214
36	7	0.2
36	8	0.5
36	9	0.267
36	10	0.382
36	11	0.214
36	12	0.429
36	13	0.341
36	14	0.217
36	15	0.214
36	16	0.2
36	17	0.143
36	18	0.3
36	19	0.188
36	20	0.444
36	21	0.385
36	22	0.333
36	23	0.778
36	24	0.415
36	25	0.133
36	26	0.045
36	27	0
36	28	0.1
36	29	0.071
36	30	0.2
36	31	0.1
36	32	0
36	33	0
36	34	0
36	35	0
36	36	0
36	37	0
36	38	0
36	39	0
36	40	0
36	41	0
36	42	0
36	43	0
36	44	0
36	45	0
36	46	0.042
36	47	0.08
36	48	0.059
36	49	0.077
36	50	0
36	51	0
36	52	0
36	53	0
36	54	0
36	55	0
36	56	0
36	57	0.024
37	0	0.593
37	1	0.714
37	2	0.5
37	3	0.222
37	4	0.3
37	5	0.333
37	6	0.5
37	7	0.556
37	8	0.2
37	9	0.636
37	10	0.706
37	11	0.571
37	12	0.818
37	13	0.714
37	14	0.588
37	15	0.6
37	16	1
37	17	0.167
37	18	0.5
37	19	0.364
37	20	0.25
37	21	0.2
37	22	0.467
37	23	0.714
37	24	0.69
37	25	0.229
37	26	0.125
37	27	0.25
37	28	0.125
37	29	0.333
37	30	0.65
37	31	0.625
37	32	0
37	33	0
37	34	0
37	35	0
37	36	0
37	37	0
37	38	0
37	39	0
37	40	0
37	41	0
37	42	0
37	43	0
37	44	0
37	45	0
37	46	0.286
37	47	0.2
37	48	0
37	49	0.333
37	50	0.2
37	51	0
37	52	0
37	53	0
37	54	0
37	55	0
37	56	0
37	57	0.05
38	0	0.635
38	1	0.594
38	2	0.381
38	3	0.211
38	4	0.286
38	5	0.462
38	6	0.125
38	7	0.25
38	8	0.125
38	9	0.5
38	10	0.607
38	11	0.435
38	12	0.44
38	13	0.333
38	14	0.389
38	15	0.533
38	16	0.5
38	17	0.071
38	18	0.333
38	19	0.25
38	20	0.286
38	21	0.375
38	22	0.375
38	23	0.9
38	24	0.667
38	25	0.207
38	26	0.1
38	27	0
38	28	0.25
38	29	0.667
38	30	0.4
38	31	0.308
38	32	0.062
38	33	0.105
38	34	0.067
38	35	0
38	36	0
38	37	0.273
38	38	0.182
38	39	0.167
38	40	0.1
38	41	0
38	42	0.3
38	43	0.188
38	44	0.154
38	45	0.182
38	46	0.1
38	47	0.2
38	48	0.25
38	49	0.1
38	50	0.143
38	51	0.2
38	52	0.2
38	53	0.2
38	54	0.2
38	55	0.188
38	56	0.333
38	57	0
40	0	0.548
40	1	0.763
40	2	0.556
40	3	0.429
40	4	0.462
40	5	0.167
40	6	0.375
40	7	0.222
40	8	0.167
40	9	0.167
40	10	0.643
40	11	0.6
40	12	0.571
40	13	0.615
40	14	0.538
40	15	0.526
40	16	0.667
40	17	0.25
40	18	0.333
40	19	0.2
40	20	0
40	21	0.222
40	22	0.4
40	23	0.7
40	24	0.514
40	25	0.235
40	26	0.059
40	27	0.5
40	28	0
40	29	0
40	30	0.15
40	31	0.111
40	32	0.077
40	33	0.133
40	34	0
40	35	0
40	36	0.111
40	37	0.118
40	38	0.077
40	39	0
40	40	0.25
40	41	0
40	42	0.083
40	43	0.125
40	44	0
40	45	0
40	46	0
40	47	0.077
40	48	0
40	49	0
40	50	0.067
40	51	0.125
40	52	0.083
40	53	0.077
40	54	0
40	55	0.077
40	56	0.125
40	57	0.045
41	0	0.448
41	1	0.444
41	2	0.265
41	3	0.233
41	4	0.259
41	5	0.308
41	6	0.333
41	7	0.2
41	8	0.278
41	9	0.318
41	10	0.378
41	11	0.389
41	12	0.406
41	13	0.352
41	14	0.273
41	15	0.364
41	16	0.25
41	17	0.133
41	18	0.385
41	19	0.333
41	20	0.312
41	21	0.125
41	22	0.611
41	23	0.667
41	24	0.645
41	25	0.175
41	26	0.053
41	27	0.083
41	28	0
41	29	0.167
41	30	0.314
41	31	0.132
41	32	0
41	33	0
41	34	0
41	35	0
41	36	0
41	37	0
41	38	0
41	39	0.034
41	40	0
41	41	0
41	42	0.05
41	43	0
41	44	0
41	45	0
41	46	0.074
41	47	0.031
41	48	0.115
41	49	0.067
41	50	0.087
41	51	0
41	52	0.05
41	53	0.071
41	54	0.071
41	55	0
41	56	0.067
41	57	0.122
42	0	0.7
42	1	0.833
42	2	0.571
42	3	0.667
42	4	0.833
42	5	0
42	6	0.667
42	7	0.333
42	9	0.5
42	10	0.727
42	11	0.5
42	12	0.625
42	13	0.833
42	14	0.667
42	15	0.333
42	17	0
42	18	0.25
42	19	0
42	20	0.333
42	21	0.667
42	22	0.667
42	23	0.833
42	24	0.812
42	25	0.444
42	26	0.333
42	27	0.667
42	28	0
42	29	0.167
42	30	0.588
42	31	0.154
42	32	0
42	33	0
42	34	0
42	35	0
42	36	0.25
42	37	0.444
42	38	0.222
42	39	0.143
42	40	0
42	41	0.333
42	42	0
42	43	0
42	44	0.4
42	45	0.4
42	46	0.333
42	47	0.25
42	48	0.333
42	49	0
42	50	0
42	51	0
42	52	0
42	53	0
42	55	0
42	56	0
42	57	0.118
43	0	0.581
43	1	0.636
43	2	0.364
43	3	0.3
43	4	0.4
43	5	0.333
43	6	0
43	7	0.556
43	8	0.667
43	9	0.7
43	10	0.688
43	11	0.438
43	12	0.692
43	13	0.611
43	14	0.538
43	15	0.5
43	16	0.5
43	17	0.25
43	18	0.444
43	19	0.5
43	20	0.333
43	21	0.5
43	22	0.684
43	23	0.75
43	24	0.724
43	25	0.381
43	26	0.214
43	27	0.333
43	28	0
43	29	0.2
43	30	0.667
43	31	0.148
43	32	0.286
43	33	0.167
43	34	0.143
43	35	0.125
43	36	0.167
43	37	0.111
43	38	0.273
43	39	0.091
43	40	0
43	41	0.125
43	42	0.333
43	43	0
43	44	0.143
43	45	0.143
43	46	0.1
43	47	0.364
43	48	0.375
43	49	0.111
43	50	0.083
43	51	0.111
43	52	0.125
43	53	0.2
43	54	0.167
43	55	0
43	56	0.2
43	57	0.171
44	0	0.466
44	1	0.353
44	2	0.241
44	3	0.182
44	4	0.231
44	5	0
44	6	0.143
44	7	0.182
44	8	0
44	9	0.2
44	10	0.304
44	11	0.185
44	12	0.333
44	13	0.343
44	14	0.227
44	15	0.667
44	16	0.5
44	17	0.4
44	18	0.143
44	19	0.308
44	20	0.286
44	21	0.364
44	22	0.318
44	23	0.632
44	24	0.511
44	25	0.188
44	26	0.087
44	27	0
44	28	0.222
44	29	0.429
44	30	0.35
44	31	0.156
44	32	0
44	33	0
44	34	0
44	35	0
44	36	0
44	37	0
44	38	0
44	39	0
44	40	0
44	41	0
44	42	0
44	43	0
44	44	0
44	45	0
44	46	0
44	47	0.048
44	48	0
44	49	0
44	50	0
44	51	0
44	52	0
44	53	0
44	54	0
44	55	0
44	56	0
44	57	0.114
45	0	0.282
45	1	0.582
45	2	0.333
45	3	0.167
45	4	0.214
45	5	0
45	6	0.4
45	7	0.091
45	8	0.333
45	9	0.533
45	10	0.444
45	11	0.269
45	12	0.25
45	13	0.429
45	14	0.429
45	15	0.333
45	16	0.5
45	17	0.455
45	18	0.333
45	19	0.5
45	20	0.286
45	21	0.333
45	22	0.407
45	23	0.909
45	24	0.426
45	25	0.323
45	26	0
45	27	0
45	28	0
45	29	0
45	30	0.05
45	31	0.147
45	32	0
45	33	0
45	34	0
45	35	0
45	36	0
45	37	0
45	38	0.04
45	39	0.067
45	40	0
45	41	0
45	42	0.059
45	43	0
45	44	0.083
45	45	0
45	46	0
45	47	0.125
45	48	0.062
45	49	0.091
45	50	0.143
45	51	0
45	52	0.182
45	53	0.105
45	54	0.154
45	55	0.071
45	56	0.167
45	57	0.133
46	0	0.727
46	1	0.804
46	2	0.556
46	3	0.438
46	4	0.4
46	5	0.125
46	6	0.4
46	7	0.273
46	8	0.5
46	9	0.583
46	10	0.571
46	11	0.4
46	12	0.5
46	13	0.682
46	14	0.667
46	15	0.385
46	17	0.4
46	18	0.167
46	19	0.714
46	20	0.2
46	21	0.667
46	22	0.529
46	23	0.545
46	24	0.562
46	25	0.389
46	26	0.357
46	27	1
46	28	0
46	30	0.444
46	31	0.3
46	32	0.125
46	33	0.143
46	34	0.071
46	35	0.083
46	36	0.25
46	37	0.154
46	38	0.231
46	39	0.091
46	40	0
46	41	0.167
46	42	0.333
46	43	0.333
46	44	0
46	45	0.167
46	46	0
46	47	0.143
46	48	0.167
46	49	0.25
46	50	0.111
46	51	0.25
46	52	0.167
46	53	0.231
46	54	0.375
46	55	0.25
46	56	0
46	57	0.333
47	0	0.397
47	1	0.471
47	2	0.308
47	3	0.206
47	4	0.273
47	5	0.214
47	6	0.281
47	7	0.118
47	8	0.3
47	9	0.409
47	10	0.425
47	11	0.341
47	12	0.361
47	13	0.278
47	14	0.36
47	15	0.087
47	16	0.5
47	17	0.077
47	18	0.231
47	19	0.167
47	20	0.214
47	21	0.167
47	22	0.412
47	23	0.533
47	24	0.493
47	25	0.146
47	26	0.107
47	27	0
47	28	0.083
47	29	0.2
47	30	0.52
47	31	0.256
47	32	0
47	33	0
47	34	0
47	35	0
47	36	0
47	37	0
47	38	0
47	39	0
47	40	0
47	41	0
47	42	0
47	43	0
47	44	0
47	45	0
47	46	0
47	47	0.111
47	48	0.115
47	49	0
47	50	0.057
47	51	0
47	52	0.091
47	53	0.033
47	54	0.053
47	55	0
47	56	0.059
47	57	0.012
48	0	0.683
48	1	0.649
48	2	0.429
48	3	0.231
48	4	0.2
48	5	0.25
48	6	0.286
48	7	0.167
48	8	0.5
48	9	0.143
48	10	0.308
48	11	0.312
48	12	0.636
48	13	0.435
48	14	0.364
48	15	0.1
48	16	0.333
48	17	0.143
48	18	0.143
48	19	0.333
48	20	0.25
48	21	0
48	22	0.364
48	23	0.667
48	24	0.409
48	25	0.077
48	26	0.111
48	27	0
48	28	0
48	29	0
48	30	0
48	31	0
48	32	0
48	33	0
48	34	0
48	35	0
48	36	0
48	37	0
48	38	0
48	39	0
48	40	0
48	41	0
48	42	0
48	43	0
48	44	0
48	45	0
48	46	0
48	47	0.091
48	48	0
48	49	0
48	50	0
48	51	0
48	52	0
48	53	0
48	54	0
48	55	0
48	56	0
48	57	0
49	0	0.477
49	1	0.341
49	2	0.273
49	3	0.111
49	4	0.273
49	5	0.167
49	6	0.182
49	7	0.143
49	8	0.333
49	9	0
49	10	0.286
49	11	0.304
49	12	0.444
49	13	0.5
49	14	0.389
49	15	0.467
49	16	0.5
49	17	0.444
49	18	0.222
49	19	0.444
49	20	0.4
49	21	0.4
49	22	0.25
49	23	1
49	24	0.379
49	25	0.111
49	26	0.133
49	27	0.2
49	28	0
49	29	0
49	30	0.167
49	31	0.143
49	32	0
49	33	0
49	34	0
49	35	0
49	36	0
49	37	0
49	38	0
49	39	0
49	40	0
49	41	0
49	42	0
49	43	0
49	44	0
49	45	0
49	46	0
49	47	0
49	48	0.125
49	49	0
49	50	0.083
49	51	0.167
49	52	0
49	53	0.059
49	54	0.2
49	55	0.143
49	56	0
49	57	0
50	0	0.216
50	1	0.225
50	2	0.278
50	3	0.211
50	4	0.176
50	5	0.1
50	6	0.2
50	7	0.357
50	8	0
50	9	0.111
50	10	0.211
50	11	0.241
50	12	0.267
50	13	0.303
50	14	0.304
50	15	0.182
50	16	0.333
50	17	0.182
50	18	0
50	19	0.357
50	20	0.333
50	21	0.273
50	22	0.35
50	23	0.9
50	24	0.462
50	25	0.143
50	26	0.048
50	27	0
50	28	0
50	29	0
50	30	0.143
50	31	0.091
50	32	0
50	33	0
50	34	0
50	35	0
50	36	0
50	37	0
50	38	0
50	39	0
50	40	0
50	41	0
50	42	0
50	43	0
50	44	0
50	45	0
50	46	0
50	47	0.056
50	48	0
50	49	0.077
50	50	0.05
50	51	0
50	52	0.1
50	53	0.056
50	54	0.083
50	55	0
50	56	0
50	57	0
51	0	0.2
51	1	0.33
51	2	0.378
51	3	0.114
51	4	0.114
51	5	0.227
51	6	0.05
51	7	0.152
51	8	0
51	9	0
51	10	0.167
51	11	0.132
51	12	0.278
51	13	0.25
51	14	0.3
51	15	0.158
51	16	0.1
51	17	0.12
51	18	0.077
51	19	0.25
51	20	0.214
51	21	0.333
51	22	0.209
51	23	0.333
51	24	0.451
51	25	0.128
51	26	0
51	27	0
51	28	0
51	29	0
51	30	0.045
51	31	0.111
51	32	0
51	33	0
51	34	0
51	35	0
51	36	0
51	37	0
51	38	0
51	39	0
51	40	0
51	41	0
51	42	0
51	43	0
51	44	0
51	45	0
51	46	0
51	47	0.029
51	48	0.027
51	49	0
51	50	0
51	51	0
51	52	0
51	53	0
51	54	0
51	55	0
51	56	0
51	57	0
53	0	0.069
53	1	0.072
53	2	0.081
53	3	0.074
53	4	0.111
53	5	0
53	6	0.105
53	7	0
53	8	0
53	9	0.083
53	10	0.062
53	11	0.13
53	12	0.094
53	13	0.163
53	14	0.176
53	15	0.15
53	16	0.2
53	17	0.308
53	18	0
53	19	0.13
53	20	0
53	21	0.091
53	22	0.121
53	23	0.048
53	24	0.163
53	25	0
53	26	0
53	27	0
53	28	0
53	29	0
53	30	0
53	31	0
53	32	0
53	33	0
53	34	0
53	35	0
53	36	0
53	37	0
53	38	0
53	39	0
53	40	0
53	41	0
53	42	0
53	43	0
53	44	0
53	45	0
53	46	0
53	47	0
53	48	0
53	49	0
53	50	0
53	51	0
53	52	0
53	53	0
53	54	0
53	55	0
53	56	0
53	57	0
54	0	0.196
54	1	0.225
54	2	0.154
54	3	0.227
54	4	0.136
54	5	0
54	6	0.118
54	7	0.19
54	8	0
54	9	0.182
54	10	0.19
54	11	0.29
54	12	0.231
54	13	0.391
54	14	0.286
54	15	0.105
54	16	0.333
54	17	0.316
54	18	0.143
54	19	0.2
54	20	0.167
54	21	0.111
54	22	0.423
54	23	0.5
54	24	0.404
54	25	0.027
54	26	0.033
54	27	0
54	28	0
54	29	0
54	30	0
54	31	0.031
54	32	0
54	33	0
54	34	0
54	35	0
54	36	0
54	37	0
54	38	0
54	39	0
54	40	0
54	41	0
54	42	0
54	43	0
54	44	0
54	45	0
54	46	0
54	47	0
54	48	0.042
54	49	0
54	50	0
54	51	0
54	52	0
54	53	0
54	54	0
54	55	0
54	56	0.167
54	57	0.011
55	0	0.242
55	1	0.267
55	2	0.188
55	3	0.067
55	4	0.1
55	5	0.091
55	6	0.125
55	7	0.111
55	8	0
55	9	0.2
55	10	0.333
55	11	0.25
55	12	0.421
55	13	0.259
55	14	0.444
55	15	0.2
55	16	0
55	17	0
55	18	0.286
55	19	0.182
55	20	0.167
55	21	0
55	22	0.316
55	23	0.444
55	24	0.452
55	25	0.273
55	26	0.143
55	27	0.5
55	28	0
55	29	0
55	30	0
55	31	0.2
55	32	0
55	33	0
55	34	0
55	35	0
55	36	0
55	37	0
55	38	0
55	39	0
55	40	0
55	41	0
55	42	0
55	43	0
55	44	0
55	45	0
55	46	0
55	47	0
55	48	0
55	49	0
55	50	0
55	51	0
55	52	0
55	53	0
55	54	0
55	55	0
55	56	0
55	57	0.032
56	0	0.125
56	1	0.105
56	2	0
56	3	0
56	4	0
56	5	0
56	6	0
56	7	0.091
56	8	0
56	9	0
56	10	0.1
56	11	0.053
56	12	0.222
56	13	0.242
56	14	0.2
56	15	0.1
56	17	0.091
56	18	0
56	19	0.25
56	20	0.25
56	21	0.222
56	22	0.381
56	23	0.25
56	24	0.433
56	25	0
56	26	0
56	27	0
56	28	0
56	29	0
56	30	0
56	31	0
56	32	0
56	33	0
56	34	0
56	35	0
56	36	0
56	37	0
56	38	0
56	39	0
56	40	0
56	41	0
56	42	0
56	43	0
56	44	0
56	45	0
56	46	0
56	47	0
56	48	0
56	49	0
56	50	0
56	51	0
56	52	0
56	53	0
56	54	0
56	55	0
56	56	0
56	57	0.002
57	0	0.341
57	1	0.282
57	2	0.258
57	3	0.05
57	4	0.143
57	5	0.083
57	6	0.25
57	7	0.214
57	8	0.2
57	9	0.2
57	10	0.25
57	11	0.469
57	12	0.353
57	13	0.283
57	14	0.24
57	15	0.417
57	16	0.4
57	17	0.214
57	18	0.125
57	19	0.263
57	20	0.222
57	21	0.222
57	22	0.167
57	23	0.25
57	24	0.25
57	25	0.103
57	26	0
57	27	0
57	28	0
57	29	0
57	30	0
57	31	0
57	32	0
57	33	0
57	34	0
57	35	0
57	36	0
57	37	0
57	38	0
57	39	0
57	40	0
57	41	0
57	42	0
57	43	0
57	44	0
57	45	0
57	46	0
57	47	0
57	48	0
57	49	0
57	50	0
57	51	0
57	52	0
57	53	0
57	54	0
57	55	0
57	56	0
57	57	0.008
58	0	0.167
58	1	0.4
58	2	0
58	3	0
58	4	0
58	5	0
58	6	0
58	7	0
58	9	0
58	10	0
58	11	0
58	12	0
58	13	0
58	14	0
58	15	0
58	16	0
58	17	0
58	18	0
58	19	0
58	20	0
58	22	0
58	24	0
58	25	0
58	26	0
58	27	1
58	28	0
58	30	0
58	31	0
58	32	0
58	34	0
58	35	0
58	36	0
58	37	0
58	38	0
58	39	0
58	41	0
58	42	0
58	43	0
58	44	0
58	45	0
58	46	0
58	47	0
58	49	0
58	50	0
58	51	0
58	52	0
58	53	0
58	54	0
58	55	0
58	56	0
58	57	0.017
59	0	0.158
59	1	0.308
59	2	0.28
59	3	0.227
59	4	0.125
59	5	0.2
59	6	0.2
59	7	0.273
59	8	0.25
59	9	0
59	10	0.2
59	11	0.333
59	12	0.214
59	13	0.222
59	14	0.267
59	15	0.5
59	16	0.333
59	17	0.357
59	18	0.143
59	19	0.333
59	20	0
59	21	0.429
59	22	0.182
59	23	0.286
59	24	0.353
59	25	0.05
59	26	0
59	27	0
59	28	0
59	29	0
59	30	0
59	31	0.111
59	32	0
59	33	0
59	34	0
59	35	0
59	36	0
59	37	0
59	38	0
59	39	0
59	40	0
59	41	0
59	42	0
59	43	0
59	44	0
59	45	0
59	46	0
59	47	0
59	48	0
59	49	0
59	50	0
59	51	0
59	52	0
59	53	0
59	54	0
59	55	0
59	56	0
59	57	0
60	0	0.156
60	1	0.206
60	2	0.286
60	3	0.188
60	4	0.158
60	5	0.2
60	6	0.286
60	7	0.111
60	8	0.286
60	9	0.2
60	10	0.182
60	11	0.235
60	12	0.25
60	13	0.207
60	14	0.062
60	15	0.375
60	16	0.25
60	17	0
60	18	0.375
60	19	0.091
60	20	0
60	21	0
60	22	0.167
60	23	0.2
60	24	0.2
60	25	0.045
60	26	0.056
60	27	0
60	28	0.2
60	29	0
60	30	0
60	31	0.043
60	32	0
60	33	0
60	34	0
60	35	0
60	36	0
60	37	0
60	38	0
60	39	0
60	40	0
60	41	0
60	42	0
60	43	0
60	44	0
60	45	0
60	46	0
60	47	0
60	48	0
60	49	0
60	50	0
60	51	0
60	52	0
60	53	0
60	54	0
60	55	0
60	56	0
60	57	0.005
61	0	0.111
61	1	0.207
61	2	0.167
61	3	0.067
61	4	0.1
61	5	0.222
61	6	0
61	7	0
61	8	0
61	9	0
61	10	0
61	11	0.067
61	12	0.083
61	13	0.233
61	14	0.115
61	15	0
61	17	0
61	18	0
61	19	0.182
61	20	0.143
61	21	0
61	22	0.077
61	23	0.111
61	24	0.185
61	25	0.188
61	26	0.067
61	27	0.143
61	28	0
61	29	0
61	30	0
61	31	0.059
61	32	0
61	33	0
61	34	0
61	35	0
61	36	0
61	37	0
61	38	0
61	39	0
61	40	0
61	41	0
61	42	0
61	43	0
61	44	0
61	45	0
61	46	0
61	47	0
61	48	0.111
61	49	0
61	50	0
61	51	0
61	52	0
61	53	0
61	54	0
61	55	0
61	56	0.143
61	57	0.031
62	0	0.106
62	1	0.059
62	2	0.049
62	3	0.02
62	4	0.044
62	5	0
62	6	0.036
62	7	0.024
62	8	0
62	9	0.037
62	10	0.057
62	11	0.043
62	12	0.039
62	13	0.06
62	14	0.05
62	15	0.029
62	16	0.143
62	17	0
62	18	0
62	19	0.056
62	20	0
62	21	0
62	22	0.103
62	23	0.12
62	24	0.154
62	25	0.031
62	26	0.016
62	27	0
62	28	0.056
62	29	0
62	30	0.062
62	31	0.038
62	32	0
62	33	0
62	34	0
62	35	0
62	36	0
62	37	0
62	38	0
62	39	0
62	40	0
62	41	0
62	42	0
62	43	0
62	44	0
62	45	0
62	46	0
62	47	0
62	48	0.065
62	49	0
62	50	0
62	51	0
62	52	0
62	53	0
62	54	0
62	55	0
62	56	0.083
62	57	0.01
63	0	0.667
63	1	0.5
63	2	0.5
63	3	0
63	4	0
63	6	0
63	8	0
63	9	0
63	10	0
63	11	0
63	12	0.5
63	13	0.5
63	14	0.5
63	19	0.5
63	20	0.5
63	21	0
63	22	1
63	23	0.5
63	24	0.333
63	25	0
63	26	0
63	28	0
63	31	0
63	32	0
63	33	0
63	34	0
63	36	0
63	37	0
63	38	0
63	40	0
63	42	0
63	43	0
63	44	0
63	46	0
63	47	0
63	48	0
63	49	0
63	50	0
63	51	0
63	52	0
63	53	0
63	54	0
63	55	0
63	57	0
64	0	0.167
64	1	0.112
64	2	0.159
64	3	0.073
64	4	0.081
64	5	0.056
64	6	0
64	7	0
64	8	0
64	9	0.062
64	10	0.048
64	11	0.127
64	12	0.139
64	13	0.116
64	14	0.116
64	15	0.111
64	16	0.143
64	17	0.067
64	18	0.067
64	19	0.034
64	20	0.077
64	21	0.154
64	22	0.204
64	23	0.25
64	24	0.171
64	25	0.073
64	26	0.05
64	27	0
64	28	0
64	29	0.125
64	30	0.071
64	31	0.077
64	32	0.042
64	33	0
64	34	0
64	35	0
64	36	0
64	37	0
64	38	0
64	39	0
64	40	0
64	41	0
64	42	0
64	43	0
64	44	0
64	45	0
64	46	0
64	47	0.057
64	48	0.03
64	49	0
64	50	0
64	51	0
64	52	0
64	53	0
64	54	0
64	55	0
64	56	0
64	57	0.024
65	0	0
65	1	0
65	2	0.667
65	3	0
65	4	1
65	5	0
65	6	0
65	7	0
65	8	0
65	10	0.333
65	11	0.75
65	12	1
65	13	0.333
65	14	0.333
65	17	0
65	20	0
65	21	0
65	22	0
65	24	0
65	25	0
65	26	0
65	27	0
65	28	0
65	30	0
65	31	0
65	32	0
65	33	0
65	34	0
65	35	0
65	37	0
65	38	0
65	39	0
65	40	0
65	41	0
65	42	0
65	43	0
65	44	0
65	45	0
65	46	0
65	47	0
65	48	0
65	49	0
65	50	0
65	51	0
65	52	0
65	53	0
65	54	0
65	55	0
65	56	0
65	57	0
66	0	0.132
66	1	0.31
66	2	0.239
66	3	0.123
66	4	0.213
66	5	0.162
66	6	0.111
66	7	0.114
66	8	0.136
66	9	0.095
66	10	0.128
66	11	0.261
66	12	0.172
66	13	0.12
66	14	0.179
66	15	0.143
66	16	0.222
66	17	0.038
66	18	0.154
66	19	0.038
66	20	0.148
66	21	0.059
66	22	0.121
66	23	0.2
66	24	0.195
66	25	0
66	26	0
66	27	0
66	28	0
66	29	0
66	30	0
66	31	0.016
66	32	0
66	33	0
66	34	0
66	35	0
66	36	0
66	37	0
66	38	0
66	39	0
66	40	0
66	41	0
66	42	0
66	43	0
66	44	0
66	45	0
66	46	0
66	47	0
66	48	0
66	49	0
66	50	0
66	51	0
66	52	0
66	53	0
66	54	0
66	55	0
66	56	0
66	57	0.091
67	0	0
67	1	0.222
67	2	0
67	3	0
67	4	0
67	5	0
67	6	0
67	7	0
67	9	0
67	10	0
67	11	0.167
67	12	0
67	13	0.143
67	14	0
67	15	0
67	16	0.5
67	17	0.5
67	18	0.5
67	19	0
67	21	0
67	22	0.25
67	23	0
67	24	0.625
67	25	0.6
67	26	0
67	27	0
67	29	0
67	30	0
67	31	0.5
67	33	0
67	34	0
67	35	0
67	36	0
67	37	0
67	38	0
67	39	0
67	40	0
67	41	0
67	42	0
67	43	0
67	44	0
67	45	0
67	46	0
67	47	0
67	48	0
67	49	0
67	50	0
67	51	0
67	52	0
67	53	0
67	54	0
67	55	0
67	56	0
67	57	0.111
68	0	0.179
68	1	0.294
68	2	0.353
68	3	0.133
68	4	0.312
68	5	0.333
68	6	0.222
68	7	0.1
68	8	0
68	9	0.167
68	10	0.167
68	11	0.316
68	12	0.214
68	13	0.233
68	14	0.067
68	15	0.125
68	16	0
68	17	0.1
68	18	0.25
68	19	0.143
68	20	0
68	21	0.4
68	22	0.188
68	23	0.167
68	24	0.259
68	25	0.133
68	26	0.167
68	27	0
68	28	0
68	29	0.2
68	30	0.2
68	31	0
68	32	0.077
68	33	0
68	34	0.1
68	35	0.143
68	36	0
68	37	0.111
68	38	0.056
68	39	0.067
68	40	0
68	41	0
68	42	0.062
68	43	0
68	44	0
68	45	0
68	46	0
68	47	0
68	48	0.071
68	49	0
68	50	0
68	51	0
68	52	0
68	53	0
68	54	0
68	55	0
68	56	0
68	57	0.028
69	0	0.195
69	1	0.311
69	2	0.13
69	3	0.143
69	4	0.167
69	5	0.111
69	6	0.15
69	7	0.2
69	8	0.25
69	9	0.182
69	10	0.444
69	11	0.29
69	12	0.45
69	13	0.31
69	14	0.316
69	15	0.125
69	16	0
69	17	0.3
69	18	0.143
69	19	0.375
69	20	0.1
69	21	0.429
69	22	0.304
69	23	0.333
69	24	0.286
69	25	0
69	26	0
69	27	0
69	28	0
69	29	0
69	30	0
69	31	0
69	32	0
69	33	0
69	34	0
69	35	0
69	36	0
69	37	0
69	38	0
69	39	0
69	40	0
69	41	0
69	42	0
69	43	0
69	44	0
69	45	0
69	46	0
69	47	0.062
69	48	0.077
69	49	0
69	50	0
69	51	0
69	52	0
69	53	0
69	54	0
69	55	0
69	56	0
69	57	0
70	0	0.189
70	1	0.255
70	2	0.174
70	3	0.182
70	4	0.091
70	5	0.091
70	6	0.125
70	7	0
70	8	0.125
70	9	0
70	10	0.158
70	11	0.281
70	12	0.333
70	13	0.209
70	14	0.231
70	15	0.143
70	16	0
70	17	0
70	18	0.2
70	19	0.083
70	20	0
70	21	0.125
70	22	0.16
70	23	0.385
70	24	0.404
70	25	0.258
70	26	0.15
70	27	0.333
70	28	0.143
70	29	0
70	30	0.273
70	31	0.2
70	32	0
70	33	0.056
70	34	0
70	35	0.095
70	36	0.062
70	37	0.067
70	38	0.034
70	39	0
70	40	0
70	41	0.048
70	42	0
70	43	0
70	44	0
70	45	0
70	46	0
70	47	0.125
70	48	0.188
70	49	0
70	50	0
70	51	0
70	52	0
70	53	0
70	54	0
70	55	0
70	56	0
70	57	0.043
71	0	0.152
71	1	0.192
71	2	0.167
71	3	0.129
71	4	0.097
71	5	0.059
71	6	0.118
71	7	0.136
71	8	0.067
71	9	0.067
71	10	0.094
71	11	0.31
71	12	0.214
71	13	0.113
71	14	0.148
71	15	0.188
71	16	0
71	17	0.118
71	18	0.1
71	19	0.118
71	20	0.273
71	21	0.083
71	22	0.219
71	23	0.261
71	24	0.31
71	25	0.121
71	26	0.023
71	27	0
71	28	0
71	29	0
71	30	0
71	31	0
71	32	0
71	33	0
71	34	0
71	35	0
71	36	0
71	37	0
71	38	0
71	39	0
71	40	0
71	41	0
71	42	0
71	43	0
71	44	0
71	45	0
71	46	0
71	47	0.1
71	48	0.308
71	49	0
71	50	0
71	51	0
71	52	0
71	53	0
71	54	0
71	55	0
71	56	0.235
71	57	0.132
72	0	0.091
72	1	0.192
72	2	0.136
72	3	0.167
72	4	0
72	5	0.111
72	6	0.077
72	7	0.143
72	8	0
72	9	0
72	10	0
72	11	0.1
72	12	0.077
72	13	0.2
72	14	0.083
72	15	0.125
72	16	0
72	17	0
72	18	0
72	19	0
72	20	0.2
72	21	0
72	22	0.118
72	23	0
72	24	0.211
72	25	0
72	26	0
72	27	0
72	28	0
72	29	0
72	30	0
72	31	0
72	32	0
72	33	0
72	34	0
72	35	0
72	36	0
72	37	0
72	38	0
72	39	0
72	40	0
72	41	0
72	42	0
72	43	0
72	44	0
72	45	0
72	46	0
72	47	0
72	48	0
72	49	0
72	50	0
72	51	0
72	52	0
72	53	0
72	54	0
72	55	0
72	56	0
72	57	0
73	0	0.023
73	1	0.086
73	2	0.043
73	3	0.05
73	4	0
73	5	0
73	6	0
73	7	0
73	8	0
73	9	0
73	10	0
73	11	0
73	12	0.067
73	13	0.103
73	14	0.071
73	15	0
73	16	0
73	17	0.091
73	18	0
73	19	0.25
73	20	0.5
73	21	0.2
73	22	0.2
73	23	0
73	24	0.231
73	25	0
73	26	0
73	27	0
73	28	0
73	29	0
73	30	0
73	31	0
73	32	0
73	33	0
73	34	0
73	35	0
73	36	0
73	37	0
73	38	0
73	39	0
73	40	0
73	41	0
73	43	0
73	45	0
73	46	0
73	47	0
73	48	0
74	0	0.261
74	1	0.244
74	2	0.154
74	3	0.143
74	4	0.125
74	5	0
74	6	0.071
74	7	0.133
74	8	0
74	9	0.1
74	10	0.211
74	11	0.2
74	12	0.19
74	13	0.241
74	14	0.048
74	15	0.2
74	16	0.2
74	17	0.1
74	18	0
74	19	0.182
74	20	0
74	21	0.125
74	22	0.136
74	23	0.273
74	24	0.25
74	25	0.111
74	26	0
74	27	0
74	28	0
74	29	0
74	30	0
74	31	0
74	32	0
74	33	0
74	34	0
74	35	0
74	36	0
74	37	0
74	38	0
74	39	0
74	40	0
74	41	0
74	42	0
74	43	0
74	44	0
74	45	0
74	46	0
74	47	0
74	48	0.182
74	49	0
74	50	0
74	51	0
74	52	0
74	53	0
74	54	0
74	55	0
74	56	0
74	57	0.036
75	0	0.295
75	1	0.449
75	2	0.375
75	3	0.182
75	4	0.259
75	5	0.143
75	6	0.176
75	7	0.062
75	8	0
75	9	0.24
75	10	0.457
75	11	0.366
75	12	0.217
75	13	0.412
75	14	0.263
75	15	0.158
75	16	0
75	17	0.2
75	18	0
75	19	0.091
75	20	0.091
75	21	0.333
75	22	0.423
75	23	0.538
75	24	0.559
75	25	0.167
75	26	0.081
75	27	0
75	28	0
75	29	0
75	30	0
75	31	0
75	32	0
75	33	0
75	34	0
75	35	0
75	36	0
75	37	0
75	38	0
75	39	0
75	40	0
75	41	0
75	42	0
75	43	0
75	44	0
75	45	0
75	46	0
75	47	0
75	48	0.35
75	49	0
75	50	0
75	51	0
75	52	0
75	53	0
75	54	0
75	55	0
75	56	0.2
75	57	0.111
76	0	0.478
76	1	0.435
76	2	0.273
76	3	0.077
76	4	0.083
76	5	0
76	6	0
76	7	0
76	8	0
76	9	0
76	10	0.214
76	11	0.294
76	12	0.2
76	13	0.19
76	14	0.25
76	15	0.143
76	16	0
76	17	0
76	18	0.2
76	19	0.143
76	20	0.75
76	21	0
76	22	0.5
76	23	0.167
76	24	0.5
76	25	0.062
76	26	0
76	27	0
76	28	0
76	29	0
76	30	0
76	31	0.1
76	32	0
76	33	0
76	34	0
76	35	0
76	36	0
76	37	0
76	38	0
76	39	0
76	40	0
76	41	0
76	42	0
76	43	0
76	44	0
76	45	0
76	46	0
76	47	0.133
76	48	0.222
76	49	0
76	50	0
76	51	0
76	52	0
76	53	0
76	54	0
76	55	0
76	56	0
76	57	0.208
78	0	0.319
78	1	0.378
78	2	0.347
78	3	0.211
78	4	0.25
78	5	0.158
78	6	0.263
78	7	0.25
78	8	0.1
78	9	0.192
78	10	0.216
78	11	0.3
78	12	0.281
78	13	0.385
78	14	0.351
78	15	0.143
78	16	0
78	17	0.25
78	18	0.222
78	19	0.227
78	20	0.2
78	21	0.222
78	22	0.394
78	23	0.522
78	24	0.574
78	25	0.059
78	26	0
78	27	0.125
78	28	0
78	29	0
78	30	0
78	31	0.075
78	32	0
78	33	0
78	34	0
78	35	0
78	36	0
78	37	0
78	38	0
78	39	0
78	40	0
78	41	0
78	42	0
78	43	0
78	44	0
78	45	0
78	46	0
78	47	0.059
78	48	0
78	49	0
78	50	0
78	51	0
78	52	0
78	53	0
78	54	0
78	55	0
78	56	0.053
78	57	0.075
79	0	0.158
79	1	0.696
79	2	0.778
79	3	0.2
79	4	0.2
79	5	0.333
79	6	0.4
79	7	0.5
79	8	1
79	9	0.4
79	10	0.625
79	11	0.4
79	12	0.5
79	13	0.286
79	14	0.333
79	15	0
79	16	1
79	17	0.333
79	18	0.5
79	19	0
79	20	0.333
79	21	0
79	22	0.25
79	23	0
79	24	0.286
79	25	0
79	26	0
79	27	0
79	28	0
79	29	0
79	30	0
79	31	0
79	32	0
79	33	0
79	34	0
79	35	0
79	36	0
79	37	0
79	38	0
79	39	0
79	40	0
79	41	0
79	42	0
79	43	0
79	44	0
79	45	0
79	46	0
79	47	0
79	48	0.25
79	49	0
79	50	0
79	51	0
79	52	0
79	53	0
79	54	0
79	55	0
79	56	0
79	57	0.16
80	0	0.75
80	1	0.538
80	2	0.375
80	3	0.25
80	4	0.25
80	5	0.4
80	6	0
80	7	0.4
80	8	0
80	9	1
80	10	0.8
80	11	0.273
80	12	0.571
80	13	0.643
80	14	0.429
80	15	0
80	17	0.5
80	18	1
80	19	0.667
80	20	0.4
80	21	0.5
80	22	0.667
80	23	0.667
80	24	0.692
80	25	0.583
80	26	0
80	27	0.333
80	28	0
80	29	0
80	30	0.5
80	31	0.5
80	32	0
80	33	0
80	34	0
80	35	0
80	36	0
80	37	0
80	38	0.1
80	39	0
80	40	0
80	41	0
80	42	0.143
80	43	0
80	44	0.333
80	45	0.4
80	46	0.286
80	47	0.222
80	48	0.333
80	49	0.333
80	50	0.111
80	51	0
80	52	0.25
80	53	0.143
80	54	0
80	55	0
80	56	0
80	57	0.091
81	0	0.294
81	1	0.333
81	2	0.25
81	3	0.25
81	4	0.286
81	5	0.2
81	6	0.25
81	7	0.143
81	8	0
81	9	0
81	10	0.143
81	11	0.4
81	12	0.429
81	13	0.231
81	14	0.333
81	15	0
81	16	0
81	17	0
81	18	0.25
81	19	0.333
81	20	0.5
81	21	0
81	22	0.125
81	23	0.6
81	24	0.267
81	25	0
81	26	0
81	27	0
81	28	0
81	29	0
81	30	0
81	31	0
81	32	0
81	33	0
81	34	0
81	35	0
81	36	0
81	37	0
81	38	0
81	39	0
81	41	0
81	42	0
81	43	0
81	44	0
81	45	0
81	46	0
81	47	0
81	48	0
81	49	0
81	50	0
81	51	0
81	52	0
81	53	0
81	54	0
81	55	0
81	56	0.333
81	57	0.067
82	0	0.306
82	1	0.64
82	2	0.476
82	3	0.077
82	4	0.154
82	5	0.125
82	6	0
82	7	0.25
82	8	0
82	9	0.286
82	10	0.5
82	11	0.286
82	12	0.167
82	13	0.227
82	14	0.167
82	15	0.143
82	16	0
82	17	0.2
82	18	0.333
82	19	0.2
82	20	0.286
82	21	0.167
82	22	0.308
82	23	0
82	24	0.227
82	25	0
82	26	0
82	27	0
82	28	0
82	29	0
82	30	0
82	31	0.071
82	32	0
82	33	0
82	34	0
82	35	0
82	36	0
82	37	0
82	38	0
82	39	0
82	40	0
82	41	0
82	42	0
82	43	0
82	44	0
82	45	0
82	46	0
82	47	0.188
82	48	0.154
82	49	0
82	50	0
82	51	0
82	52	0
82	53	0
82	54	0
82	55	0
82	56	0.2
82	57	0.154
83	0	0.517
83	1	0.433
83	2	0.308
83	3	0.125
83	4	0.312
83	5	0.333
83	6	0.4
83	7	0.125
83	8	0.167
83	9	0.25
83	10	0.467
83	11	0.381
83	12	0.385
83	13	0.429
83	14	0.368
83	15	0.182
83	16	0
83	17	0
83	18	0.167
83	19	0.2
83	20	0.286
83	21	0.1
83	22	0.211
83	23	0
83	24	0.438
83	25	0.143
83	26	0.133
83	27	0
83	28	0
83	29	0
83	30	0.333
83	31	0.13
83	32	0
83	33	0
83	34	0
83	35	0
83	36	0
83	37	0.067
83	38	0
83	39	0
83	40	0
83	41	0
83	42	0.091
83	43	0.143
83	44	0.125
83	45	0.167
83	46	0.133
83	47	0.188
83	48	0.273
83	49	0.125
83	50	0.056
83	51	0
83	52	0
83	53	0.071
83	54	0.071
83	55	0
83	56	0
83	57	0.03
84	0	0.722
84	1	0.857
84	2	0.667
84	3	0.5
84	4	0.222
84	5	1
84	6	0.333
84	7	0.4
84	8	1
84	9	0.5
84	10	0.545
84	11	0.5
84	12	0.5
84	13	0.375
84	14	0.667
84	15	0.333
84	16	1
84	17	0.5
84	18	0.667
84	19	0
84	20	0
84	21	0.5
84	22	0.2
84	23	0.333
84	24	0.3
84	25	0
84	26	0
84	27	0
84	28	0
84	29	0
84	30	0
84	31	0
84	32	0
84	33	0
84	34	0
84	35	0
84	36	0
84	37	0
84	38	0
84	39	0
84	40	0
84	41	0
84	42	0
84	43	0
84	44	0
84	45	0
84	46	0
84	47	0.125
84	48	0.2
84	49	0
84	50	0
84	51	0
84	52	0
84	53	0
84	54	0
84	55	0
84	56	0.333
84	57	0
85	0	0.1
85	1	0.688
85	2	0.636
85	3	0.25
85	4	0.571
85	5	0.75
85	6	0.333
85	7	0.75
85	8	0
85	9	0.333
85	10	0.5
85	11	0.4
85	12	0.4
85	13	0.5
85	14	0.571
85	15	0.4
85	16	0
85	17	0
85	18	0
85	19	0
85	20	0
85	21	0
85	22	0
85	23	0
85	24	0.5
85	25	0
85	26	0
85	27	0
85	28	0
85	29	0
85	30	0
85	31	0.143
85	32	0
85	33	0
85	34	0
85	35	0
85	36	0
85	37	0
85	38	0
85	39	0
85	40	0
85	41	0
85	42	0
85	43	0
85	44	0
85	45	0
85	46	0
85	47	0
85	48	0
85	49	0
85	50	0
85	51	0
85	52	0
85	53	0
85	54	0
85	55	0
85	56	0
85	57	0.053
86	0	0.5
86	1	0.75
86	2	0.5
86	3	0.429
86	4	0.375
86	5	0.25
86	6	0.5
86	7	0.429
86	8	0
86	9	0.667
86	10	0.75
86	11	0.647
86	12	0.818
86	13	0.667
86	14	0.583
86	15	0.5
86	17	0
86	18	0
86	19	0.5
86	20	0.667
86	21	0.5
86	22	0.3
86	23	0.75
86	24	0.545
86	25	0.222
86	26	0.182
86	28	0
86	29	0
86	30	0.143
86	31	0.25
86	32	0
86	33	0
86	34	0
86	35	0
86	36	0
86	37	0
86	38	0
86	39	0
86	40	0
86	41	0
86	42	0
86	43	0
86	44	0
86	45	0
86	46	0
86	47	0
86	48	0
86	49	0
86	50	0
86	51	0
86	52	0
86	53	0
86	54	0
86	55	0
86	56	0
86	57	0.021
87	0	0.322
87	1	0.406
87	2	0.389
87	3	0.13
87	4	0.12
87	5	0.083
87	6	0.053
87	7	0.231
87	8	0.077
87	9	0.167
87	10	0.433
87	11	0.3
87	12	0.174
87	13	0.273
87	14	0.357
87	15	0.167
87	16	0.5
87	17	0.2
87	18	0.333
87	19	0.2
87	20	0.1
87	21	0.167
87	22	0.192
87	23	0.286
87	24	0.368
87	25	0.138
87	26	0.061
87	27	0
87	28	0
87	29	0
87	30	0
87	31	0.12
87	32	0
87	33	0
87	34	0
87	35	0
87	36	0
87	37	0
87	38	0
87	39	0
87	40	0
87	41	0
87	42	0
87	43	0
87	44	0
87	45	0
87	46	0
87	47	0
87	48	0.042
87	49	0
87	50	0
87	51	0
87	52	0
87	53	0
87	54	0
87	55	0
87	56	0
87	57	0.114
89	0	0.545
89	1	0.633
89	2	0.5
89	3	0.312
89	4	0.368
89	5	0.308
89	6	0.231
89	7	0.4
89	8	0.5
89	9	0.353
89	10	0.565
89	11	0.419
89	12	0.5
89	13	0.414
89	14	0.471
89	15	0.167
89	16	0.6
89	17	0.429
89	18	0
89	19	0.545
89	20	0.545
89	21	0.4
89	22	0.435
89	23	0.722
89	24	0.647
89	25	0.261
89	26	0.2
89	27	0
89	28	0.143
89	29	0.333
89	30	0.4
89	31	0.15
89	32	0
89	33	0
89	34	0
89	35	0
89	36	0
89	37	0
89	38	0
89	39	0
89	40	0
89	41	0
89	42	0
89	43	0
89	44	0
89	45	0
89	46	0
89	47	0
89	48	0.133
89	49	0
89	50	0
89	51	0
89	52	0
89	53	0
89	54	0.091
89	55	0.067
89	56	0
89	57	0.206
90	0	0.556
90	1	0.943
90	2	0.917
90	3	0.667
90	4	0.571
90	5	0.25
90	6	0.6
90	7	0
90	8	0.5
90	9	0.556
90	10	0.75
90	11	0.615
90	12	0.429
90	13	0.5
90	14	0.625
90	15	0
90	16	0
90	17	0.167
90	18	0
90	19	0.4
90	20	0.2
90	21	0
90	22	0.571
90	23	0.8
90	24	0.583
90	25	0.5
90	26	0.1
90	27	0.25
90	28	0
90	29	0.5
90	30	0.25
90	31	0.286
90	32	0
90	33	0
90	34	0
90	35	0
90	36	0
90	37	0
90	38	0
90	39	0
90	40	0
90	41	0
90	42	0
90	43	0
90	44	0
90	45	0
90	46	0
90	47	0
90	48	0
90	49	0
90	50	0
90	51	0
90	52	0
90	53	0
90	54	0
90	55	0
90	56	0
90	57	0.038
91	0	0.409
91	1	0.614
91	2	0.32
91	3	0.25
91	4	0.294
91	5	0.312
91	6	0.333
91	7	0.429
91	8	0.667
91	9	0.571
91	10	0.581
91	11	0.481
91	12	0.636
91	13	0.6
91	14	0.7
91	15	0.421
91	16	1
91	17	0.4
91	18	0.429
91	19	0.636
91	20	0.25
91	21	0.7
91	22	0.545
91	23	0.7
91	24	0.744
91	25	0.385
91	26	0.222
91	27	0.333
91	28	0.429
91	29	0
91	30	0.188
91	31	0.4
91	32	0
91	33	0
91	34	0
91	35	0
91	36	0
91	37	0
91	38	0.1
91	39	0.118
91	40	0
91	41	0
91	42	0.056
91	43	0.1
91	44	0.071
91	45	0.077
91	46	0.095
91	47	0.077
91	48	0.154
91	49	0.077
91	50	0.048
91	51	0
91	52	0.071
91	53	0.125
91	54	0.067
91	55	0.1
91	56	0.2
91	57	0.262
92	0	0.524
92	1	0.771
92	2	0.571
92	3	0.167
92	4	0
92	5	0.286
92	6	0.25
92	7	0.25
92	8	0.25
92	9	0.6
92	10	0.467
92	11	0.467
92	12	0.667
92	13	0.308
92	14	0.25
92	15	0.286
92	16	0.5
92	17	0.667
92	18	0.25
92	19	0
92	20	0
92	21	0
92	22	0.429
92	23	0.333
92	24	0.444
92	25	0
92	26	0
92	27	0
92	28	0
92	30	0
92	31	0
92	32	0
92	33	0
92	34	0
92	35	0
92	36	0
92	37	0
92	38	0
92	39	0
92	40	0
92	41	0
92	42	0
92	43	0
92	44	0
92	45	0
92	46	0
92	47	0
92	48	0
92	49	0
92	50	0
92	51	0
92	52	0
92	53	0
92	54	0
92	55	0.05
92	56	0
92	57	0.1
93	0	0.778
93	1	0.85
93	2	0.455
93	3	0.143
93	4	0
93	5	0.25
93	6	0
93	7	0.2
93	8	0
93	9	0.625
93	10	0.583
93	11	0.4
93	12	0.667
93	13	0.444
93	14	0.375
93	15	0.6
93	18	0.5
93	19	0.333
93	20	0
93	21	0.333
93	22	0.5
93	23	0.75
93	24	0.533
93	25	0
93	26	0
93	27	0.5
93	28	0
93	29	0
93	30	0.2
93	31	0.125
93	32	0
93	33	0
93	34	0
93	35	0
93	36	0
93	37	0
93	38	0
93	39	0
93	40	0
93	41	0
93	42	0
93	43	0
93	44	0
93	45	0
93	46	0
93	47	0
93	48	0
93	49	0
93	50	0
93	51	0
93	52	0
93	53	0
93	54	0
93	55	0
93	56	0
93	57	0.141
94	0	0.391
94	1	0.571
94	2	0.526
94	3	0.308
94	4	0.333
94	5	0.444
94	6	0.25
94	7	0.2
94	8	0.25
94	9	0.444
94	10	0.4
94	11	0.389
94	12	0.364
94	13	0.375
94	14	0.133
94	15	0.333
94	16	1
94	17	0.4
94	18	0.2
94	19	0.167
94	20	0
94	21	0.167
94	22	0.5
94	23	0.125
94	24	0.368
94	25	0
94	26	0.048
94	27	0
94	28	0
94	30	0
94	31	0
94	32	0
94	33	0
94	34	0
94	35	0
94	36	0
94	37	0
94	38	0
94	39	0
94	40	0
94	41	0
94	42	0
94	43	0
94	44	0
94	45	0
94	46	0
94	47	0
94	48	0.333
94	49	0
94	50	0.125
94	51	0.091
94	52	0
94	53	0.182
94	54	0.143
94	55	0.125
94	56	0.111
94	57	0.286
95	0	0.286
95	1	0.478
95	2	0.583
95	3	0.556
95	4	0.286
95	5	0.143
95	6	0.4
95	7	0.333
95	8	0.333
95	9	0
95	10	0.267
95	11	0.417
95	12	0.538
95	13	0.368
95	14	0.455
95	15	0.222
95	16	0.5
95	17	0.2
95	18	0
95	19	0.25
95	20	0
95	21	0.5
95	22	0.286
95	23	0.5
95	24	0.292
95	25	0.067
95	26	0
95	27	0
95	28	0
95	29	0
95	30	0.353
95	31	0.053
95	32	0
95	33	0
95	34	0
95	35	0
95	36	0
95	37	0
95	38	0
95	39	0
95	40	0
95	41	0
95	42	0
95	43	0
95	44	0.167
95	45	0
95	46	0.067
95	47	0.231
95	48	0.25
95	49	0.167
95	50	0.091
95	51	0.125
95	52	0.143
95	53	0
95	54	0.2
95	55	0.091
95	56	0.667
95	57	0.318
96	0	0.536
96	1	0.659
96	2	0.375
96	3	0.364
96	4	0.222
96	5	0.333
96	6	0.5
96	7	0.111
96	8	0.333
96	9	0.5
96	10	0.375
96	11	0.294
96	12	0.455
96	13	0.4
96	14	0.462
96	15	0.286
96	17	0
96	18	1
96	19	0
96	20	0.167
96	21	0.167
96	22	0.25
96	23	0.333
96	24	0.333
96	25	0.077
96	26	0.077
96	27	0
96	28	0
96	29	0
96	30	0.167
96	31	0.111
96	32	0
96	33	0
96	34	0
96	35	0
96	36	0
96	37	0
96	38	0
96	39	0
96	40	0
96	41	0
96	42	0
96	43	0
96	44	0
96	45	0
96	46	0
96	47	0.2
96	48	0.273
96	49	0
96	50	0
96	51	0.111
96	52	0
96	53	0
96	54	0
96	55	0.045
96	56	0.25
96	57	0.227
97	0	0.481
97	1	0.8
97	2	0.5
97	3	0.333
97	4	0.357
97	5	0.333
97	6	0.5
97	7	0.556
97	8	0
97	9	1
97	10	0.714
97	11	0.562
97	12	0.917
97	13	0.762
97	14	0.8
97	15	0.833
97	17	0.333
97	18	0.143
97	19	0.8
97	20	0.5
97	21	0
97	22	0.6
97	23	0.75
97	24	0.478
97	25	0.154
97	26	0
97	27	0
97	28	0
97	29	0
97	30	0
97	31	0.136
97	32	0
97	33	0
97	34	0
97	35	0
97	36	0
97	37	0.077
97	38	0.2
97	39	0
97	40	0
97	41	0.111
97	42	0.111
97	43	0
97	44	0.1
97	45	0.167
97	46	0.182
97	47	0.333
97	48	0.2
97	49	0.3
97	50	0.091
97	51	0
97	52	0.333
97	53	0.182
97	54	0.286
97	55	0.2
97	56	0.571
97	57	0.402
98	0	0.296
98	1	0.56
98	2	0.562
98	3	0.25
98	4	0.4
98	5	0.2
98	6	0.143
98	7	0.2
98	8	0.6
98	9	0.5
98	10	0.5
98	11	0.3
98	12	0.222
98	13	0.25
98	14	0.5
98	15	0.333
98	16	0.5
98	17	0
98	18	0.25
98	19	0
98	20	0.333
98	21	0.5
98	22	0.4
98	23	0.333
98	24	0.692
98	25	0.154
98	26	0.091
98	27	0
98	28	0
98	29	0
98	30	0
98	31	0
98	32	0
98	33	0
98	34	0
98	35	0
98	36	0
98	37	0
98	38	0
98	39	0
98	40	0
98	41	0
98	42	0
98	43	0
98	44	0
98	45	0
98	46	0
98	47	0.3
98	48	0.111
98	49	0.25
98	50	0
98	51	0
98	52	0
98	53	0
98	54	0
98	55	0
98	56	0.125
98	57	0.016
99	0	0.433
99	1	0.684
99	2	0.571
99	3	0.429
99	4	0.333
99	5	0.222
99	6	0.143
99	7	0.091
99	8	0.2
99	9	0.222
99	10	0.5
99	11	0.348
99	12	0.308
99	13	0.364
99	14	0.312
99	15	0.222
99	16	0
99	17	0.167
99	18	0
99	19	0.167
99	20	0
99	21	0.25
99	22	0.286
99	23	0.714
99	24	0.545
99	25	0.2
99	26	0.188
99	27	0
99	28	0.167
99	29	0
99	30	0
99	31	0.357
99	32	0
99	33	0.1
99	34	0
99	35	0
99	36	0
99	37	0
99	38	0
99	39	0
99	40	0
99	41	0
99	42	0
99	43	0
99	44	0
99	45	0
99	46	0
99	47	0.125
99	48	0.154
99	49	0
99	50	0.118
99	51	0
99	52	0.1
99	53	0
99	54	0.091
99	55	0
99	56	0.1
99	57	0.128
100	0	0.32
100	1	0.556
100	2	0.417
100	3	0.3
100	4	0.2
100	5	0
100	6	0.143
100	7	0.167
100	8	0
100	9	0.25
100	10	0.692
100	11	0.467
100	12	0.3
100	13	0.455
100	14	0.273
100	15	0.286
100	16	1
100	17	0.333
100	18	0.286
100	19	0.5
100	20	0.25
100	21	0.5
100	22	0.333
100	23	0.833
100	24	0.643
100	25	0.308
100	26	0.273
100	28	0
100	30	0.4
100	31	0.222
100	32	0
100	33	0
100	34	0
100	35	0
100	36	0
100	37	0
100	38	0
100	39	0
100	40	0
100	41	0
100	42	0
100	43	0
100	44	0
100	45	0
100	46	0
100	47	0.182
100	48	0.143
100	49	0
100	50	0
100	51	0
100	52	0
100	53	0
100	54	0
100	55	0
100	56	0
100	57	0.034
101	0	0.514
101	1	0.659
101	2	0.25
101	3	0.118
101	4	0.25
101	5	0.111
101	6	0.25
101	7	0.231
101	8	0.333
101	9	0.444
101	10	0.692
101	11	0.455
101	12	0.556
101	13	0.385
101	14	0.4
101	15	0.143
101	16	0.5
101	17	0.4
101	18	0.4
101	19	0
101	20	0.286
101	21	0.25
101	22	0.2
101	23	0.5
101	24	0.483
101	25	0.154
101	26	0.056
101	27	0
101	28	0.25
101	29	0
101	30	0.167
101	31	0.312
101	32	0
101	33	0.056
101	34	0
101	35	0
101	36	0
101	37	0
101	38	0
101	39	0
101	40	0
101	41	0
101	42	0.071
101	43	0
101	44	0.071
101	45	0
101	46	0.056
101	47	0.133
101	48	0.125
101	49	0.1
101	50	0.062
101	51	0.067
101	52	0
101	53	0.067
101	54	0
101	55	0
101	56	0.071
101	57	0.091
102	0	0.476
102	1	0.609
102	2	0.846
102	3	0.2
102	4	0.455
102	5	0.5
102	6	0.444
102	7	0.556
102	8	1
102	9	1
102	10	0.588
102	11	0.688
102	12	0.583
102	13	0.625
102	14	0.733
102	15	0.333
102	16	0
102	17	0.667
102	18	1
102	19	0.5
102	20	0.429
102	21	0.5
102	22	0.545
102	23	0.667
102	24	0.857
102	25	0.211
102	26	0.25
102	27	0.2
102	28	0.5
102	29	0
102	30	0.412
102	31	0.353
102	32	0
102	33	0
102	34	0
102	35	0
102	36	0
102	37	0
102	38	0
102	39	0
102	40	0
102	41	0
102	42	0
102	43	0.167
102	44	0
102	45	0
102	46	0.167
102	47	0.182
102	48	0.5
102	49	0.167
102	50	0.077
102	51	0.125
102	52	0.167
102	53	0.091
102	54	0
102	55	0.1
102	56	0.333
102	57	0.26
103	0	0.381
103	1	0.5
103	2	0.222
103	3	0
103	4	0.444
103	5	0.333
103	6	0.273
103	7	0.429
103	8	0.25
103	9	1
103	10	0.417
103	11	0.667
103	12	0.222
103	13	0.455
103	14	0.444
103	15	0
103	17	0
103	18	0.333
103	19	0
103	20	0.2
103	21	0
103	22	0.143
103	23	0
103	24	0.111
103	25	0
103	26	0
103	28	0
103	29	0
103	30	0
103	31	0
103	32	0
103	33	0
103	34	0
103	35	0
103	36	0
103	37	0
103	38	0
103	39	0
103	40	0
103	41	0
103	42	0.25
103	43	0
103	44	0.25
103	45	0
103	46	0.143
103	47	0.2
103	48	0
103	49	0
103	50	0
103	51	0
103	52	0
103	53	0
103	54	0
103	55	0
103	56	0
103	57	0
104	0	0.404
104	1	0.5
104	2	0.483
104	3	0.32
104	4	0.286
104	5	0.188
104	6	0.333
104	7	0.105
104	8	0.2
104	9	0.455
104	10	0.359
104	11	0.371
104	12	0.318
104	13	0.488
104	14	0.435
104	15	0.353
104	16	0.286
104	17	0.143
104	18	0.267
104	19	0.143
104	20	0.429
104	21	0.25
104	22	0.323
104	23	0.562
104	24	0.488
104	25	0.103
104	26	0.048
104	27	0
104	28	0
104	29	0
104	30	0.048
104	31	0.029
104	32	0
104	33	0
104	34	0
104	35	0
104	36	0
104	37	0
104	38	0
104	39	0
104	40	0
104	41	0
104	42	0
104	43	0
104	44	0
104	45	0
104	46	0
104	47	0.077
104	48	0.227
104	49	0
104	50	0
104	51	0
104	52	0
104	53	0
104	54	0
104	55	0
104	56	0.273
104	57	0.148
106	0	0.263
106	1	0.366
106	2	0.346
106	3	0.2
106	4	0.222
106	5	0.308
106	6	0.091
106	7	0.231
106	8	0.143
106	9	0.2
106	10	0.379
106	11	0.391
106	12	0.2
106	13	0.361
106	14	0.364
106	15	0.231
106	16	0.333
106	17	0.182
106	18	0.1
106	19	0.273
106	20	0.25
106	21	0.167
106	22	0.364
106	23	0.2
106	24	0.432
106	25	0.143
106	26	0.125
106	27	0
106	28	0
106	29	0
106	30	0.19
106	31	0.043
106	32	0
106	33	0
106	34	0
106	35	0
106	36	0
106	37	0
106	38	0
106	39	0
106	40	0
106	41	0
106	42	0
106	43	0
106	44	0
106	45	0
106	46	0
106	47	0.083
106	48	0.2
106	49	0
106	50	0
106	51	0
106	52	0
106	53	0
106	54	0
106	55	0
106	56	0.214
106	57	0.25
107	0	0.067
107	1	0.105
107	2	0.067
107	3	0.111
107	4	0
107	5	0
107	6	0
107	7	0.083
107	8	0.167
107	9	0.25
107	10	0.267
107	11	0.08
107	12	0
107	13	0.08
107	14	0
107	15	0
107	16	0
107	17	0
107	18	0
107	19	0.1
107	20	0
107	21	0
107	22	0.235
107	23	0
107	24	0.167
107	25	0
107	26	0
107	27	0
107	28	0
107	29	0
107	30	0.2
107	31	0.059
107	32	0
107	33	0
107	34	0
107	35	0
107	36	0
107	37	0
107	38	0
107	39	0
107	40	0
107	41	0
107	42	0
107	43	0
107	44	0
107	45	0
107	46	0
107	47	0
107	48	0
107	49	0
107	50	0
107	51	0
107	52	0
107	53	0.067
107	54	0
107	55	0
107	56	0
107	57	0.04
109	0	0.2
109	1	0.243
109	2	0.143
109	3	0.1
109	4	0.15
109	5	0.188
109	6	0.231
109	7	0.1
109	8	0.111
109	9	0
109	10	0.222
109	11	0.286
109	12	0.286
109	13	0.328
109	14	0.273
109	15	0
109	16	0
109	17	0.125
109	18	0.286
109	19	0.143
109	20	0.25
109	21	0
109	22	0.2
109	23	0.1
109	24	0.281
109	25	0
109	26	0
109	27	0
109	28	0
109	29	0.375
109	30	0.278
109	31	0
109	32	0
109	33	0
109	34	0
109	35	0
109	36	0
109	37	0
109	38	0
109	39	0
109	40	0
109	41	0
109	42	0
109	43	0
109	44	0
109	45	0
109	46	0
109	47	0.095
109	48	0.067
109	49	0
109	50	0
109	51	0
109	52	0
109	53	0
109	54	0
109	55	0
109	56	0.077
109	57	0
110	0	0.167
110	1	0.222
110	2	0.143
110	3	0.2
110	4	0.2
110	5	0
110	6	0.333
110	7	0.4
110	8	0.333
110	9	0
110	10	0.6
110	11	0.429
110	12	0.5
110	13	0.444
110	14	0.333
110	15	0.667
110	16	0.333
110	17	0
110	19	0.333
110	20	0
110	21	0.5
110	22	0.143
110	23	0
110	24	0.222
110	25	0
110	26	0
110	27	0
110	28	0
110	30	0
110	31	0
110	32	0
110	33	0
110	34	0
110	35	0
110	36	0
110	37	0
110	38	0
110	39	0
110	40	0
110	41	0
110	42	0
110	43	0
110	44	0
110	45	0
110	46	0
110	47	0
110	48	0
110	49	0
110	50	0
110	51	0
110	52	0.333
110	53	0
110	54	0
110	55	0
110	56	0
110	57	0.333
111	0	0.271
111	1	0.367
111	2	0.35
111	3	0.333
111	4	0.3
111	5	0.583
111	6	0.077
111	7	0.25
111	8	0
111	9	0.455
111	10	0.519
111	11	0.556
111	12	0.478
111	13	0.407
111	14	0.364
111	15	0.25
111	16	0
111	17	0.182
111	18	0
111	19	0.222
111	20	0.182
111	21	0.4
111	22	0.345
111	23	0.5
111	24	0.45
111	25	0.28
111	26	0.053
111	27	0.333
111	28	0.111
111	29	0
111	30	0.3
111	31	0.32
111	32	0
111	33	0
111	34	0
111	35	0
111	36	0
111	37	0
111	38	0
111	39	0
111	40	0
111	41	0
111	42	0
111	43	0
111	44	0
111	45	0
111	46	0
111	47	0.059
111	48	0
111	49	0
111	50	0
111	51	0
111	52	0
111	53	0
111	54	0
111	55	0
111	56	0
111	57	0.073
112	0	0.053
112	1	0.136
112	2	0.143
112	3	0
112	4	0.1
112	5	0
112	6	0.111
112	7	0.167
112	8	0.5
112	9	0
112	10	0
112	11	0.118
112	12	0.083
112	13	0.059
112	14	0.056
112	15	0
112	16	0
112	17	0
112	18	0
112	19	0
112	20	0.143
112	21	0
112	22	0.071
112	23	0
112	24	0.167
112	25	0.071
112	26	0
112	27	0
112	28	0
112	29	0
112	30	0
112	31	0.062
112	32	0
112	33	0
112	34	0
112	35	0
112	36	0
112	37	0
112	38	0
112	39	0
112	40	0
112	41	0
112	42	0
112	43	0
112	44	0
112	45	0
112	46	0
112	47	0
112	48	0
112	49	0
112	50	0
112	51	0
112	52	0
112	53	0
112	54	0
112	55	0
112	56	0
112	57	0.012
114	0	0.256
114	1	0.333
114	2	0.259
114	3	0.176
114	4	0.174
114	5	0.267
114	6	0.214
114	7	0.2
114	8	0.125
114	9	0.6
114	10	0.2
114	11	0.242
114	12	0.238
114	13	0.316
114	14	0.434
114	15	0.333
114	16	0.2
114	17	0.091
114	18	0.333
114	19	0.333
114	20	0.364
114	21	0.286
114	22	0.333
114	23	0.429
114	24	0.5
114	25	0.207
114	26	0.133
114	27	0
114	28	0.143
114	29	0.111
114	30	0.364
114	31	0.304
114	32	0
114	33	0
114	34	0
114	35	0
114	36	0
114	37	0
114	38	0
114	39	0
114	40	0
114	41	0
114	42	0
114	43	0
114	44	0
114	45	0
114	46	0
114	47	0
114	48	0
114	49	0
114	50	0.1
114	51	0.167
114	52	0
114	53	0.182
114	54	0
114	55	0.211
114	56	0
114	57	0.155
115	13	0
115	15	0
115	17	0
115	18	0
115	21	0
115	22	0
115	24	0
115	25	0
115	26	0
115	28	0
115	30	0
115	31	0
115	33	0
115	35	0
115	36	0
115	38	0
115	39	0
115	41	0
115	42	0
115	45	0
115	46	0
115	47	0
115	48	0
115	50	0
115	51	0
115	53	0
115	54	0
115	55	0
115	57	0
116	0	0.381
116	1	0.312
116	2	0.231
116	3	0.091
116	4	0
116	5	0.1
116	6	0.2
116	7	0
116	8	0
116	9	0.333
116	10	0.364
116	11	0.133
116	12	0.2
116	13	0.353
116	14	0.375
116	15	0.333
116	16	0.333
116	17	0
116	18	0.667
116	19	0
116	20	0.4
116	21	1
116	22	0.214
116	23	0.667
116	24	0.429
116	25	0.167
116	26	0
116	27	0
116	28	0
116	29	0
116	30	0.125
116	31	0.267
116	32	0
116	33	0
116	34	0
116	35	0
116	36	0
116	37	0
116	38	0
116	39	0
116	40	0
116	41	0
116	42	0
116	43	0
116	44	0
116	45	0
116	46	0
116	47	0
116	48	0.375
116	49	0
116	50	0
116	51	0
116	52	0
116	53	0
116	54	0
116	55	0
116	56	0
116	57	0.029
117	0	0.167
117	1	0.429
117	2	0.25
117	3	0.286
117	4	0.375
117	5	0.5
117	6	0.5
117	7	0.25
117	9	0
117	10	0.143
117	11	0.5
117	12	0.25
117	13	0.182
117	14	0.111
117	15	0.333
117	16	1
117	17	0.2
117	18	0
117	19	0.25
117	20	0.25
117	21	0.5
117	22	0.375
117	23	0.667
117	24	0.6
117	25	0.125
117	26	0
117	27	0
117	28	0
117	30	0
117	31	0
117	32	0
117	33	0
117	34	0
117	35	0
117	36	0
117	37	0
117	38	0
117	39	0
117	40	0
117	41	0
117	42	0
117	43	0
117	44	0
117	45	0
117	46	0
117	47	0
117	48	0
117	49	0
117	50	0
117	51	0
117	52	0
117	53	0
117	54	0
117	55	0
117	56	0
117	57	0.086
118	0	0.575
118	1	0.583
118	2	0.25
118	3	0.062
118	4	0.083
118	5	0
118	6	0.222
118	7	0
118	8	0
118	9	0.2
118	10	0.13
118	11	0.15
118	12	0.4
118	13	0.4
118	14	0.471
118	15	0.273
118	16	0.5
118	17	0.333
118	18	0.333
118	19	0.5
118	20	0.182
118	21	0.5
118	22	0.471
118	23	0.733
118	24	0.536
118	25	0
118	26	0
118	27	0
118	28	0
118	29	0.429
118	30	0.412
118	31	0.238
118	32	0
118	33	0
118	34	0
118	35	0
118	36	0
118	37	0
118	38	0
118	39	0
118	40	0
118	41	0
118	42	0
118	43	0
118	44	0
118	45	0
118	46	0
118	47	0.056
118	48	0.286
118	49	0
118	50	0
118	51	0
118	52	0
118	53	0.067
118	54	0.25
118	55	0.062
118	56	0.125
118	57	0.111
119	0	0.35
119	1	0.375
119	2	0.143
119	3	0.111
119	4	0.143
119	5	0
119	6	0
119	7	0
119	8	0
119	9	0
119	10	0.2
119	11	0.071
119	12	0
119	13	0.071
119	14	0.111
119	15	0.125
119	16	0
119	17	0.167
119	18	0
119	19	0
119	20	0
119	21	0
119	22	0
119	24	0.13
119	25	0
119	26	0
119	27	0
119	28	0
119	29	0
119	30	0
119	31	0
119	32	0
119	33	0
119	34	0
119	35	0
119	36	0
119	37	0
119	38	0
119	39	0
119	40	0
119	41	0
119	42	0
119	43	0
119	44	0
119	45	0
119	46	0
119	47	0.167
119	48	0.143
119	49	0
119	50	0
119	51	0
119	52	0
119	53	0.091
119	54	0
119	55	0
119	56	0.5
119	57	0.068
121	0	0.512
121	1	0.774
121	2	0.588
121	3	0.5
121	4	0.227
121	5	0.444
121	6	0.3
121	7	0.333
121	8	0.333
121	9	0.444
121	10	0.619
121	11	0.607
121	12	0.476
121	13	0.562
121	14	0.571
121	15	0.182
121	16	0
121	17	0
121	18	0.571
121	19	0.308
121	20	0.4
121	21	0.615
121	22	0.52
121	23	0.667
121	24	0.74
121	25	0.1
121	26	0.071
121	27	0
121	28	0
121	29	0
121	30	0.182
121	31	0.176
121	32	0.143
121	33	0.087
121	34	0.091
121	35	0.056
121	36	0.091
121	37	0.13
121	38	0.045
121	39	0.105
121	40	0
121	41	0.067
121	42	0.143
121	43	0.077
121	44	0.111
121	45	0.1
121	46	0.176
121	47	0.25
121	48	0.4
121	49	0
121	50	0
121	51	0
121	52	0.091
121	53	0.059
121	54	0
121	55	0.053
121	56	0.364
121	57	0.35
122	0	0.667
122	1	0.824
122	2	0.4
122	3	0.333
122	4	0.429
122	5	0.5
122	6	0
122	7	0.6
122	8	0
122	9	0
122	10	0.571
122	11	0.5
122	12	0
122	13	0.4
122	14	0.571
122	15	0.2
122	17	0
122	18	0.333
122	19	0.333
122	20	0.5
122	21	0
122	22	0.286
122	23	0.667
122	24	0.417
122	25	0.222
122	26	0.2
122	28	0.333
122	29	0
122	30	0
122	31	0.167
122	32	0
122	33	0
122	34	0
122	35	0
122	36	0
122	37	0
122	38	0
122	39	0
122	40	0
122	41	0
122	42	0
122	43	0
122	44	0
122	45	0
122	46	0
122	47	0.111
122	48	0.167
122	49	0
122	50	0.143
122	51	0
122	52	0.2
122	53	0.167
122	54	0.2
122	55	0.167
122	56	0
122	57	0.167
123	0	0.8
123	1	0
123	2	0
123	3	0
123	5	0
123	7	0
123	9	0
123	10	0
123	11	0
123	12	0
123	13	0.667
123	14	0
123	15	0
123	18	0
123	19	0
123	21	0
123	22	0
123	23	0
123	24	0
123	25	1
123	26	0.25
123	30	0.333
123	31	0.667
123	32	1
123	33	0
123	34	0.5
123	35	0.5
123	37	0.333
123	38	0
123	39	0
123	40	0.5
123	42	0.333
123	43	0
123	44	0.5
123	46	0
123	47	0
123	48	0
123	49	0
123	50	0
123	51	0
123	52	0
123	53	0.5
123	54	0
123	55	0
123	56	0
123	57	0
124	0	0.282
124	1	0.405
124	2	0.256
124	3	0.259
124	4	0.185
124	5	0.333
124	6	0.25
124	7	0.24
124	8	0.222
124	9	0.333
124	10	0.357
124	11	0.239
124	12	0.235
124	13	0.296
124	14	0.273
124	15	0.333
124	16	0.5
124	17	0.2
124	18	0.1
124	19	0.188
124	20	0.071
124	21	0.267
124	22	0.378
124	23	0.467
124	24	0.478
124	25	0.091
124	26	0.077
124	27	0
124	28	0
124	29	0
124	30	0.219
124	31	0.078
124	32	0.067
124	33	0.028
124	34	0.043
124	35	0.083
124	36	0.053
124	37	0.059
124	38	0.059
124	39	0.043
124	40	0.071
124	41	0
124	42	0.118
124	43	0.087
124	44	0
124	45	0.15
124	46	0.079
124	47	0.053
124	48	0
124	49	0.062
124	50	0
124	51	0.08
124	52	0.105
124	53	0.071
124	54	0.188
124	55	0.087
124	56	0.056
124	57	0.081
126	0	0.269
126	1	0.259
126	2	0.182
126	3	0.154
126	4	0.111
126	5	0.091
126	6	0
126	7	0.091
126	8	0.5
126	9	0.2
126	10	0.143
126	11	0.2
126	12	0.182
126	13	0.4
126	14	0.429
126	15	0.2
126	16	0.333
126	17	0.25
126	18	0
126	19	0
126	20	0.333
126	21	0
126	22	0.333
126	23	0.333
126	24	0.474
126	25	0.133
126	26	0
126	27	0
126	28	1
126	29	0
126	30	0.25
126	31	0.111
126	32	0.1
126	33	0.167
126	34	0.1
126	35	0
126	36	0
126	37	0.083
126	38	0
126	39	0.167
126	40	0
126	41	0.125
126	42	0
126	43	0
126	44	0.111
126	45	0
126	46	0
126	47	0
126	48	0.143
126	49	0
126	50	0
126	51	0
126	52	0
126	53	0.071
126	54	0
126	55	0
126	56	0
126	57	0.27
128	0	0
128	1	0
128	2	0
128	3	0
128	4	0
128	5	0
128	6	0
128	7	0
128	8	0
128	9	0
128	10	0
128	11	0
128	12	0
128	13	0
128	14	0
128	15	0
128	17	0
128	18	0
128	19	0
128	20	0
128	21	0
128	22	0
128	23	0
128	24	0
128	25	0
128	26	0
128	27	0
128	28	0
128	29	0
128	30	0
128	31	0
128	32	0
128	33	0
128	34	0
128	35	0
128	36	0
128	37	0
128	38	0
128	39	0
128	40	0
128	41	0
128	42	0
128	43	0
128	44	0
128	45	0
128	46	0
128	47	0
128	48	0
128	49	0
128	50	0
128	51	0
128	52	0
128	53	0
128	54	0
128	55	0
128	56	0
128	57	0
129	0	0.545
129	1	0.538
129	2	0.333
129	3	0.286
129	4	0.25
129	5	0
129	6	0.25
129	7	0
129	8	0
129	9	0.667
129	10	0.6
129	11	0.429
129	12	0.4
129	13	0.625
129	14	1
129	15	0.4
129	16	1
129	17	0.6
129	18	0
129	19	0
129	20	0.5
129	21	0
129	22	0.5
129	23	0.75
129	24	0.769
129	25	0.571
129	26	0.75
129	27	0
129	29	0.75
129	30	0.875
129	31	0.571
129	32	0
129	33	0
129	34	0
129	35	0
129	36	0
129	37	0
129	38	0
129	39	0
129	40	0
129	41	0
129	42	0
129	43	0
129	44	0
129	45	0
129	46	0
129	47	0
129	48	0.333
129	49	0
129	50	0
129	51	0
129	52	0
129	53	0
129	54	0
129	55	0
129	56	0
129	57	0
130	0	0.146
130	1	0.061
130	2	0.053
130	3	0
130	4	0.167
130	5	0.2
130	6	0
130	7	0
130	8	0
130	9	0
130	10	0.067
130	11	0.143
130	12	0.263
130	13	0.107
130	14	0.15
130	15	0.091
130	16	0
130	17	0
130	18	0.286
130	19	0.1
130	20	0
130	21	0.286
130	22	0.158
130	23	0.333
130	24	0.353
130	25	0.143
130	26	0.056
130	27	0
130	28	0
130	29	0
130	30	0.143
130	31	0.158
130	32	0
130	33	0
130	34	0
130	35	0
130	36	0
130	37	0
130	38	0
130	39	0
130	40	0
130	41	0
130	42	0
130	43	0
130	44	0
130	45	0
130	46	0
130	47	0.059
130	48	0.077
130	49	0
130	50	0
130	51	0
130	52	0
130	53	0
130	54	0
130	55	0
130	56	0.143
130	57	0.214
131	0	1
131	1	0.857
131	2	0
131	3	0
131	4	0
131	5	0
131	6	0
131	7	0.5
131	10	0.8
131	11	1
131	12	1
131	13	0.5
131	14	1
131	17	0
131	19	0
131	20	0
131	21	0
131	22	0.333
131	23	0.667
131	24	0.8
131	25	0.667
131	26	0.333
131	28	1
131	29	0
131	30	0.75
131	31	1
131	32	0
131	33	0
131	34	0
131	35	0
131	36	0
131	37	0
131	38	0
131	39	0
131	41	0
131	42	0
131	43	0
131	44	0
131	46	0
131	47	0
131	48	0
131	49	0
131	50	0
131	51	0
131	52	0
131	53	0
131	54	0
131	55	0
131	56	0
131	57	0
132	0	0.464
132	1	0.525
132	2	0.375
132	3	0.353
132	4	0.2
132	5	0.143
132	6	0
132	7	0.1
132	8	0.2
132	9	0.429
132	10	0.484
132	11	0.45
132	12	0.571
132	13	0.654
132	14	0.667
132	15	0.5
132	16	0
132	17	0.1
132	18	0.333
132	19	0.5
132	20	0.571
132	21	0.2
132	22	0.476
132	23	0.6
132	24	0.676
132	25	0.095
132	26	0.167
132	27	0
132	28	0
132	29	0.667
132	30	0.633
132	31	0.214
132	32	0
132	33	0
132	34	0
132	35	0
132	36	0
132	37	0
132	38	0
132	39	0
132	40	0
132	41	0
132	42	0
132	43	0
132	44	0
132	45	0
132	46	0
132	47	0
132	48	0
132	49	0
132	50	0
132	51	0
132	52	0
132	53	0
132	54	0
132	55	0
132	56	0
132	57	0
133	0	0.429
133	1	0.2
133	2	0.2
133	3	0.333
133	4	0.4
133	5	0.25
133	6	0.333
133	7	0.25
133	8	0
133	9	0.333
133	10	0.333
133	11	0.5
133	12	0.385
133	13	0.263
133	14	0.5
133	15	0.25
133	16	1
133	17	0.333
133	18	0.333
133	19	0
133	20	0
133	21	0
133	22	0.286
133	23	0.333
133	24	0.5
133	25	0
133	26	0
133	27	0
133	28	0
133	30	0
133	31	0
133	32	0
133	33	0
133	34	0
133	35	0
133	36	0
133	37	0
133	38	0
133	39	0
133	40	0
133	41	0
133	42	0
133	43	0
133	44	0
133	45	0
133	46	0
133	47	0.125
133	48	0
133	49	0
133	50	0
133	51	0
133	52	0
133	53	0
133	54	0
133	55	0
133	56	0
133	57	0.118
134	0	1
134	1	1
134	2	1
134	3	1
134	4	0
134	5	0
134	7	0
134	9	0
134	10	0
134	11	1
134	12	0.5
134	13	1
134	14	1
134	15	1
134	19	1
134	22	0
134	24	1
134	25	0.5
134	26	0
134	28	0
134	30	1
134	31	0.5
134	33	0
134	34	0
134	35	0
134	36	0
134	37	0
134	38	0
134	39	0
134	41	0
134	42	0
134	43	0
134	45	0
134	46	0
134	47	0
134	48	0
134	50	0
134	52	0
134	53	0
134	54	0
134	55	0
134	57	0
135	0	0.057
135	1	0.067
135	2	0.059
135	3	0.071
135	4	0.083
135	5	0.167
135	6	0
135	7	0.125
135	8	0
135	9	0
135	10	0.083
135	11	0.115
135	12	0.111
135	13	0.208
135	14	0.118
135	15	0.1
135	16	0
135	17	0.2
135	18	0
135	19	0
135	20	0
135	21	0
135	22	0.167
135	23	0.333
135	24	0.226
135	25	0.056
135	26	0.091
135	27	0
135	28	0
135	29	0
135	30	0
135	31	0.053
135	32	0
135	33	0
135	34	0
135	35	0
135	36	0
135	37	0
135	38	0
135	39	0
135	40	0
135	41	0
135	42	0
135	43	0
135	44	0
135	45	0
135	46	0
135	47	0
135	48	0.067
135	49	0
135	50	0
135	51	0
135	52	0
135	53	0
135	54	0
135	55	0
135	56	0.167
135	57	0.093
137	0	0.5
137	1	0.5
137	2	0.25
137	3	0.333
137	4	0.333
137	5	0.333
137	6	0.6
137	7	0.333
137	8	0.667
137	9	0.364
137	10	0.5
137	11	0.625
137	12	0.5
137	13	0.462
137	14	0.625
137	15	0.091
137	17	0.333
137	18	0.333
137	19	0
137	20	0
137	21	0
137	22	0.2
137	23	0.2
137	24	0.385
137	25	0.545
137	26	0.286
137	28	0
137	29	0.667
137	30	0.533
137	31	0.5
137	32	0
137	33	0
137	34	0
137	35	0
137	36	0
137	37	0
137	38	0
137	39	0
137	41	0
137	42	0
137	43	0
137	44	0
137	45	0
137	46	0
137	47	0
137	48	0
137	49	0
137	50	0
137	51	0
137	52	0
137	53	0
137	54	0
137	55	0
137	56	0
137	57	0
138	0	0.182
138	1	0.25
138	2	0.111
138	3	0.125
138	4	0.125
138	5	0
138	6	0.143
138	7	0.143
138	9	0.125
138	10	0.25
138	11	0.111
138	12	0.286
138	13	0.25
138	14	0.222
138	15	0.333
138	17	0.333
138	18	0
138	19	0.2
138	20	0
138	21	0.5
138	22	0.111
138	23	0.5
138	24	0.368
138	25	0
138	26	0
138	27	0
138	28	0
138	30	0
138	31	0
138	32	0
138	33	0
138	34	0
138	35	0
138	36	0
138	37	0
138	38	0
138	39	0
138	40	0
138	41	0
138	42	0
138	43	0
138	44	0
138	45	0
138	46	0
138	47	0
138	48	0
138	49	0
138	50	0
138	51	0
138	52	0
138	53	0
138	54	0
138	55	0
138	56	0
138	57	0.247
139	0	0.609
139	1	0.52
139	2	0.75
139	3	0.455
139	4	0.333
139	5	0.333
139	6	0.125
139	7	0.3
139	8	0.6
139	9	0.833
139	10	0.727
139	11	0.429
139	12	0.417
139	13	0.333
139	14	0.167
139	15	0.143
139	17	0
139	18	0
139	19	0.143
139	20	0.286
139	21	0
139	22	0.2
139	23	0
139	24	0.545
139	25	0
139	26	0
139	27	0
139	28	0.2
139	29	0.8
139	30	0.333
139	31	0
139	32	0
139	33	0
139	34	0
139	35	0
139	36	0
139	37	0
139	38	0
139	39	0
139	40	0
139	41	0
139	42	0
139	43	0
139	44	0
139	45	0
139	46	0
139	47	0
139	48	0.077
139	49	0
139	50	0
139	51	0.125
139	52	0
139	53	0
139	54	0
139	55	0
139	56	0
139	57	0.044
140	0	0.071
140	1	0.067
140	2	0.125
140	3	0
140	4	0
140	5	0
140	6	0
140	7	0
140	9	0.2
140	10	0.375
140	11	0.143
140	12	0.375
140	13	0.3
140	14	0.286
140	15	0.4
140	16	1
140	17	0.333
140	18	0.667
140	19	0
140	20	0.25
140	21	0
140	22	0.25
140	23	0.833
140	24	0.5
140	25	0
140	26	0
140	27	0
140	28	0
140	29	0
140	30	0
140	31	0
140	32	0
140	33	0
140	34	0
140	35	0
140	36	0
140	37	0
140	38	0
140	39	0
140	40	0
140	41	0
140	42	0
140	43	0
140	44	0
140	45	0
140	46	0
140	47	0.571
140	48	0
140	49	0.2
140	50	0
140	51	0
140	52	0
140	53	0
140	54	0
140	55	0
140	56	0.333
140	57	0.392
141	0	0.4
141	1	0.75
141	2	0.5
141	3	1
141	4	0
141	6	0
141	7	0
141	9	0
141	10	0
141	11	0.667
141	12	0.333
141	13	0
141	14	0.25
141	17	0
141	20	0
141	21	0
141	22	0.333
141	24	0.6
141	25	0
141	26	0
141	28	0
141	30	0
141	31	0
141	32	0
141	33	0
141	34	0
141	35	0
141	36	0
141	37	0
141	38	0
141	39	0
141	41	0
141	42	0
141	43	0
141	44	0
141	45	0
141	46	0
141	47	0
141	48	0
141	49	0
141	50	0
141	51	0
141	52	0
141	53	0
141	54	0
141	55	0
141	56	0
141	57	0
142	0	0.375
142	1	0.5
142	2	0.75
142	3	0.333
142	4	0
142	5	0.2
142	6	0
142	7	0.25
142	9	0.333
142	10	0
142	11	0.5
142	12	0.2
142	13	0.286
142	14	0.2
142	15	0.2
142	16	0
142	17	0
142	18	0.333
142	19	0.25
142	21	0.25
142	22	0.25
142	23	0
142	24	0.312
142	25	0.111
142	26	0.125
142	27	0
142	28	0.5
142	29	0
142	30	0
142	31	0
142	32	0
142	33	0
142	34	0
142	35	0
142	36	0
142	37	0
142	38	0
142	39	0
142	40	0
142	41	0
142	42	0
142	43	0
142	44	0
142	45	0
142	46	0
142	47	0.083
142	48	0.25
142	49	0
142	50	0
142	51	0
142	52	0
142	53	0
142	54	0
142	55	0
142	56	0.2
142	57	0
