"time"	"distance"	"value"
36	0	0.261
36	1	0
36	2	0
36	3	0
36	4	0.053
36	5	0
36	6	0
36	7	0
36	8	0
36	9	0
36	10	0
36	11	0
36	12	0
36	13	0
36	14	0
36	15	0.036
36	16	0
36	17	0.056
36	18	0
36	19	0
36	20	0
36	21	0
36	22	0.053
36	23	0.143
36	24	0.045
36	25	0.053
36	26	0.273
36	27	0.152
36	28	0.172
36	29	0.321
36	30	0.242
36	31	0.222
36	32	0.348
36	33	0
36	34	0.267
36	35	0.176
36	36	0.273
36	37	0.143
36	38	0.312
36	39	0.28
36	40	0.292
36	41	0.25
36	42	0.435
36	43	0.491
36	44	0.349
36	45	0.304
37	0	0.143
37	1	0
37	2	0
37	3	0
37	4	0
37	5	0
37	6	0
37	7	0
37	8	0
37	9	0
37	10	0
37	11	0
37	12	0
37	13	0
37	14	0
37	15	0
37	16	0
37	17	0
37	18	0
37	19	0
37	20	0
37	21	0
37	22	0
37	23	0
37	24	0
37	25	0.167
37	26	0.286
37	27	0.238
37	28	0.158
37	29	0.368
37	30	0.333
37	31	0.417
37	32	0.222
37	33	0.2
37	34	0.286
37	35	0.111
37	36	0.4
37	37	0.5
37	38	0.222
37	39	0.4
37	40	0.333
37	41	0.6
37	42	0.68
37	43	0.619
37	44	0.545
37	45	0.375
38	7	0
38	8	0
38	9	0
38	12	0
38	13	0
38	14	0
38	15	1
38	16	0
38	17	0
38	19	0
38	20	0
38	21	0
38	23	0
38	25	0
38	26	0
38	27	0
38	28	0
38	29	0
38	31	0
38	32	0
38	35	0
38	36	0
38	38	0
38	39	0
38	40	0
38	41	0
38	42	0
38	43	0
38	44	0
38	45	0
39	0	0.25
39	1	0
39	2	0
39	3	0
39	4	0
39	5	0
39	6	0
39	7	0
39	8	0
39	9	0
39	10	0
39	11	0
39	12	0
39	13	0
39	14	0
39	15	0.103
39	16	0
39	17	0
39	18	0
39	19	0
39	20	0.136
39	21	0.15
39	22	0
39	23	0.143
39	24	0.05
39	25	0.053
39	26	0.342
39	27	0.333
39	28	0.419
39	29	0.414
39	30	0.488
39	31	0.333
39	32	0.312
39	33	0.231
39	34	0.375
39	35	0.25
39	36	0.278
39	37	0.214
39	38	0.333
39	39	0.333
39	40	0.235
39	41	0.455
39	42	0.61
39	43	0.75
39	44	0.722
39	45	0.643
40	0	0.029
40	1	0
40	2	0
40	3	0.214
40	4	0
40	5	0
40	6	0
40	7	0
40	8	0
40	9	0
40	10	0
40	11	0
40	12	0
40	13	0
40	14	0
40	15	0.111
40	16	0
40	17	0
40	18	0
40	19	0
40	20	0
40	21	0.111
40	22	0
40	23	0.111
40	24	0
40	25	0
40	26	0.235
40	27	0.231
40	28	0.462
40	29	0.333
40	30	0.357
40	31	0.364
40	32	0.429
40	33	0.5
40	34	0.167
40	35	0.2
40	36	0.286
40	37	0.333
40	38	0.375
40	39	0.667
40	40	0.125
40	41	0.364
40	42	0.526
40	43	0.444
40	44	0.444
40	45	0.833
41	0	0.038
41	1	0
41	2	0
41	3	0.059
41	4	0
41	5	0
41	6	0
41	7	0
41	8	0
41	9	0
41	10	0
41	11	0
41	12	0
41	13	0
41	14	0
41	15	0.086
41	16	0
41	17	0
41	18	0
41	19	0.053
41	20	0.136
41	21	0.071
41	22	0.095
41	23	0
41	24	0.1
41	25	0.095
41	26	0.115
41	27	0.351
41	28	0.303
41	29	0.258
41	30	0.357
41	31	0.16
41	32	0.182
41	33	0.286
41	34	0.182
41	35	0.346
41	36	0.333
41	37	0.357
41	38	0.429
41	39	0.348
41	40	0.417
41	41	0.417
41	42	0.588
41	43	0.661
41	44	0.432
41	45	0.591
42	0	0.115
42	1	0
42	2	0
42	3	0
42	4	0
42	5	0
42	6	0
42	7	0
42	8	0
42	9	0
42	10	0
42	11	0
42	12	0
42	13	0
42	14	0
42	15	0
42	17	0.056
42	18	0
42	19	0
42	20	0
42	21	0.08
42	22	0.062
42	23	0.062
42	24	0.077
42	25	0.118
42	26	0.326
42	27	0.419
42	28	0.417
42	29	0.423
42	30	0.429
42	31	0.462
42	32	0.312
42	33	0.167
42	34	0.25
42	35	0.333
42	36	0.5
42	37	0.417
42	38	0.5
42	39	0.52
42	40	0.571
42	41	0.458
42	42	0.576
42	43	0.524
42	44	0.444
42	45	0.312
43	0	0
43	1	0
43	2	0
43	3	0.031
43	4	0
43	5	0
43	6	0
43	7	0
43	8	0
43	9	0
43	10	0
43	11	0
43	12	0
43	13	0
43	14	0
43	15	0.12
43	16	0
43	17	0.062
43	18	0
43	19	0.062
43	20	0.1
43	21	0.087
43	22	0.2
43	23	0
43	24	0.154
43	25	0.105
43	26	0.322
43	27	0.294
43	28	0.423
43	29	0.417
43	30	0.448
43	31	0.571
43	32	0.222
43	33	0
43	34	0.222
43	35	0.111
43	36	0.25
43	37	0.2
43	38	0.231
43	39	0.25
43	40	0.25
43	41	0.438
43	42	0.595
43	43	0.767
43	44	0.484
43	45	0.7
45	0	0.119
45	1	0
45	2	0.059
45	3	0.044
45	4	0
45	5	0
45	6	0
45	7	0
45	8	0
45	9	0
45	10	0
45	11	0
45	12	0
45	13	0
45	14	0
45	15	0.062
45	16	0
45	17	0.042
45	18	0
45	19	0
45	20	0.2
45	21	0.135
45	22	0.105
45	23	0.207
45	24	0.174
45	25	0.222
45	26	0.486
45	27	0.312
45	28	0.436
45	29	0.429
45	30	0.608
45	31	0.5
45	32	0.514
45	33	0.455
45	34	0.154
45	35	0.364
45	36	0.421
45	37	0.375
45	38	0.556
45	39	0.562
45	40	0.333
45	41	0.5
45	42	0.729
45	43	0.648
45	44	0.588
45	45	0.842
46	1	0
46	3	0
46	4	0
46	5	0
46	6	0
46	7	0
46	8	0
46	9	0
46	11	0
46	13	0
46	14	0
46	15	0
46	17	0
46	19	0
46	20	0
46	21	0
46	22	0
46	23	0
46	25	0
46	26	0
46	27	1
46	28	1
46	29	0
46	30	0
46	31	0
46	32	1
46	33	1
46	34	1
46	36	1
46	37	1
46	39	1
46	40	1
46	41	1
46	42	1
46	43	0.667
46	44	0
46	45	1
47	0	0.098
47	1	0
47	2	0
47	3	0.032
47	4	0.053
47	5	0
47	6	0
47	7	0
47	8	0
47	9	0
47	10	0
47	11	0
47	12	0
47	13	0
47	14	0.077
47	15	0.4
47	16	0
47	17	0
47	18	0
47	19	0
47	20	0
47	21	0.056
47	22	0.182
47	23	0
47	24	0
47	25	0
47	26	0.222
47	27	0.417
47	28	0.455
47	29	0.529
47	30	0.441
47	31	0.571
47	32	0.2
47	33	0
47	34	0.143
47	35	0.05
47	36	0.154
47	37	0.167
47	38	0.2
47	39	0.429
47	40	0
47	41	0.5
47	42	0.5
47	43	0.833
47	44	0.5
47	45	1
48	0	0.172
48	1	0.2
48	2	0.1
48	3	0.15
48	4	0.122
48	5	0
48	6	0
48	7	0
48	8	0
48	9	0
48	10	0
48	11	0
48	12	0
48	13	0
48	14	0
48	15	0.07
48	16	0.5
48	17	0.059
48	18	0
48	19	0
48	20	0.042
48	21	0.143
48	22	0.074
48	23	0.062
48	24	0.048
48	25	0.226
48	26	0.301
48	27	0.327
48	28	0.25
48	29	0.302
48	30	0.365
48	31	0.346
48	32	0.222
48	33	0.1
48	34	0.447
48	35	0.316
48	36	0.391
48	37	0.235
48	38	0.3
48	39	0.324
48	40	0.348
48	41	0.633
48	42	0.598
48	43	0.542
48	44	0.425
48	45	0.786
50	0	0.305
50	1	0.167
50	2	0.19
50	3	0.132
50	4	0.071
50	5	0
50	6	0
50	7	0
50	8	0
50	9	0
50	10	0
50	11	0
50	12	0
50	13	0
50	14	0
50	15	0.087
50	16	0
50	17	0.043
50	18	0
50	19	0
50	20	0.167
50	21	0.111
50	22	0.062
50	23	0
50	24	0
50	25	0
50	26	0.225
50	27	0.294
50	28	0.441
50	29	0.429
50	30	0.35
50	31	0.172
50	32	0.36
50	33	0.25
50	34	0.2
50	35	0.273
50	36	0.154
50	37	0.286
50	38	0.231
50	39	0.385
50	40	0.207
50	41	0.606
50	42	0.73
50	43	0.712
50	44	0.556
50	45	0.594
52	0	0.103
52	1	0
52	2	0
52	3	0
52	4	0
52	5	0
52	6	0
52	7	0
52	8	0
52	9	0
52	10	0
52	11	0
52	12	0
52	13	0
52	14	0
52	15	0
52	16	0
52	17	0
52	18	0.167
52	19	0
52	20	0.067
52	21	0.043
52	22	0.077
52	23	0.071
52	24	0
52	25	0
52	26	0.361
52	27	0.28
52	28	0.2
52	29	0.409
52	30	0.419
52	31	0.345
52	32	0.316
52	33	0.2
52	34	0.4
52	35	0.222
52	36	0.474
52	37	0.25
52	38	0.2
52	39	0.467
52	40	0.235
52	41	0.611
52	42	0.757
52	43	0.778
52	44	0.643
52	45	0.467
53	0	0.091
53	1	0
53	2	0
53	3	0
53	4	0
53	5	0
53	6	0
53	7	0
53	8	0
53	9	0
53	10	0
53	11	0
53	12	0
53	13	0
53	14	0
53	15	0.05
53	17	0.023
53	18	0
53	19	0
53	20	0
53	21	0
53	22	0
53	23	0
53	24	0
53	25	0
53	26	0.185
53	27	0.333
53	28	0.36
53	29	0.56
53	30	0.595
53	31	0.5
53	32	0.333
53	33	0.375
53	34	0.414
53	35	0.429
53	36	0.273
53	37	0.182
53	38	0.364
53	39	0.143
53	40	0.318
53	41	0.769
53	42	0.702
53	43	0.694
53	44	0.467
53	45	0.583
54	0	0
54	1	0
54	2	0
54	3	0.028
54	4	0
54	5	0
54	6	0
54	7	0
54	8	0
54	9	0
54	10	0
54	11	0
54	12	0
54	13	0
54	14	0
54	15	0.147
54	16	0.25
54	17	0
54	18	0
54	19	0
54	20	0.05
54	21	0.043
54	22	0
54	23	0.111
54	24	0
54	25	0.077
54	26	0.462
54	27	0.421
54	28	0.385
54	29	0.538
54	30	0.733
54	31	0.533
54	32	0.5
54	33	0.3
54	34	0.735
54	35	0.571
54	36	0.222
54	37	0.357
54	38	0.286
54	39	0.476
54	40	0.565
54	41	0.69
54	42	0.82
54	43	0.519
54	44	0.617
54	45	0.75
56	0	0
56	1	0
56	2	0
56	3	0
56	4	0
56	5	0
56	6	0
56	7	0
56	8	0
56	9	0
56	10	0
56	11	0
56	12	0
56	13	0
56	14	0
56	15	0.091
56	16	0
56	17	0
56	18	0
56	19	0.067
56	20	0.176
56	21	0.08
56	22	0.1
56	23	0.19
56	24	0.071
56	25	0.167
56	26	0.235
56	27	0.444
56	28	0.4
56	29	0.391
56	30	0.455
56	31	0.333
56	32	0.474
56	33	0.083
56	34	0.222
56	35	0.433
56	36	0.389
56	37	0.3
56	38	0.286
56	39	0.36
56	40	0.45
56	41	0.595
56	42	0.77
56	43	0.716
56	44	0.553
56	45	0.667
57	0	0
57	1	0
57	2	0
57	3	0.1
57	4	0
57	5	0
57	6	0
57	7	0
57	8	0
57	9	0
57	10	0
57	11	0
57	12	0
57	13	0
57	14	0.056
57	15	0.067
57	16	0
57	17	0.231
57	18	0
57	19	0
57	20	0
57	21	0
57	22	0
57	23	0
57	24	0
57	25	0
57	26	0.062
57	27	0.105
57	28	0.263
57	29	0.211
57	30	0.087
57	31	0.286
57	32	0.3
57	33	0.2
57	34	0.524
57	35	0.333
57	36	0.364
57	37	0
57	38	0.273
57	39	0.273
57	40	0.471
57	41	0.692
57	42	0.556
57	43	0.25
57	44	0.261
57	45	0.778
58	0	0.085
58	1	0
58	2	0
58	3	0
58	4	0.056
58	5	0
58	6	0
58	7	0
58	8	0
58	9	0
58	10	0
58	11	0
58	12	0
58	13	0
58	14	0
58	15	0
58	16	0
58	17	0
58	18	0
58	19	0
58	20	0.091
58	21	0.2
58	22	0
58	23	0.091
58	24	0
58	25	0.059
58	26	0.167
58	27	0.278
58	28	0.353
58	29	0.368
58	30	0.552
58	31	0.636
58	32	0.5
58	33	0.333
58	34	0.591
58	35	0.25
58	36	0.182
58	37	0.333
58	38	0.333
58	39	0.25
58	40	0.429
58	41	0.6
58	42	0.789
58	43	0.5
58	44	0.375
58	45	0.5
59	9	0
59	10	0
59	11	0
59	12	0
59	14	0
59	15	0
59	17	0
59	19	0
59	20	0
59	21	0
59	23	0
59	24	0
59	25	0
59	26	0
59	27	0
59	28	0
59	29	0
59	30	0
59	31	0
59	32	0
59	33	0
59	34	0
59	35	0.25
59	36	0
59	37	0
59	38	0
59	39	0
59	41	0
59	42	0.25
59	43	0.2
59	44	0
59	45	1
60	0	0.155
60	1	0
60	2	0
60	3	0.062
60	4	0
60	5	0
60	6	0
60	7	0
60	8	0
60	9	0
60	10	0
60	11	0
60	12	0
60	13	0
60	14	0.067
60	15	0
60	16	0
60	17	0
60	18	0
60	19	0
60	20	0
60	21	0
60	22	0
60	23	0
60	24	0
60	25	0
60	26	0.125
60	27	0.211
60	28	0.333
60	29	0.667
60	30	0.481
60	31	0.471
60	32	0.571
60	33	0.125
60	34	0.375
60	35	0.588
60	36	0.333
60	37	0
60	38	0.25
60	39	0.125
60	40	0.2
60	41	0.652
60	42	0.545
60	43	0.875
60	44	0.462
60	45	0.7
61	0	0.056
61	1	0
61	2	0
61	3	0
61	4	0
61	5	0
61	6	0
61	7	0
61	8	0
61	9	0
61	10	0
61	11	0
61	12	0
61	13	0
61	14	0
61	15	0.091
61	17	0
61	18	0
61	19	0.125
61	20	0.077
61	21	0.2
61	22	0
61	23	0
61	24	0
61	25	0.25
61	26	0.429
61	27	0.333
61	28	0.273
61	29	0.389
61	30	0.52
61	31	0.5
61	32	0.167
61	33	0.143
61	34	0.611
61	35	0.5
61	36	0.308
61	37	0.333
61	38	0.167
61	39	0.467
61	40	0.438
61	41	0.793
61	42	0.657
61	43	0.667
61	44	0.593
61	45	0.75
62	0	0.018
62	1	0
62	2	0
62	3	0
62	4	0
62	5	0
62	6	0
62	7	0
62	8	0
62	9	0
62	10	0
62	11	0
62	12	0
62	13	0
62	14	0
62	15	0.13
62	16	0
62	17	0
62	18	0
62	19	0
62	20	0
62	21	0
62	22	0
62	23	0
62	24	0
62	25	0
62	26	0.129
62	27	0.345
62	28	0.6
62	29	0.609
62	30	0.586
62	31	0.48
62	32	0.286
62	33	0.65
62	34	0.765
62	35	0.25
62	36	0.312
62	37	0.3
62	38	0.444
62	39	0.36
62	40	0.389
62	41	0.759
62	42	0.625
62	43	0.52
62	44	0.667
62	45	0.737
64	0	0
64	1	0
64	3	0
64	4	0
64	5	0
64	6	0
64	7	0
64	8	0
64	9	0
64	10	0
64	11	0
64	12	0
64	13	0
64	14	0
64	15	0
64	17	0
64	18	0
64	19	0
64	20	0
64	21	0
64	22	0
64	23	0
64	24	0
64	25	0
64	26	0.333
64	27	0.167
64	28	0.357
64	29	0.25
64	30	0.52
64	31	0.5
64	32	0.1
64	33	0.143
64	34	0.444
64	35	0.125
64	36	0.333
64	37	0.333
64	38	0.5
64	39	0.583
64	40	0.5
64	41	0.5
64	42	0.824
64	43	0.8
64	44	0.667
64	45	0.6
65	0	0
65	1	0.25
65	2	0.25
65	3	0.071
65	4	0
65	5	0
65	6	0
65	7	0
65	8	0
65	9	0
65	10	0
65	11	0
65	12	0
65	13	0
65	14	0
65	15	0
65	16	0
65	17	0
65	18	0
65	19	0
65	20	0.125
65	21	0.077
65	22	0.143
65	23	0
65	24	0.143
65	25	0.167
65	26	0.1
65	27	0.267
65	28	0.214
65	29	0.182
65	30	0.385
65	31	0.2
65	32	0.333
65	33	0.6
65	34	0.526
65	35	0.444
65	36	0.333
65	37	0.375
65	38	0.714
65	39	0.333
65	40	0.308
65	41	0.2
65	42	0.636
65	43	0.211
65	44	0.429
65	45	0.5
66	0	0.038
66	1	0
66	2	0
66	3	0
66	4	0
66	5	0
66	6	0
66	7	0
66	8	0
66	9	0
66	10	0
66	11	0
66	12	0
66	13	0
66	14	0
66	15	0.054
66	16	0
66	17	0.059
66	18	0
66	19	0
66	20	0
66	21	0
66	22	0
66	23	0
66	24	0
66	25	0
66	26	0.079
66	27	0.167
66	28	0.256
66	29	0.219
66	30	0.375
66	31	0.308
66	32	0.286
66	33	0.333
66	34	0.429
66	35	0.278
66	36	0.25
66	37	0.385
66	38	0.125
66	39	0.227
66	40	0.227
66	41	0.478
66	42	0.571
66	43	0.548
66	44	0.515
66	45	0.75
67	0	0
67	1	0.5
67	2	0
67	3	0.067
67	4	0
67	5	0
67	6	0
67	7	0
67	8	0
67	9	0
67	10	0
67	11	0
67	12	0
67	13	0
67	14	0
67	15	0
67	16	0
67	17	0
67	18	0
67	19	0
67	20	0
67	21	0
67	22	0
67	23	0
67	24	0
67	25	0
67	26	0.312
67	27	0.273
67	28	0.538
67	29	0.5
67	30	0.625
67	31	0.333
67	32	0.286
67	33	0
67	34	0.2
67	35	0.375
67	36	0.2
67	37	0.4
67	38	0.6
67	39	0.333
67	40	0.375
67	41	0.385
67	42	0.444
67	43	0.357
67	44	0.467
67	45	0.429
68	0	0
68	1	0
68	2	0
68	3	0
68	4	0
68	5	0
68	6	0
68	7	0
68	8	0
68	9	0
68	10	0
68	11	0
68	12	0
68	13	0
68	14	0
68	15	0.083
68	17	0
68	18	0
68	19	0
68	20	0
68	21	0
68	22	0.167
68	23	0.143
68	24	0
68	25	0
68	26	0.333
68	27	0.267
68	28	0.5
68	29	0.545
68	30	0.3
68	31	0.167
68	32	0.4
68	33	0.333
68	34	0.25
68	35	0.3
68	36	0.25
68	37	0
68	38	0.182
68	39	0.467
68	40	0
68	41	0.214
68	42	0.312
68	43	0.5
68	44	0.278
68	45	0.8
69	0	0.143
69	1	0
69	2	0.273
69	3	0.125
69	4	0
69	5	0
69	6	0
69	7	0
69	8	0
69	9	0
69	10	0
69	11	0
69	12	0
69	13	0
69	14	0
69	15	0.032
69	16	0
69	17	0.067
69	18	0
69	19	0
69	20	0
69	21	0.036
69	22	0.071
69	23	0.059
69	24	0.077
69	25	0.143
69	26	0.225
69	27	0.267
69	28	0.414
69	29	0.609
69	30	0.6
69	31	0.684
69	32	0.524
69	33	0.333
69	34	0.375
69	35	0.556
69	36	0.429
69	37	0.4
69	38	0.5
69	39	0.72
69	40	0.526
69	41	0.71
69	42	0.647
69	43	0.709
69	44	0.6
69	45	0.526
70	0	0.048
70	1	0
70	2	0.125
70	3	0.088
70	4	0
70	5	0
70	6	0
70	7	0
70	8	0
70	9	0
70	10	0
70	11	0
70	12	0
70	13	0
70	14	0
70	15	0.115
70	16	0.333
70	17	0.056
70	18	0
70	19	0.059
70	20	0
70	21	0.107
70	22	0.111
70	23	0.067
70	24	0.053
70	25	0.045
70	26	0.25
70	27	0.312
70	28	0.255
70	29	0.418
70	30	0.484
70	31	0.344
70	32	0.303
70	33	0.364
70	34	0.389
70	35	0.447
70	36	0.393
70	37	0.438
70	38	0.281
70	39	0.357
70	40	0.486
70	41	0.467
70	42	0.602
70	43	0.489
70	44	0.36
70	45	0.423
71	0	0.306
71	1	0.125
71	2	0
71	3	0.216
71	4	0
71	5	0
71	6	0
71	7	0
71	8	0
71	9	0
71	10	0
71	11	0
71	12	0
71	13	0
71	14	0
71	15	0.074
71	16	0
71	17	0.053
71	18	0
71	19	0.05
71	20	0.053
71	21	0.179
71	22	0.133
71	23	0.13
71	24	0.118
71	25	0.1
71	26	0.194
71	27	0.357
71	28	0.452
71	29	0.4
71	30	0.382
71	31	0.111
71	32	0.391
71	33	0
71	34	0.25
71	35	0.077
71	36	0.2
71	37	0.067
71	38	0.053
71	39	0.12
71	40	0.25
71	41	0.161
71	42	0.291
71	43	0.328
71	44	0.26
71	45	0.611
72	0	0
72	1	0
72	2	0
72	3	0
72	4	0
72	5	0
72	6	0
72	7	0
72	8	0
72	9	0
72	10	0
72	11	0
72	12	0
72	13	0
72	14	0
72	15	0.077
72	16	0
72	17	0
72	18	0
72	19	0
72	20	0.105
72	21	0.278
72	22	0.118
72	23	0.083
72	24	0.067
72	25	0.091
72	26	0.235
72	27	0.211
72	28	0.143
72	29	0.238
72	30	0.227
72	31	0.125
72	32	0.059
72	33	0
72	34	0.286
72	35	0.312
72	36	0.235
72	37	0.364
72	38	0.286
72	39	0.333
72	40	0.429
72	41	0.483
72	42	0.632
72	43	0.472
72	44	0.52
72	45	0.353
73	0	0.197
73	1	0
73	2	0
73	3	0.029
73	4	0
73	5	0
73	6	0
73	7	0
73	8	0
73	9	0
73	10	0
73	11	0
73	12	0
73	13	0
73	14	0
73	15	0
73	16	0
73	17	0
73	18	0
73	19	0
73	20	0
73	21	0
73	22	0
73	23	0
73	24	0
73	25	0
73	26	0.129
73	27	0.133
73	28	0.24
73	29	0.304
73	30	0.216
73	31	0.176
73	32	0.182
73	33	0
73	34	0.214
73	35	0.286
73	36	0.167
73	37	0.167
73	38	0.143
73	39	0.176
73	40	0.263
73	41	0.261
73	42	0.273
73	43	0.326
73	44	0.173
73	45	0.25
74	0	0.265
74	1	0
74	2	0
74	3	0.037
74	4	0
74	5	0
74	6	0
74	7	0
74	8	0
74	9	0
74	10	0
74	11	0
74	12	0
74	13	0
74	14	0
74	15	0.087
74	16	0.143
74	17	0
74	18	0
74	19	0
74	20	0
74	21	0
74	22	0
74	23	0
74	24	0
74	25	0
74	26	0.088
74	27	0.2
74	28	0.31
74	29	0.259
74	30	0.3
74	31	0.136
74	32	0.333
74	33	0
74	34	0.5
74	35	0.143
74	36	0.389
74	37	0.273
74	38	0.263
74	39	0.308
74	40	0.294
74	41	0.364
74	42	0.486
74	43	0.531
74	44	0.485
74	45	0.353
75	0	0.256
75	1	0
75	2	0.077
75	3	0.143
75	4	0
75	5	0
75	6	0
75	7	0
75	8	0
75	9	0
75	10	0
75	11	0
75	12	0
75	13	0
75	14	0
75	15	0.128
75	16	0
75	17	0.071
75	18	0
75	19	0
75	20	0
75	21	0
75	22	0
75	23	0.038
75	24	0.038
75	25	0
75	26	0.174
75	27	0.222
75	28	0.262
75	29	0.333
75	30	0.438
75	31	0.333
75	32	0.258
75	33	0.571
75	34	0.333
75	35	0.344
75	36	0.5
75	37	0.406
75	38	0.5
75	39	0.395
75	40	0.276
75	41	0.525
75	42	0.448
75	43	0.474
75	44	0.388
75	45	0.444
76	0	0.107
76	1	0
76	2	0
76	3	0
76	4	0
76	5	0
76	6	0
76	7	0
76	8	0
76	9	0
76	10	0
76	11	0
76	12	0
76	13	0
76	14	0
76	15	0.062
76	16	0
76	17	0.04
76	18	0
76	19	0
76	20	0
76	21	0
76	22	0
76	23	0
76	24	0
76	25	0
76	26	0.067
76	27	0.178
76	28	0.122
76	29	0.25
76	30	0.3
76	31	0.154
76	32	0.185
76	33	0.111
76	34	0
76	35	0.12
76	36	0.348
76	37	0.438
76	38	0.348
76	39	0.357
76	40	0.389
76	41	0.31
76	42	0.591
76	43	0.587
76	44	0.587
76	45	0.812
77	0	0.022
77	1	0
77	2	0
77	3	0.036
77	4	0
77	5	0
77	6	0
77	7	0
77	8	0
77	9	0
77	10	0
77	11	0
77	12	0
77	13	0
77	14	0
77	15	0.057
77	16	0
77	17	0
77	18	0
77	19	0
77	20	0
77	21	0
77	22	0
77	23	0
77	24	0
77	25	0
77	26	0.094
77	27	0.158
77	28	0.2
77	29	0.31
77	30	0.25
77	31	0.261
77	32	0.059
77	33	0
77	34	0.111
77	35	0.1
77	36	0.19
77	37	0
77	38	0.125
77	39	0.182
77	40	0.2
77	41	0.348
77	42	0.447
77	43	0.475
77	44	0.571
77	45	0.667
78	0	0.141
78	1	0
78	2	0.125
78	3	0.032
78	4	0
78	5	0
78	6	0
78	7	0
78	8	0
78	9	0
78	10	0
78	11	0
78	12	0
78	13	0
78	14	0
78	15	0.022
78	16	0
78	17	0
78	18	0
78	19	0
78	20	0
78	21	0
78	22	0
78	23	0
78	24	0
78	25	0
78	26	0.129
78	27	0.389
78	28	0.379
78	29	0.515
78	30	0.515
78	31	0.4
78	32	0.375
78	33	0.125
78	34	0.4
78	35	0.3
78	36	0.409
78	37	0.667
78	38	0.316
78	39	0.556
78	40	0.625
78	41	0.697
78	42	0.685
78	43	0.537
78	44	0.464
78	45	0.438
79	0	0.257
79	1	0.091
79	2	0.143
79	3	0.08
79	4	0
79	5	0
79	6	0
79	7	0
79	8	0
79	9	0
79	10	0
79	11	0
79	12	0
79	13	0
79	14	0
79	15	0.214
79	16	0
79	17	0.077
79	18	0
79	19	0
79	20	0
79	21	0
79	22	0
79	23	0
79	24	0
79	25	0
79	26	0
79	27	0.087
79	28	0.381
79	29	0.556
79	30	0.524
79	31	0.364
79	32	0.182
79	33	0.222
79	34	0
79	35	0.125
79	36	0.231
79	37	0.333
79	38	0.333
79	39	0.2
79	40	0.3
79	41	0.588
79	42	0.458
79	43	0.435
79	44	0.5
79	45	0.545
80	0	0.112
80	1	0
80	2	0.083
80	3	0.016
80	4	0
80	5	0
80	6	0
80	7	0
80	8	0
80	9	0
80	10	0
80	11	0
80	12	0
80	13	0
80	14	0
80	15	0.018
80	16	0
80	17	0.071
80	18	0
80	19	0.024
80	20	0.023
80	21	0
80	22	0
80	23	0.027
80	24	0.027
80	25	0.114
80	26	0.167
80	27	0.143
80	28	0.152
80	29	0.148
80	30	0.237
80	31	0.062
80	32	0.095
80	33	0
80	34	0
80	35	0.111
80	36	0.108
80	37	0.071
80	38	0.027
80	39	0.204
80	40	0.111
80	41	0.259
80	42	0.349
80	43	0.404
80	44	0.365
80	45	0.37
81	0	0.103
81	1	0
81	2	0.167
81	3	0.217
81	4	0
81	5	0
81	6	0
81	7	0
81	8	0
81	9	0
81	10	0
81	11	0
81	12	0
81	13	0
81	14	0
81	15	0.03
81	17	0
81	18	0
81	19	0
81	20	0.091
81	21	0.08
81	22	0
81	23	0.067
81	24	0
81	25	0.167
81	26	0.458
81	27	0.409
81	28	0.32
81	29	0.448
81	30	0.321
81	31	0.286
81	32	0.32
81	33	0
81	34	0.273
81	35	0.294
81	36	0.267
81	37	0.308
81	38	0.211
81	39	0.346
81	40	0.467
81	41	0.44
81	42	0.6
81	43	0.535
81	44	0.382
81	45	0.333
82	0	0
82	2	0
82	3	1
82	4	0
82	5	0
82	7	0
82	8	0
82	9	0
82	10	0
82	11	0
82	12	0
82	13	0
82	14	0
82	15	0.045
82	16	0
82	17	0
82	18	0
82	19	0
82	20	0.143
82	21	0.125
82	22	0
82	23	0
82	24	0.176
82	25	0.192
82	26	0.579
82	27	0.667
82	28	0.474
82	29	0.615
82	30	0.533
82	31	0.667
82	32	0.4
82	33	0.4
82	34	0.2
82	35	0.533
82	36	0.857
82	37	0.375
82	38	0.333
82	39	0.429
82	40	0.538
82	41	0.812
82	42	0.957
82	43	0.889
82	44	0.8
82	45	1
83	0	0.065
83	1	0
83	2	0
83	3	0.038
83	4	0
83	5	0
83	6	0
83	7	0
83	8	0
83	9	0
83	10	0
83	11	0
83	12	0
83	13	0
83	14	0
83	15	0.069
83	16	0
83	17	0
83	18	0
83	19	0.045
83	20	0
83	21	0.053
83	22	0.034
83	23	0
83	24	0
83	25	0.036
83	26	0.407
83	27	0.22
83	28	0.194
83	29	0.263
83	30	0.375
83	31	0.292
83	32	0.259
83	33	0.143
83	34	0.077
83	35	0.227
83	36	0.15
83	37	0.091
83	38	0.25
83	39	0.25
83	40	0.125
83	41	0.242
83	42	0.299
83	43	0.442
83	44	0.34
83	45	0.529
84	0	0.087
84	1	0
84	2	0
84	3	0.056
84	4	0
84	5	0
84	6	0
84	7	0
84	8	0
84	9	0
84	10	0
84	11	0
84	12	0
84	13	0
84	14	0.043
84	15	0.111
84	16	0
84	17	0
84	18	0
84	19	0
84	20	0.045
84	21	0.038
84	22	0.118
84	23	0.118
84	24	0.154
84	25	0.208
84	26	0.346
84	27	0.214
84	28	0.156
84	29	0.25
84	30	0.103
84	31	0.15
84	32	0.2
84	33	0.1
84	34	0.1
84	35	0.235
84	36	0.15
84	37	0.154
84	38	0.077
84	39	0.25
84	40	0.267
84	41	0.259
84	42	0.293
84	43	0.3
84	44	0.2
84	45	0.154
85	0	0.143
85	1	0
85	2	0
85	3	0
85	4	0
85	5	0
85	6	0
85	7	0
85	8	0
85	9	0
85	10	0
85	11	0
85	12	0
85	13	0
85	14	0
85	15	0
85	16	0
85	17	0
85	18	0
85	19	0
85	20	0.25
85	21	0.091
85	22	0.05
85	23	0.053
85	24	0.091
85	25	0.083
85	26	0.268
85	27	0.25
85	28	0.115
85	29	0.333
85	30	0.097
85	31	0.19
85	32	0.133
85	33	0
85	34	0.167
85	35	0.091
85	36	0.091
85	37	0.083
85	38	0.273
85	39	0.188
85	40	0.2
85	41	0.278
85	42	0.324
85	43	0.206
85	44	0.37
85	45	0.167
86	0	0.026
86	1	0
86	2	0
86	3	0.024
86	4	0
86	5	0
86	6	0
86	7	0
86	8	0
86	9	0
86	10	0
86	11	0
86	12	0
86	13	0
86	14	0
86	15	0
86	16	0
86	17	0
86	18	0
86	19	0
86	20	0
86	21	0.03
86	22	0.042
86	23	0
86	24	0.071
86	25	0.132
86	26	0.208
86	27	0.147
86	28	0.1
86	29	0.133
86	30	0.083
86	31	0.15
86	32	0.125
86	33	0.067
86	34	0.364
86	35	0.333
86	36	0.286
86	37	0.286
86	38	0.471
86	39	0.361
86	40	0.273
86	41	0.325
86	42	0.293
86	43	0.34
86	44	0.256
86	45	0.318
87	0	0.088
87	1	0.143
87	2	0.1
87	3	0.1
87	4	0
87	5	0
87	6	0
87	7	0
87	8	0
87	9	0
87	10	0
87	11	0
87	12	0
87	13	0
87	14	0.025
87	15	0.021
87	16	0
87	17	0
87	18	0
87	19	0
87	20	0.071
87	21	0.129
87	22	0.042
87	23	0.13
87	24	0.167
87	25	0.225
87	26	0.509
87	27	0.486
87	28	0.345
87	29	0.368
87	30	0.487
87	31	0.296
87	32	0.267
87	33	0.2
87	34	0.231
87	35	0.407
87	36	0.5
87	37	0.312
87	38	0.421
87	39	0.296
87	40	0.4
87	41	0.595
87	42	0.645
87	43	0.491
87	44	0.523
87	45	0.562
88	0	0
88	1	0
88	2	0.091
88	3	0.059
88	4	0
88	5	0
88	6	0
88	7	0
88	8	0
88	9	0
88	10	0
88	11	0
88	12	0
88	13	0
88	14	0
88	15	0.065
88	16	0
88	17	0.04
88	18	0
88	19	0
88	20	0.045
88	21	0.091
88	22	0
88	23	0.045
88	24	0.083
88	25	0.161
88	26	0.265
88	27	0.1
88	28	0.067
88	29	0.161
88	30	0.069
88	31	0.095
88	32	0.048
88	33	0.083
88	34	0.111
88	35	0.045
88	36	0
88	37	0.154
88	38	0.2
88	39	0.176
88	40	0.056
88	41	0.194
88	42	0.17
88	43	0.259
88	44	0.279
88	45	0.2
89	0	0.039
89	1	0.222
89	2	0.2
89	3	0.107
89	4	0
89	5	0
89	6	0
89	7	0
89	8	0
89	9	0
89	10	0
89	11	0
89	12	0
89	13	0
89	14	0
89	15	0.079
89	16	0.333
89	17	0
89	18	0
89	19	0
89	20	0
89	21	0
89	22	0.05
89	23	0
89	24	0.069
89	25	0.104
89	26	0.102
89	27	0.047
89	28	0.091
89	29	0.088
89	30	0.136
89	31	0.077
89	32	0.091
89	33	0.133
89	34	0.125
89	35	0.143
89	36	0.133
89	37	0.143
89	38	0.138
89	39	0.265
89	40	0.438
89	41	0.343
89	42	0.339
89	43	0.3
89	44	0.279
89	45	0.5
90	0	0
90	1	0
90	2	0
90	3	0
90	4	0
90	5	0
90	6	0
90	7	0
90	8	0
90	9	0
90	10	0
90	11	0
90	12	0
90	13	0
90	14	0
90	15	0
90	16	0
90	17	0
90	18	0
90	19	0
90	20	0
90	21	0
90	22	0
90	23	0
90	24	0
90	25	0
90	26	0
90	27	0.05
90	28	0.143
90	29	0.154
90	30	0.065
90	31	0.095
90	32	0
90	33	0
90	34	0
90	35	0.037
90	36	0
90	37	0.091
90	38	0
90	39	0.238
90	40	0.16
90	41	0.174
90	42	0.293
90	43	0.3
90	44	0.219
90	45	0.333
91	0	0.098
91	1	0
91	2	0.053
91	3	0.028
91	4	0
91	5	0
91	6	0
91	7	0
91	8	0
91	9	0
91	10	0
91	11	0
91	12	0
91	13	0
91	14	0
91	15	0
91	16	0
91	17	0.022
91	18	0
91	19	0.081
91	20	0.175
91	21	0.21
91	22	0.2
91	23	0.219
91	24	0.158
91	25	0.322
91	26	0.598
91	27	0.474
91	28	0.277
91	29	0.321
91	30	0.375
91	31	0.206
91	32	0.22
91	33	0.167
91	34	0.25
91	35	0.212
91	36	0.171
91	37	0.5
91	38	0.333
91	39	0.553
91	40	0.444
91	41	0.569
91	42	0.57
91	43	0.524
91	44	0.406
91	45	0.692
92	0	0
92	1	0
92	2	0.022
92	3	0
92	4	0.091
92	5	0
92	6	0
92	7	0
92	8	0
92	9	0
92	10	0
92	11	0
92	12	0
92	13	0
92	14	0
92	15	0
92	16	0
92	17	0
92	18	0
92	19	0
92	20	0
92	21	0
92	22	0
92	23	0
92	24	0
92	25	0
92	26	0
92	27	0
92	28	0.053
92	29	0
92	30	0.037
92	31	0
92	32	0.062
92	33	0
92	34	0
92	35	0.158
92	36	0.31
92	37	0.2
92	38	0.167
92	39	0.105
92	40	0.067
92	41	0.217
92	42	0.172
92	43	0.297
92	44	0.214
92	45	0.125
93	0	0.442
93	1	0
93	2	0
93	3	0.016
93	4	0
93	5	0
93	6	0
93	7	0
93	8	0
93	9	0
93	10	0
93	11	0
93	12	0
93	13	0
93	14	0
93	15	0.054
93	16	0
93	17	0
93	18	0
93	19	0.053
93	20	0.044
93	21	0.02
93	22	0
93	23	0.029
93	24	0.054
93	25	0.234
93	26	0.366
93	27	0.451
93	28	0.211
93	29	0.44
93	30	0.464
93	31	0.294
93	32	0.225
93	33	0.118
93	34	0.522
93	35	0.194
93	36	0.361
93	37	0.25
93	38	0.543
93	39	0.512
93	40	0.41
93	41	0.481
93	42	0.528
93	43	0.486
93	44	0.42
93	45	0.423
94	0	0.642
94	1	0
94	2	0
94	3	0.042
94	4	0
94	5	0
94	6	0
94	7	0
94	8	0
94	9	0
94	10	0
94	11	0
94	12	0
94	13	0
94	14	0
94	15	0.071
94	16	0
94	17	0.083
94	18	0
94	19	0.042
94	20	0
94	21	0.077
94	22	0.053
94	23	0
94	24	0.125
94	25	0.267
94	26	0.6
94	27	0.444
94	28	0.36
94	29	0.421
94	30	0.364
94	31	0.273
94	32	0.125
94	33	0.111
94	34	0
94	35	0.154
94	36	0.071
94	37	0
94	38	0.286
94	39	0.25
94	40	0.4
94	41	0.333
94	42	0.379
94	43	0.462
94	44	0.619
94	45	0.556
95	0	0.949
95	1	0
95	2	0.111
95	3	0.067
95	4	0
95	5	0
95	6	0
95	7	0
95	8	0
95	9	0
95	10	0
95	11	0
95	12	0
95	13	0
95	14	0
95	15	0.081
95	16	0
95	17	0.059
95	18	0
95	19	0
95	20	0.222
95	21	0.185
95	22	0.188
95	23	0.25
95	24	0.188
95	25	0.345
95	26	0.633
95	27	0.6
95	28	0.414
95	29	0.667
95	30	0.677
95	31	0.611
95	32	0.571
95	33	0.571
95	34	0.273
95	35	0.5
95	36	0.444
95	37	0.7
95	38	0.6
95	39	0.556
95	40	0.588
95	41	0.583
95	42	0.722
95	43	0.718
95	44	0.645
95	45	0.556
96	2	0
96	3	0.25
96	4	0
96	5	0
96	6	0
96	7	0
96	8	0
96	9	0
96	10	0
96	11	0
96	12	0
96	13	0
96	14	0
96	15	0
96	17	0
96	18	0
96	19	0
96	20	0
96	21	0.2
96	22	0
96	23	0
96	24	0
96	25	0.2
96	26	0.75
96	27	1
96	28	0.667
96	29	0.667
96	30	0.667
96	31	0.667
96	32	0.667
96	34	0.667
96	35	1
96	36	0.5
96	37	0.5
96	38	0
96	39	0.5
96	40	0.5
96	41	0.5
96	42	0.333
96	43	0.333
96	44	0.273
96	45	0
97	0	0.388
97	1	0
97	2	0.333
97	3	0.269
97	4	0
97	5	0
97	6	0
97	7	0
97	8	0
97	9	0
97	10	0
97	11	0
97	12	0
97	13	0
97	14	0.105
97	15	0.125
97	16	0
97	17	0
97	18	0
97	19	0.083
97	20	0.111
97	21	0.143
97	22	0.182
97	23	0
97	24	0.222
97	25	0.292
97	26	0.579
97	27	0.417
97	28	0.333
97	29	0.421
97	30	0.421
97	31	0.286
97	32	0.2
97	33	0.5
97	34	0.3
97	35	0.364
97	36	0.25
97	37	0.286
97	38	0.333
97	39	0.25
97	40	0.429
97	41	0.56
97	42	0.538
97	43	0.389
97	44	0.533
97	45	0
98	0	1
98	1	0
98	2	0
98	3	0.077
98	4	0
98	5	0
98	6	0
98	7	0
98	8	0
98	9	0
98	10	0
98	11	0
98	12	0
98	13	0
98	14	0
98	15	0.045
98	16	0
98	17	0
98	18	0
98	19	0
98	20	0
98	21	0
98	22	0
98	23	0
98	24	0.214
98	25	0.235
98	26	0.534
98	27	0.652
98	28	0.529
98	29	0.667
98	30	0.579
98	31	0.5
98	32	0.467
98	33	0.2
98	34	0.333
98	35	0.3
98	36	0.5
98	37	0.5
98	38	0
98	39	0.462
98	40	0.625
98	41	0.6
98	42	0.75
98	43	0.6
98	44	0.583
98	45	0.846
99	0	0.833
99	1	0
99	2	0
99	3	0
99	4	0.091
99	5	0
99	6	0
99	7	0
99	8	0
99	9	0
99	10	0
99	11	0
99	12	0
99	13	0
99	14	0
99	15	0.1
99	16	1
99	17	0
99	18	0
99	19	0
99	20	0.067
99	21	0.118
99	22	0.067
99	23	0
99	24	0.083
99	25	0.32
99	26	0.37
99	27	0.478
99	28	0.588
99	29	0.5
99	30	0.545
99	31	0.417
99	32	0.214
99	33	0
99	34	0.714
99	35	0.308
99	36	0.25
99	37	0.364
99	38	0.25
99	39	0.308
99	40	0.1
99	41	0.562
99	42	0.457
99	43	0.704
99	44	0.545
99	45	0.364
100	0	0.727
100	1	0
100	2	0
100	3	0.034
100	4	0
100	5	0
100	6	0
100	7	0
100	8	0
100	9	0
100	10	0
100	11	0
100	12	0
100	13	0
100	14	0
100	15	0.045
100	16	0.333
100	17	0
100	18	0
100	19	0
100	20	0
100	21	0
100	22	0
100	23	0
100	24	0
100	25	0
100	26	0.048
100	27	0
100	28	0
100	29	0.062
100	30	0.053
100	31	0.167
100	32	0
100	33	0
100	34	0
100	35	0.143
100	36	0.091
100	37	0
100	38	0
100	39	0
100	40	0.1
100	41	0.222
100	42	0.37
100	43	0.448
100	44	0.435
100	45	0.25
101	0	0.094
101	1	0.167
101	2	0.143
101	3	0.033
101	4	0
101	5	0
101	6	0
101	7	0
101	8	0
101	9	0
101	10	0
101	11	0
101	12	0
101	13	0
101	14	0
101	15	0
101	16	0
101	17	0
101	18	0
101	19	0.105
101	20	0.077
101	21	0.034
101	22	0.25
101	23	0
101	24	0.111
101	25	0.206
101	26	0.533
101	27	0.387
101	28	0.393
101	29	0.233
101	30	0.333
101	31	0.353
101	32	0.231
101	33	0.143
101	34	0.333
101	35	0.158
101	36	0.294
101	37	0.333
101	38	0.333
101	39	0.25
101	40	0.211
101	41	0.16
101	42	0.375
101	43	0.283
101	44	0.185
101	45	0
102	0	0.3
102	1	0
102	2	0
102	3	0
102	4	0
102	5	0
102	6	0
102	7	0
102	8	0
102	9	0
102	10	0
102	11	0
102	12	0
102	13	0
102	14	0
102	15	0.107
102	16	0
102	17	0
102	18	0
102	19	0
102	20	0.154
102	21	0.08
102	22	0.143
102	23	0.1
102	24	0.167
102	25	0.242
102	26	0.455
102	27	0.467
102	28	0.4
102	29	0.464
102	30	0.412
102	31	0.357
102	32	0.304
102	33	0.125
102	34	0.222
102	35	0.368
102	36	0.412
102	37	0.556
102	38	0.5
102	39	0.5
102	40	0.545
102	41	0.52
102	42	0.535
102	43	0.646
102	44	0.436
102	45	0.5
103	0	0.185
103	1	0.143
103	2	0
103	3	0
103	4	0
103	5	0
103	6	0
103	7	0
103	8	0
103	9	0
103	10	0
103	11	0
103	12	0
103	13	0
103	14	0
103	15	0
103	16	0
103	17	0
103	18	0
103	19	0
103	20	0
103	21	0
103	22	0
103	23	0
103	24	0
103	25	0
103	26	0.154
103	27	0.32
103	28	0.227
103	29	0.37
103	30	0.364
103	31	0.143
103	32	0.118
103	33	0
103	34	0.125
103	35	0.312
103	36	0.25
103	37	0.167
103	38	0.2
103	39	0.158
103	40	0.214
103	41	0.474
103	42	0.459
103	43	0.476
103	44	0.469
103	45	0.333
104	0	0.182
104	1	0
104	2	0
104	3	0.154
104	4	0.083
104	5	0
104	6	0
104	7	0
104	8	0
104	9	0
104	10	0
104	11	0
104	12	0
104	13	0
104	14	0
104	15	0
104	16	0
104	17	0
104	18	0
104	19	0.062
104	20	0.095
104	21	0.208
104	22	0
104	23	0.067
104	24	0
104	25	0.095
104	26	0.032
104	27	0.182
104	28	0.227
104	29	0.143
104	30	0.217
104	31	0.143
104	32	0.143
104	33	0.2
104	34	0.333
104	35	0.286
104	36	0.2
104	37	0.167
104	38	0.182
104	39	0.353
104	40	0.571
104	41	0.292
104	42	0.406
104	43	0.406
104	44	0.3
104	45	0.125
105	0	0
105	1	0
105	2	0
105	3	0
105	4	0
105	5	0
105	6	0
105	7	0
105	8	0
105	9	0
105	10	0
105	11	0
105	12	0
105	13	0
105	14	0
105	15	0
105	16	0
105	17	0
105	18	0.167
105	19	0
105	20	0.077
105	21	0.05
105	22	0
105	23	0
105	24	0
105	25	0.2
105	26	0.292
105	27	0.353
105	28	0.476
105	29	0.409
105	30	0.522
105	31	0.357
105	32	0.2
105	33	0.3
105	34	0
105	35	0.429
105	36	0.333
105	37	0.286
105	38	0.556
105	39	0.471
105	40	0.385
105	41	0.588
105	42	0.679
105	43	0.697
105	44	0.407
105	45	0.5
106	0	0
106	1	0
106	2	0
106	3	0
106	4	0
106	5	0
106	6	0
106	7	0
106	8	0
106	9	0
106	10	0
106	11	0
106	12	0
106	13	0
106	14	0
106	15	0
106	16	0
106	17	0
106	18	0
106	19	0
106	20	0
106	21	0
106	22	0
106	23	0
106	24	0
106	25	0.071
106	26	0.263
106	27	0.519
106	28	0.263
106	29	0.4
106	30	0.4
106	31	0.278
106	32	0.643
106	33	0.286
106	34	0.4
106	35	0.5
106	36	0.25
106	37	0.3
106	38	0.429
106	39	0.412
106	40	0.286
106	41	0.733
106	42	0.625
106	43	0.743
106	44	0.483
106	45	0.583
107	0	0.071
107	1	0
107	2	0
107	3	0.111
107	4	0
107	5	0
107	6	0
107	7	0
107	8	0
107	9	0
107	10	0
107	11	0
107	12	0
107	13	0
107	14	0
107	15	0.042
107	16	0
107	17	0.059
107	18	0
107	19	0
107	20	0
107	21	0
107	22	0
107	23	0
107	24	0
107	25	0.059
107	26	0.438
107	27	0.217
107	28	0.167
107	29	0.25
107	30	0.125
107	31	0
107	32	0.062
107	33	0
107	34	0.125
107	35	0.062
107	36	0.25
107	37	0.2
107	38	0.2
107	39	0.125
107	40	0.125
107	41	0.235
107	42	0.25
107	43	0.179
107	44	0.138
107	45	0.455
108	0	0.222
108	1	0
108	2	0
108	3	0.13
108	4	0
108	5	0
108	6	0
108	7	0
108	8	0
108	9	0
108	10	0
108	11	0
108	12	0
108	13	0
108	14	0
108	15	0
108	16	0
108	17	0
108	18	0
108	19	0
108	20	0
108	21	0
108	22	0
108	23	0
108	24	0
108	25	0
108	26	0.105
108	27	0.278
108	28	0.087
108	29	0.263
108	30	0.353
108	31	0.2
108	32	0.308
108	33	0.333
108	34	0.286
108	35	0.333
108	36	0.25
108	37	0.2
108	38	0.143
108	39	0.375
108	40	0.214
108	41	0.231
108	42	0.542
108	43	0.531
108	44	0.472
108	45	0.429
109	0	0.043
109	1	0
109	2	0
109	3	0.053
109	4	0
109	5	0
109	6	0
109	7	0
109	8	0
109	9	0
109	10	0
109	11	0
109	12	0
109	13	0
109	14	0
109	15	0
109	16	0
109	17	0
109	18	0
109	19	0
109	20	0.067
109	21	0
109	22	0
109	23	0.167
109	24	0
109	25	0.111
109	26	0.105
109	27	0.2
109	28	0.214
109	29	0.267
109	30	0.25
109	31	0.25
109	32	0.3
109	33	0.25
109	34	0
109	35	0.143
109	36	0.333
109	37	0.125
109	38	0.3
109	39	0.25
109	40	0.273
109	41	0.091
109	42	0.667
109	43	0.667
109	44	0.692
109	45	0.833
110	0	0
110	1	0
110	2	0
110	3	0.033
110	4	0
110	5	0
110	6	0
110	7	0
110	8	0
110	9	0
110	10	0
110	11	0
110	12	0
110	13	0
110	14	0
110	15	0
110	17	0
110	18	0
110	19	0
110	20	0
110	21	0
110	22	0
110	23	0
110	24	0
110	25	0
110	26	0.042
110	27	0.258
110	28	0.182
110	29	0.263
110	30	0.276
110	31	0.312
110	32	0.133
110	33	0.364
110	34	0.25
110	35	0.312
110	36	0.357
110	37	0.333
110	38	0.273
110	39	0.409
110	40	0.4
110	41	0.435
110	42	0.595
110	43	0.565
110	44	0.576
110	45	0.381
111	0	0.406
111	1	0
111	2	0.031
111	3	0.033
111	4	0
111	5	0
111	6	0
111	7	0
111	8	0
111	9	0
111	10	0
111	11	0
111	12	0
111	13	0
111	14	0
111	15	0.056
111	16	0
111	17	0
111	18	0
111	19	0
111	20	0
111	21	0
111	22	0
111	23	0
111	24	0
111	25	0.053
111	26	0.185
111	27	0.366
111	28	0.286
111	29	0.464
111	30	0.389
111	31	0.444
111	32	0.211
111	33	0.273
111	34	0.308
111	35	0.143
111	36	0.3
111	37	0.5
111	38	0.286
111	39	0.45
111	40	0.476
111	41	0.417
111	42	0.633
111	43	0.638
111	44	0.4
111	45	0.583
112	1	0
112	3	0
112	4	0
112	6	0
112	7	0
112	9	0
112	10	0
112	11	0
112	13	0
112	14	0
112	15	0
112	16	0
112	19	0
112	20	0
112	21	0
112	24	0
112	25	0
112	26	0
112	27	0
112	28	0
112	29	0
112	30	0
112	31	0
112	32	1
112	34	1
112	36	1
112	37	0
112	38	0
112	39	0
112	40	0
112	42	0
113	0	0.61
113	1	0
113	2	0
113	3	0
113	4	0
113	5	0
113	6	0
113	7	0
113	8	0
113	9	0
113	10	0
113	11	0
113	12	0
113	13	0
113	14	0
113	15	0
113	16	0
113	17	0
113	18	0
113	19	0
113	20	0
113	21	0.231
113	22	0.111
113	23	0.083
113	24	0.125
113	25	0.133
113	26	0.44
113	27	0.533
113	28	0.538
113	29	0.438
113	30	0.579
113	31	0.188
113	32	0.364
113	33	0.6
113	34	0.125
113	35	0.5
113	36	0.714
113	37	0.778
113	38	0.625
113	39	0.688
113	40	0.667
113	41	0.769
113	42	0.926
113	43	0.778
113	44	0.63
113	45	0.917
115	0	0.182
115	1	0
115	2	0
115	3	0.043
115	4	0
115	5	0
115	6	0
115	7	0
115	8	0
115	9	0
115	10	0
115	11	0
115	12	0
115	13	0
115	14	0
115	15	0.071
115	16	0
115	17	0
115	18	0
115	19	0
115	20	0
115	21	0
115	22	0.083
115	23	0
115	24	0
115	25	0
115	26	0
115	27	0.444
115	28	0.4
115	29	0.333
115	30	0.4
115	31	0.25
115	32	0.214
115	33	0.25
115	34	0.5
115	35	0.25
115	36	0.286
115	37	0.167
115	38	0.417
115	39	0.429
115	40	0.75
115	41	0.333
115	42	0.538
115	43	0.467
115	44	0.438
115	45	0.5
116	0	0.2
116	1	0
116	2	0
116	3	0
116	4	0
116	5	0
116	6	0
116	7	0
116	8	0
116	9	0
116	10	0
116	11	0
116	12	0
116	13	0
116	14	0
116	15	0
116	17	0
116	18	0
116	19	0
116	20	0
116	21	0
116	22	0
116	23	0
116	24	0
116	25	0
116	26	0.154
116	27	0.577
116	28	0.5
116	29	0.474
116	30	0.545
116	31	0.417
116	32	0.3
116	33	0.2
116	34	0.333
116	35	0.308
116	36	0.357
116	37	0.375
116	38	0.429
116	39	0.385
116	40	0.438
116	41	0.5
116	42	0.629
116	43	0.667
116	44	0.457
116	45	0.692
118	0	0.053
118	1	0
118	2	0
118	3	0
118	4	0
118	5	0
118	6	0
118	7	0
118	8	0
118	9	0
118	10	0
118	11	0
118	12	0
118	13	0
118	14	0
118	15	0
118	16	0
118	17	0
118	18	0
118	19	0
118	20	0
118	21	0
118	22	0
118	23	0
118	24	0
118	25	0
118	26	0
118	27	0.188
118	28	0.188
118	29	0.5
118	30	0.462
118	31	0.417
118	32	0.429
118	33	0
118	34	0.25
118	35	0
118	36	0.5
118	37	0.286
118	38	0.286
118	39	0.286
118	40	0.333
118	41	0.182
118	42	0.5
118	43	0.571
118	44	0.385
118	45	0.571
119	0	0
119	1	0
119	2	0
119	3	0
119	4	0
119	5	0
119	6	0
119	7	0
119	8	0
119	9	0
119	10	0
119	11	0
119	12	0
119	13	0
119	14	0
119	15	0
119	16	0
119	17	0
119	18	0
119	19	0
119	20	0
119	21	0
119	22	0
119	23	0
119	24	0
119	25	0
119	26	0.143
119	27	0.111
119	28	0.222
119	29	0.273
119	30	0.2
119	31	0.143
119	32	0.167
119	33	0
119	34	0.25
119	35	0.143
119	36	0.143
119	37	0.25
119	38	0.25
119	39	0.167
119	40	0.333
119	41	0.2
119	42	0.812
119	43	0.692
119	44	0.417
119	45	1
120	0	0.312
120	1	0
120	2	0
120	3	0.143
120	4	0
120	5	0
120	6	0
120	7	0
120	8	0
120	9	0
120	10	0
120	11	0
120	12	0
120	13	0
120	14	0
120	15	0.077
120	16	0
120	17	0
120	18	0
120	19	0
120	20	0
120	21	0
120	22	0
120	23	0
120	24	0
120	25	0
120	26	0.526
120	27	0.583
120	28	0.643
120	29	0.75
120	30	0.688
120	31	0.444
120	32	0.6
120	33	0.25
120	34	1
120	35	0.4
120	36	0.833
120	37	0.333
120	38	0.75
120	39	0.75
120	40	0.75
120	41	0.75
120	42	0.833
120	43	0.929
120	44	0.8
120	45	0.75
121	0	0.167
121	1	0
121	2	0
121	3	0
121	4	0
121	5	0
121	6	0
121	7	0
121	8	0
121	9	0
121	10	0
121	11	0
121	12	0
121	13	0
121	14	0
121	15	0
121	16	0
121	17	0
121	18	0
121	19	0
121	20	0
121	21	0
121	22	0
121	23	0
121	24	0
121	25	0
121	26	0.529
121	27	0.529
121	28	0.381
121	29	0.412
121	30	0.435
121	31	0.188
121	32	0.462
121	33	0.333
121	34	0.6
121	35	0.438
121	36	0.538
121	37	0.286
121	38	0.308
121	39	0.5
121	40	0.453
121	41	0.722
121	42	0.7
121	43	0.771
121	44	0.682
121	45	0.538
123	1	0
123	2	0
123	3	0
123	4	0
123	5	0
123	6	0
123	7	0
123	8	0
123	9	0
123	10	0
123	11	0
123	12	0
123	13	0
123	14	0.25
123	15	0
123	17	0
123	18	0
123	19	0
123	20	0
123	21	0.167
123	22	0
123	23	0.25
123	24	0
123	25	0.2
123	26	0.333
123	27	0.5
123	28	0.375
123	29	0.6
123	30	0.286
123	31	0.25
123	32	0.333
123	33	1
123	34	0
123	35	0.6
123	36	0
123	37	0.25
123	38	0
123	39	0.2
123	40	0.375
123	41	0
123	42	0.667
123	43	0.8
123	44	0.375
123	45	1
124	0	0.773
124	1	0.125
124	2	0.2
124	3	0.108
124	4	0.036
124	5	0
124	6	0
124	7	0
124	8	0
124	9	0
124	10	0
124	11	0
124	12	0
124	13	0
124	14	0
124	15	0
124	16	0
124	17	0
124	18	0
124	19	0
124	20	0.04
124	21	0
124	22	0.053
124	23	0
124	24	0
124	25	0
124	26	0.212
124	27	0.189
124	28	0.143
124	29	0.138
124	30	0.207
124	31	0.188
124	32	0.176
124	33	0.111
124	34	0
124	35	0.385
124	36	0.286
124	37	0.417
124	38	0.214
124	39	0.263
124	40	0.118
124	41	0.421
124	42	0.526
124	43	0.269
124	44	0.237
124	45	0.417
126	0	0.333
126	1	0
126	2	0
126	3	0
126	4	0
126	5	0
126	6	0
126	7	0
126	8	0
126	9	0
126	10	0
126	11	0
126	12	0
126	13	0
126	14	0
126	15	0.2
126	16	0
126	17	0
126	18	0
126	19	0
126	20	0
126	21	0
126	22	0
126	23	0
126	24	0
126	25	0
126	26	0.5
126	27	0.333
126	28	0.4
126	29	0.25
126	30	0.455
126	31	0
126	32	0.25
126	33	0
126	34	0
126	35	0
126	36	0.25
126	37	0.333
126	38	0.333
126	39	0.25
126	40	0.167
126	41	1
126	42	0.4
126	43	0.25
126	44	0.5
126	45	1
127	0	0
127	1	0.2
127	2	0
127	3	0
127	4	0
127	5	0
127	6	0
127	7	0
127	8	0
127	9	0
127	10	0
127	11	0
127	12	0
127	13	0
127	14	0.056
127	15	0
127	16	0
127	17	0
127	18	0
127	19	0.045
127	20	0.13
127	21	0.043
127	22	0.19
127	23	0.059
127	24	0.158
127	25	0.318
127	26	0.264
127	27	0.512
127	28	0.47
127	29	0.273
127	30	0.2
127	31	0.312
127	32	0.273
127	33	0.429
127	34	0.111
127	35	0.353
127	36	0.286
127	37	0.333
127	38	0.462
127	39	0.538
127	40	0.667
127	41	0.68
127	42	0.736
127	43	0.607
127	44	0.625
127	45	0.5
130	0	0.068
130	1	0
130	2	0
130	3	0.04
130	4	0
130	5	0
130	6	0
130	7	0
130	8	0
130	9	0
130	10	0
130	11	0
130	12	0
130	13	0
130	14	0
130	15	0.04
130	16	0
130	17	0
130	18	0
130	19	0
130	20	0
130	21	0
130	22	0
130	23	0
130	24	0
130	25	0
130	26	0.091
130	27	0.071
130	28	0.15
130	29	0.136
130	30	0.103
130	31	0.083
130	32	0.231
130	33	0.125
130	34	0.333
130	35	0.176
130	36	0.235
130	37	0.091
130	38	0.273
130	39	0.188
130	40	0.263
130	41	0.263
130	42	0.29
130	43	0.486
130	44	0.273
130	45	0.667
133	0	0
133	1	0
133	2	0
133	3	0
133	4	0
133	5	0
133	6	0
133	7	0
133	8	0
133	9	0
133	10	0
133	11	0
133	12	0
133	13	0
133	14	0
133	15	0.133
133	17	0
133	18	0
133	19	0
133	20	0
133	21	0
133	22	0
133	23	0
133	24	0
133	25	0
133	26	0.174
133	27	0.222
133	28	0.333
133	29	0.3
133	30	0.13
133	31	0
133	32	0
133	33	0
133	34	0
133	35	0.143
133	36	0.2
133	37	0.333
133	38	0.222
133	39	0.2
133	40	0.1
133	41	0.385
133	42	0.68
133	43	0.423
133	44	0.368
133	45	0.111
134	0	0.069
134	1	0
134	2	0
134	3	0
134	4	0
134	5	0
134	6	0
134	7	0
134	8	0
134	9	0
134	10	0
134	11	0
134	12	0
134	13	0
134	14	0
134	15	0
134	16	0
134	17	0
134	18	0
134	19	0
134	20	0
134	21	0
134	22	0
134	23	0
134	24	0.143
134	25	0
134	26	0.22
134	27	0.152
134	28	0.172
134	29	0.286
134	30	0.241
134	31	0.05
134	32	0.143
134	33	0.125
134	34	0.167
134	35	0.316
134	36	0.267
134	37	0.333
134	38	0.2
134	39	0.435
134	40	0.278
134	41	0.208
134	42	0.238
134	43	0.25
134	44	0.211
134	45	0.083
137	0	0
137	2	0
137	3	0
137	4	0
137	6	0
137	7	0
137	8	0
137	9	0
137	10	0
137	11	0
137	13	0
137	15	0
137	17	0
137	19	0
137	20	0
137	21	0
137	22	0
137	23	0
137	24	0
137	25	0
137	26	0
137	27	0
137	28	0
137	29	0
137	30	0
137	32	0
137	35	0
137	36	0
137	37	0
137	39	1
137	40	0
137	42	0.667
138	0	0.407
138	1	0
138	2	0
138	3	0.094
138	4	0
138	5	0
138	6	0
138	7	0
138	8	0
138	9	0
138	10	0
138	11	0
138	12	0
138	13	0
138	14	0
138	15	0
138	16	0
138	17	0
138	18	0
138	19	0
138	20	0
138	21	0
138	22	0
138	23	0
138	24	0
138	25	0
138	26	0.071
138	27	0.167
138	28	0.158
138	29	0.174
138	30	0.136
138	31	0
138	32	0.083
138	33	0
138	34	0
138	35	0.071
138	36	0
138	37	0.083
138	38	0.143
138	39	0.167
138	40	0.167
138	41	0.273
138	42	0.324
138	43	0.389
138	44	0.25
138	45	0.455
141	0	0
141	1	0
141	2	0
141	3	0
141	4	0
141	5	0
141	6	0
141	7	0
141	8	0
141	9	0
141	10	0
141	11	0
141	12	0
141	13	0
141	14	0
141	15	0
141	17	0
141	18	0
141	19	0
141	20	0
141	21	0
141	22	0
141	23	0.5
141	24	0.167
141	25	0
141	26	0.2
141	27	0.143
141	28	0
141	29	0.333
141	30	0.143
141	31	0
141	32	0
141	33	0
141	34	0.333
141	35	0
141	36	0
141	37	0
141	38	0
141	39	0.667
141	40	0.143
141	41	0
141	42	0.625
141	43	0.857
141	44	0.375
141	45	0.5
142	0	0.133
142	1	0
142	3	0
142	4	0
142	5	0
142	6	0
142	7	0
142	8	0
142	9	0
142	10	0
142	11	0
142	12	0
142	13	0
142	14	0
142	15	0
142	16	0
142	17	0
142	18	0
142	19	0
142	20	0
142	21	0
142	22	0
142	23	0
142	24	0
142	25	0
142	26	0.143
142	27	0.5
142	28	0.556
142	29	0.625
142	30	0.556
142	31	0.5
142	32	0.5
142	33	0
142	34	0.429
142	35	0
142	36	0.6
142	37	0.5
142	38	0.5
142	39	0.333
142	40	0.375
142	41	0.4
142	42	0.545
142	43	0.364
142	44	0.4
