"time"	"distance"	"value"
36	0	0
36	1	0
36	2	0
36	3	0
36	4	0
36	5	0
36	6	0
36	7	0
36	8	0.167
36	9	0.167
36	10	0
36	11	0.02
36	12	0.021
36	13	0
36	14	0
36	15	0
36	16	0
36	17	0.048
36	18	0.1
36	19	0.317
36	20	0.188
36	21	0.25
36	22	0.259
36	23	0.3
36	24	0.214
36	25	0.25
36	26	0
36	27	0.364
36	28	0.364
36	29	0.25
36	30	0.143
36	31	0.5
36	32	0.375
36	33	0.286
36	34	0.423
36	35	0.619
36	36	0.5
36	37	0.879
37	0	0.02
37	1	0
37	2	0.059
37	3	0
37	4	0.056
37	5	0
37	6	0.037
37	7	0.257
37	8	0
37	9	0
37	10	0
37	11	0
37	12	0
37	13	0
37	14	0
37	15	0
37	16	0
37	17	0
37	18	0
37	19	0.108
37	20	0.277
37	21	0.188
37	22	0.147
37	23	0.141
37	24	0.045
37	25	0.132
37	26	0.1
37	27	0.163
37	28	0.667
37	29	0.25
37	30	0.6
37	31	0.5
37	32	0.714
37	33	0.5
37	34	0.45
37	35	0.421
37	36	0.6
37	37	0.444
38	0	0
38	1	0
38	2	0
38	3	0
38	4	0
38	5	0
38	6	0.4
38	7	0.625
38	8	0
38	13	0
38	14	0
38	15	0
38	16	0.1
38	17	0.14
38	18	0.16
38	19	0.286
38	20	0.286
38	21	0.261
38	22	0.25
38	23	0.143
38	24	0.333
38	25	0.235
38	26	0.125
38	27	0.053
38	28	0.132
38	29	0.158
38	30	0.167
38	31	0.272
38	32	0.326
38	33	0.265
38	34	0.289
38	35	0.286
38	36	0
39	0	0.007
39	1	0.24
39	2	0.222
39	3	0
39	4	0
39	5	0
39	6	0
39	7	0
39	8	0
39	9	0
39	10	0
39	11	0
39	12	0
39	13	0
39	14	0
39	15	0
39	16	0
39	17	0.038
39	18	0.188
39	19	0.233
39	20	0.381
39	21	0.13
39	22	0.208
39	23	0.071
39	24	0
39	25	0
39	26	0
39	27	0.1
39	28	0
39	29	0.111
39	30	0.182
39	31	0.133
39	32	0.231
39	33	0.379
39	34	0.381
39	35	0.364
39	36	0.26
39	37	0.2
40	0	0.012
40	1	0.056
40	2	0.229
40	3	0
40	4	0
40	5	0
40	6	0
40	7	0.019
40	8	0.026
40	9	0
40	10	0
40	11	0.021
40	12	0.029
40	13	0.03
40	14	0
40	15	0
40	16	0.029
40	17	0.07
40	18	0.161
40	19	0.183
40	20	0.182
40	21	0.163
40	22	0.172
40	23	0
40	24	0
40	25	0
40	26	0
40	27	0
40	28	0
40	29	0
40	30	0
40	31	0
40	32	0
40	33	0.294
40	34	0.143
40	35	0.263
40	36	0.105
40	37	0.083
41	0	0.09
41	1	0.167
41	2	0.033
41	3	0
41	4	0
41	5	0
41	6	0
41	7	0.026
41	8	0.226
41	9	0.167
41	10	0
41	11	0
41	12	0
41	13	0.125
41	14	0.286
41	15	0
41	16	0.111
41	17	0
41	18	0.167
41	19	0.259
41	20	0.167
41	21	0.143
41	22	0.267
41	23	0.167
41	24	0.135
41	25	0.182
41	26	0.154
41	27	0.167
41	28	0.182
41	29	0.258
41	30	0.111
41	31	0.306
41	32	0.309
41	33	0.312
41	34	0.489
41	35	0.539
41	36	0.518
41	37	0.583
42	0	0.161
42	1	0.22
42	2	0.032
42	3	0
42	4	0
42	5	0
42	6	0.029
42	7	0.047
42	8	0
42	9	0
42	10	0
42	11	0
42	12	0
42	13	0
42	14	0
42	15	0
42	16	0
42	17	0.107
42	18	0.167
42	19	0.233
42	20	0.37
42	21	0.407
42	22	0.487
42	23	0.235
42	24	0.167
42	25	0.3
42	26	0.083
42	27	0.167
42	28	0.267
42	29	0.188
42	30	0.214
42	31	0.2
42	32	0.296
42	33	0.36
42	34	0.486
42	35	0.611
42	36	0.48
42	37	0.391
43	0	0.127
43	1	0
43	2	0
43	3	0
43	4	0
43	5	0
43	6	0.074
43	7	0.214
43	8	0
43	9	0
43	10	0
43	11	0
43	12	0
43	13	0
43	14	0
43	15	0
43	16	0
43	17	0.071
43	18	0.067
43	19	0.123
43	20	0.109
43	21	0.113
43	22	0.07
43	23	0.07
43	24	0
43	25	0.059
43	26	0
43	27	0.045
43	28	0.129
43	29	0.173
43	30	0.176
43	31	0.171
43	32	0.214
43	33	0.367
43	34	0.446
43	35	0.222
44	0	0.103
44	1	0.14
44	2	0.115
44	3	0
44	4	0
44	5	0
44	6	0
44	7	0
44	8	0
44	9	0
44	10	0
44	11	0
44	12	0
44	13	0
44	14	0
44	15	0
44	16	0
44	17	0
44	18	0.098
44	19	0.113
44	20	0.214
44	21	0.129
44	22	0.2
44	23	0.2
44	24	0.154
44	25	0.154
44	26	0.1
44	27	0.273
44	28	0.167
44	29	0.185
44	30	0.2
44	31	0.182
44	32	0.167
44	33	0.333
44	34	0.333
44	35	0.372
44	36	0.28
44	37	0.5
45	0	0.091
45	1	0.314
45	2	0.148
45	3	0
45	4	0
45	5	0
45	6	0.038
45	7	0
45	8	0
45	9	0
45	10	0
45	11	0.038
45	12	0
45	13	0
45	14	0
45	15	0
45	16	0.033
45	17	0.027
45	18	0.167
45	19	0.121
45	20	0.095
45	21	0.054
45	22	0.152
45	23	0.057
45	24	0.103
45	25	0.074
45	26	0.071
45	27	0.091
45	28	0.048
45	29	0.114
45	30	0.138
45	31	0.129
45	32	0.219
45	33	0.159
45	34	0.132
45	35	0.191
45	36	0.174
45	37	0.333
46	0	0.018
46	1	0.282
46	2	0.167
46	3	0
46	4	0
46	5	0
46	6	0
46	7	0.024
46	8	0
46	9	0
46	10	0
46	11	0.029
46	12	0.08
46	13	0.03
46	14	0
46	15	0
46	16	0.065
46	17	0.14
46	18	0.17
46	19	0.2
46	20	0.217
46	21	0.167
46	22	0.441
46	23	0.261
46	24	0.412
46	25	0.263
46	26	0.111
46	27	0.231
46	28	0.2
46	29	0.333
46	30	0.481
46	31	0.333
46	32	0.218
46	33	0.25
46	34	0.282
46	35	0.268
46	36	0.231
46	37	0.609
47	0	0.173
47	1	0.03
47	2	0.029
47	3	0.02
47	4	0
47	5	0.025
47	6	0.062
47	7	0.111
47	8	0
47	9	0.035
47	10	0.045
47	11	0.103
47	12	0
47	13	0
47	14	0
47	15	0
47	16	0
47	17	0.027
47	18	0.094
47	19	0.135
47	20	0.12
47	21	0.091
47	22	0.15
47	23	0.294
47	24	0.062
47	25	0.071
47	26	0.077
47	27	0.174
47	28	0.143
47	29	0.154
47	30	0.056
47	31	0.231
47	32	0.207
47	33	0.163
47	34	0.311
47	35	0.333
47	36	0.8
47	37	0.5
48	0	0
48	1	0.083
48	2	0
48	3	0
48	4	0
48	5	0
48	6	0.125
48	7	0.125
48	8	0
48	9	0
48	10	0
48	11	0.044
48	12	0.068
48	13	0.068
48	14	0.074
48	15	0.23
48	16	0.388
48	17	0.295
48	18	0.2
48	19	0.361
48	20	0.353
48	21	0.3
48	22	0.311
48	23	0.22
48	24	0.133
48	25	0.326
48	26	0.304
48	27	0.333
48	28	0.333
48	29	0.395
48	30	0.561
48	31	0.308
48	32	0.229
48	33	0.128
48	34	0.132
48	35	0.167
49	0	0.024
49	1	0
49	2	0
49	3	0
49	4	0
49	5	0
49	6	0.024
49	7	0.044
49	8	0
49	9	0
49	10	0.029
49	11	0.135
49	12	0.033
49	13	0.022
49	14	0
49	15	0.086
49	16	0.122
49	17	0.161
49	18	0.091
49	19	0.103
49	20	0.125
49	21	0.115
49	22	0
49	23	0.188
49	24	0
49	25	0.158
49	26	0.125
49	27	0.105
49	28	0.273
49	29	0.212
49	30	0.438
49	31	0.415
49	32	0.682
49	33	0.579
49	34	0.565
49	35	0.392
49	36	0.3
49	37	0.143
50	0	0.051
50	1	0.059
50	2	0.042
50	3	0
50	4	0
50	5	0.029
50	6	0
50	7	0
50	8	0
50	9	0
50	10	0.03
50	11	0.061
50	12	0.026
50	13	0
50	14	0.065
50	15	0
50	16	0.038
50	17	0.263
50	18	0.247
50	19	0.224
50	20	0.161
50	21	0.167
50	22	0.131
50	23	0.125
50	24	0.129
50	25	0.094
50	26	0.105
50	27	0.175
50	28	0.3
50	29	0.358
50	30	0.27
50	31	0.244
50	32	0.31
50	33	0.359
50	34	0.283
50	35	0.281
50	36	0.214
50	37	0.444
51	0	0.118
51	1	0.059
51	2	0
51	3	0
51	4	0.032
51	5	0
51	6	0.083
51	7	0
51	8	0
51	9	0
51	10	0.026
51	11	0.077
51	12	0
51	13	0.089
51	14	0.125
51	15	0.381
51	16	0.49
51	17	0.286
51	18	0.265
51	19	0.128
51	20	0.259
51	21	0.231
51	22	0.308
51	23	0.1
51	24	0.2
51	25	0.24
51	26	0.273
51	27	0.192
51	28	0.5
51	29	0.459
51	30	0.6
51	31	0.692
51	32	0.51
51	33	0.378
51	34	0.432
51	35	0.404
51	36	0.293
51	37	0.211
52	0	0.026
52	1	0.028
52	2	0.05
52	3	0
52	4	0
52	5	0
52	6	0
52	7	0
52	8	0
52	9	0
52	10	0.056
52	11	0.048
52	12	0.118
52	13	0.1
52	14	0.154
52	15	0.385
52	16	0.28
52	17	0.368
52	18	0.185
52	19	0.209
52	20	0.25
52	21	0.268
52	22	0.185
52	23	0.105
52	24	0.333
52	25	0.261
52	26	0.231
52	27	0.125
52	28	0.235
52	29	0.49
52	30	0.5
52	31	0.236
52	32	0.375
52	33	0.386
52	34	0.44
52	35	0.449
52	36	1
52	37	0.714
53	0	0.167
53	1	0.105
53	2	0.053
53	3	0
53	4	0
53	5	0
53	6	0.057
53	7	0.021
53	8	0.041
53	9	0.021
53	10	0
53	11	0
53	12	0
53	13	0
53	14	0
53	15	0
53	16	0.086
53	17	0.25
53	18	0.243
53	19	0.283
53	20	0.375
53	21	0.314
53	22	0.244
53	23	0.133
53	24	0.167
53	25	0.067
53	26	0
53	27	0.067
53	28	0
53	29	0.083
53	30	0
53	31	0.222
53	32	0.333
53	33	0.167
53	34	0.333
53	35	0
54	0	0.014
54	1	0.176
54	2	0
54	3	0
54	4	0
54	5	0
54	6	0
54	7	0.059
54	8	0.231
54	9	0
54	10	0
54	11	0.118
54	12	0.312
54	13	0.353
54	14	0.385
54	15	0.35
54	16	0.417
54	17	0.656
54	18	0.5
54	23	0.25
54	24	0.429
54	25	0.375
54	26	0.444
54	27	0.211
54	28	0.444
54	29	0.357
54	30	0.353
54	31	0.48
54	32	0.723
54	33	0.703
54	34	0.556
54	35	0.5
54	36	0
54	37	0
55	0	0
55	1	0.048
55	2	0.2
55	3	0
55	4	0
55	5	0
55	6	0
55	7	0
55	8	0
55	9	0
55	10	0
55	11	0.111
55	12	0
55	13	0.286
55	14	0
55	15	0
55	16	0.2
55	17	0.455
55	18	0.629
55	19	0.439
55	20	0.5
55	21	0.48
55	22	0.514
55	23	0.333
55	24	0.269
55	25	0.25
55	26	0.333
55	27	0.273
55	28	0.4
55	29	0.312
55	30	0.571
55	31	0.231
55	32	0.5
55	33	0.474
55	34	0.674
55	35	0.694
55	36	0.739
55	37	0.333
56	0	0.1
56	1	0
56	2	0
56	3	0
56	4	0
56	5	0
56	6	0.167
56	7	0.087
56	8	0
56	9	0.053
56	10	0.333
56	11	0.227
56	12	0.167
56	13	0.28
56	14	0.444
56	15	0.208
56	16	0.452
56	17	0.565
56	18	0.531
56	19	0.606
56	20	0.579
56	21	0.391
56	22	0.312
56	23	0.167
56	24	0
56	25	0.333
56	26	0.25
56	27	0.6
56	28	0.615
56	29	0.462
56	30	0.625
56	31	0.286
56	32	0.778
56	33	0.5
56	34	0.591
56	35	0.556
56	36	0.667
56	37	0.667
57	0	0.1
57	1	0
57	2	0
57	3	0
57	4	0
57	5	0
57	6	0.2
57	7	0.1
57	8	0
57	9	0
57	10	0
57	11	0.056
57	12	0
57	13	0.045
57	14	0
57	15	0
57	16	0.315
57	17	0.414
57	18	0.45
57	19	0.353
57	20	0.421
57	21	0.368
57	22	0.333
57	23	0.312
57	24	0.375
57	25	0.368
57	26	0.556
57	27	0.4
57	28	0.444
57	29	0.4
57	30	0.333
57	31	0.5
57	32	0.727
57	33	0.727
57	34	0.545
57	35	0.444
58	0	0.308
58	1	0
58	2	0
58	3	0
58	4	0
58	5	0
58	6	0.071
58	7	0.333
58	8	0
58	9	0.059
58	10	0.214
58	11	0.25
58	12	0.273
58	13	0.214
58	14	0.444
58	15	0.458
58	16	0.86
58	17	0.686
58	18	0.462
58	19	0.68
58	20	0.615
58	21	0.385
58	22	0.583
58	23	0.5
58	24	0.5
58	25	0.538
58	26	0.25
58	27	0.6
58	28	0.571
58	29	0
58	30	0
58	31	0.6
58	32	0.75
58	33	0.757
58	34	0.5
58	35	0.63
59	0	0.082
59	1	0
59	2	0
59	3	0
59	4	0
59	5	0.071
59	6	0.04
59	7	0.154
59	8	0
59	9	0
59	10	0.083
59	11	0
59	12	0.222
59	13	0.083
59	14	0
59	15	0.333
59	16	0.8
59	17	0.667
59	18	0.444
59	19	0.667
59	20	0.636
59	21	0.556
59	22	0.455
59	23	0.333
59	24	0.667
59	25	0.444
59	26	0.333
59	27	0.167
59	28	0.429
59	29	0.471
59	30	0.533
59	31	0.571
59	32	0.694
59	33	0.75
59	34	0.688
59	35	0.788
60	0	0
60	1	0
60	2	0
60	3	0
60	4	0
60	5	0
60	6	0.062
60	7	0
60	8	0.083
60	9	0
60	10	0
60	11	0.056
60	12	0.083
60	13	0.05
60	14	0
60	15	0
60	16	0.077
60	17	0.158
60	18	0.682
60	19	0.185
60	20	0.286
60	21	0.25
60	22	0.294
60	23	0.2
60	24	0.75
60	25	0.222
60	26	0
60	27	0.333
60	28	0.429
60	29	0
60	30	0.333
60	31	0.111
60	32	0.353
60	33	0.231
60	34	0.478
60	35	0.556
60	36	0.5
60	37	0.75
61	6	0.5
61	7	0.05
61	8	0.111
61	9	0
61	10	0
61	11	0
61	12	0
61	13	0
61	14	0.1
61	15	0
61	16	0.294
61	17	0.406
61	18	0.348
61	19	0.3
61	20	0.111
61	21	0.333
61	22	0.435
61	23	0.222
61	24	0.214
61	25	0.25
61	26	0.25
61	27	0.353
61	28	0.455
61	29	0.182
61	30	0.417
61	31	0.368
61	32	0.421
61	33	0.438
61	34	0.562
62	0	0.439
62	1	0.083
62	2	0
62	3	0
62	4	0.143
62	5	0
62	6	0
62	7	0.1
62	8	0
62	9	0
62	10	0
62	11	0
62	12	0
62	13	0
62	14	0
62	15	0
62	16	0
62	17	0.04
62	18	0.056
62	19	0.167
62	20	0.231
62	21	0.091
62	22	0.444
62	23	0
62	24	0.5
62	25	0.182
62	26	0
62	27	0
62	28	0.167
62	29	0.286
62	30	0
62	31	0.3
62	32	0.556
62	33	0.692
62	34	0.793
62	35	0.63
62	36	0.455
62	37	0.647
63	1	0
63	2	0
63	3	0.071
63	4	0
63	5	0
63	6	0.158
63	7	0.158
63	8	0
63	9	0
63	10	0.042
63	11	0.125
63	12	0
63	13	0.158
63	14	0
63	15	0
63	16	0.19
63	17	0.395
63	18	0.5
63	19	0.579
63	20	0.55
63	21	0.688
63	22	0.5
63	23	0.273
63	24	0
63	25	0.625
63	26	0.5
63	27	0.714
63	28	0.444
63	29	0.438
63	30	0.455
63	31	0.429
63	32	0.667
63	33	0.421
64	0	0.13
64	1	0.125
64	2	0
64	3	0.077
64	4	0
64	5	0
64	6	0
64	7	0.111
64	8	0
64	9	0.1
64	10	0.048
64	11	0.077
64	12	0.083
64	13	0.045
64	14	0
64	15	0.4
64	16	0.391
64	17	0.393
64	18	0.462
64	19	0.267
64	20	0.4
64	21	0.333
64	22	0.1
64	23	0.167
64	24	0
64	25	0.333
64	26	0.2
64	27	0.2
64	28	0.333
64	29	0.2
64	30	0.5
64	31	0.25
64	32	0.308
64	33	0.567
64	34	0.333
64	35	0.458
65	0	0.271
65	1	0.087
65	2	0
65	3	0
65	4	0
65	5	0
65	6	0
65	7	0
65	8	0
65	9	0
65	10	0.105
65	11	0.053
65	12	0.05
65	13	0.05
65	14	0.2
65	15	0.2
65	16	0.302
65	17	0.314
65	18	0.429
65	19	0.4
65	20	0.375
65	21	0.5
65	22	0.4
65	23	0.5
65	24	0
65	25	0.5
65	26	0
65	27	0.2
65	28	0.5
65	29	0
65	30	0.2
65	31	0.25
65	32	0.2
65	33	0.286
65	34	0.667
65	35	0.286
66	0	0.333
66	1	0.143
66	2	0
66	3	0
66	4	0
66	5	0
66	6	0
66	7	0
66	8	0
66	9	0
66	10	0
66	11	0.111
66	12	0.143
66	13	0.1
66	14	0.333
66	15	0
66	16	0.111
66	17	0.188
66	18	0.5
66	19	0.324
66	20	0.423
66	21	0.037
66	22	0.207
66	23	0.056
66	24	0.2
66	25	0.125
66	26	0
66	27	0.25
66	28	0.235
66	29	0.25
66	30	0.2
66	31	0.353
66	32	0.435
66	33	0.464
66	34	0.579
66	35	0.4
67	0	0.153
67	1	0.136
67	2	0
67	3	0
67	4	0
67	5	0
67	6	0
67	7	0.042
67	8	0
67	9	0
67	10	0
67	11	0
67	12	0
67	13	0
67	14	0
67	15	0
67	16	0
67	17	0.333
67	18	0.111
67	19	0.1
67	20	0.111
67	21	0.1
67	22	0.333
67	23	0.125
67	25	0
67	26	0
67	27	0
67	28	0
67	29	0.167
67	30	0.091
67	31	0.091
67	32	0.333
67	33	0.346
67	34	0.348
67	35	0.222
68	0	0.8
68	1	0.125
68	2	0
68	3	0
68	4	0
68	5	0
68	6	0
68	7	0
68	8	0
68	9	0
68	10	0
68	11	0
68	12	0
68	13	0
68	14	0
68	15	0.067
68	16	0.189
68	17	0.24
68	18	0.129
68	19	0.083
68	20	0.19
68	21	0.136
68	22	0.176
68	23	0.133
68	24	0
68	25	0.2
68	26	0
68	27	0.231
68	28	0.429
68	29	0.214
68	30	0.4
68	31	0.333
68	32	0.353
68	33	0.588
68	34	0.435
68	35	0.429
69	0	0.357
69	1	0
69	2	0.143
69	3	0
69	4	0
69	5	0
69	6	0.1
69	7	0.067
69	8	0
69	9	0.1
69	10	0.083
69	11	0.222
69	12	0.083
69	13	0.05
69	14	0
69	15	0
69	16	0.071
69	17	0.222
69	18	0.3
69	19	0.333
69	20	0.333
69	21	0.267
69	22	0.273
69	23	0.333
69	24	0.333
69	25	0.375
69	26	0.5
69	27	0.333
69	28	0.333
69	29	0.286
69	30	0.167
69	31	0.286
69	32	0.37
69	33	0.51
69	34	0.343
69	35	0.308
70	0	0.028
70	1	0
70	2	0
70	3	0
70	4	0
70	5	0
70	6	0
70	7	0.125
70	8	0
70	9	0
70	10	0
70	11	0
70	12	0
70	13	0
70	14	0
70	15	0
70	16	0
70	17	0.222
70	18	0.2
70	19	0.227
70	20	0.235
70	21	0.333
70	22	0.2
70	23	0
70	24	0
70	25	0.133
70	26	0
70	27	0
70	28	0.182
70	29	0.214
70	30	0.4
70	31	0.312
70	32	0.444
70	33	0.643
70	34	0.5
70	35	0.5
71	0	0.232
71	1	0.154
71	2	0
71	3	0
71	4	0
71	5	0
71	6	0
71	7	0
71	8	0
71	9	0
71	10	0
71	11	0
71	12	0
71	13	0
71	14	0
71	15	0
71	16	0.059
71	17	0.365
71	18	0.542
71	19	0.367
71	20	0.3
71	21	0
71	31	0.333
71	32	0.048
71	33	0.188
71	34	0.118
71	35	0.077
72	0	0.129
72	1	0.154
72	2	0
72	3	0
72	4	0
72	5	0
72	6	0
72	7	0
72	8	0
72	9	0
72	10	0
72	11	0
72	12	0
72	13	0
72	14	0
72	15	0
72	16	0
72	17	0.087
72	18	0
72	21	0.304
72	22	0.261
72	23	0.417
72	24	0.2
72	25	0.25
72	26	0.143
72	27	0.375
72	28	0.417
72	29	0.286
72	30	0.312
72	31	0.235
72	32	0.444
72	33	0.404
72	34	0.387
72	35	0.444
72	36	0
73	0	0.071
73	1	0.259
73	2	0.263
73	3	0.111
73	4	0
73	5	0
73	6	0
73	7	0
73	8	0.05
73	9	0
73	10	0
73	11	0
73	12	0
73	13	0
73	14	0
73	15	0
73	16	0
73	17	0
73	18	0
73	19	0
73	20	0.143
73	21	0
73	22	0
73	23	0.111
73	24	0
73	25	0.125
73	26	0
73	27	0.143
73	28	0
73	29	0.3
73	30	0.6
73	31	0.077
73	32	0.308
73	33	0.143
73	34	0
73	35	0
73	36	0
73	37	0
74	0	0.333
74	1	0
74	2	0
74	3	0
74	4	0
74	5	0
74	6	0
74	7	0
74	8	0
74	9	0
74	10	0
74	11	0
74	12	0
74	13	0
74	14	0
74	15	0
74	16	0
74	17	0.062
74	18	0.222
74	19	0.278
74	20	0.321
74	21	0.55
74	22	0.514
74	23	0.5
74	24	0.438
74	25	0.188
74	26	0.333
74	27	0.118
74	28	0.25
74	29	0.2
74	30	0.2
74	31	0.286
74	32	0.227
74	33	0.333
74	34	0.514
74	35	0.636
74	36	0.417
74	37	0.786
75	0	0.268
75	1	0.083
75	2	0.1
75	3	0
75	4	0
75	5	0
75	6	0.143
75	7	0.192
75	8	0
75	9	0
75	10	0.045
75	11	0
75	12	0.056
75	13	0.038
75	14	0
75	15	0.077
75	16	0
75	17	0.278
75	18	0.381
75	19	0.333
75	20	0.333
75	21	0.423
75	22	0
75	23	0
75	24	0
75	25	0
75	26	0
75	28	0
75	29	0
75	31	0
75	32	0
75	33	0
75	34	0
75	35	0.6
75	36	0.5
75	37	1
76	0	0.279
76	1	0.292
76	2	0.154
76	3	0
76	4	0
76	5	0
76	6	0
76	7	0.133
76	8	0.043
76	9	0
76	21	0
76	22	0.167
76	23	0.429
76	24	0
76	25	0.231
76	26	0.222
76	27	0.278
76	28	0.385
76	29	0.292
76	30	0.545
76	31	0.381
76	32	0.64
76	33	0.791
76	34	0.633
76	35	0.69
76	36	0
76	37	0.667
77	9	0.053
77	10	0
77	11	0.038
77	12	0.059
77	13	0
77	14	0.111
77	15	0
77	16	0.048
77	17	0.205
77	18	0.37
77	19	0.294
77	20	0.5
77	21	0.462
77	22	0.5
77	23	0.125
77	24	0.714
77	25	0.143
77	26	0.125
77	27	0.2
77	28	0.364
77	29	0.292
77	30	0.375
77	31	0.444
77	32	0.458
78	0	0
78	1	0.286
78	2	0.2
78	3	0
78	4	0
78	5	0
78	6	0
78	7	0
78	8	0
78	9	0
78	10	0
78	11	0
78	12	0
78	13	0
78	14	0
78	15	0
78	16	0
78	17	0
78	18	0
78	19	0.316
78	20	0.25
78	21	0.364
78	22	0.389
78	23	0.4
78	24	0.455
78	25	0.333
78	26	0
78	27	0.4
78	28	0.6
78	29	0.75
78	30	0.4
78	31	0.571
78	32	0.375
78	33	0.436
78	34	0.644
78	35	0.692
78	36	0.75
78	37	0.889
79	0	0.167
79	1	0.25
79	2	0.375
79	3	0
79	4	0
79	5	0
79	6	0
79	7	0
79	8	0
79	9	0.167
79	10	0
79	11	0
79	12	0
79	13	0
79	14	0
79	15	0
79	16	0
79	17	0.042
79	18	0
79	19	0
79	20	0.222
79	21	0.091
79	22	0.364
79	23	0
79	24	0.333
79	25	0
79	26	0
79	27	0.25
79	28	0
79	29	0.4
79	30	0.182
79	31	0.25
79	32	0.357
79	33	0.308
79	34	0.182
79	35	0.391
79	36	0.125
79	37	0.7
80	0	0.35
80	1	0.136
80	2	0
80	3	0
80	4	0
80	5	0
80	6	0.071
80	7	0.143
80	8	0
80	9	0
80	10	0
80	11	0
80	12	0.045
80	13	0.04
80	14	0.125
80	18	0.2
80	19	0
80	20	0
80	21	0
80	22	0.133
80	23	0
80	24	0
80	25	0
80	26	0
80	27	0
80	28	0
80	29	0
80	30	0
80	31	0.143
80	32	0.2
80	33	0.143
80	34	0.273
80	35	0.2
80	36	0.3
80	37	0.167
81	0	0
81	1	0
81	3	0
81	4	0
81	5	0
81	14	0
81	15	0
81	16	0
81	17	0.109
81	18	0.292
81	19	0.346
81	20	0.25
81	21	0.304
81	22	0.278
81	23	0.222
81	24	0
81	25	0.238
81	26	0.333
81	27	0.125
81	28	0.3
81	29	0.24
81	30	0.231
81	31	0.316
81	32	0.455
81	33	0.556
81	34	0.423
81	35	0.474
81	36	1
81	37	1
82	0	0.033
82	1	0
82	2	0
82	3	0
82	4	0
82	5	0
82	6	0
82	7	0
82	8	0
82	9	0
82	10	0
82	11	0
82	12	0
82	13	0
82	14	0
82	15	0
82	16	0.263
82	17	0.289
82	18	0.368
82	19	0.167
82	20	0.24
82	21	0.217
82	22	0.158
82	23	0.071
82	24	0
82	25	0.111
82	26	0
82	28	0
82	29	0
82	30	0
82	31	0.667
82	32	0.5
82	33	0.5
82	34	0.25
82	35	0
83	0	0.139
83	1	0.353
83	2	0.154
83	3	0
83	4	0
83	5	0
83	6	0
83	7	0
83	8	0
83	9	0
83	10	0
83	11	0
83	12	0
83	13	0
83	14	0
83	15	0
83	16	0
83	17	0
83	18	0
83	19	0
83	20	0
83	21	0
83	22	0
83	23	0
83	24	0
83	25	0.1
83	26	0.4
83	27	0.188
83	28	0.143
83	29	0.182
83	30	0.333
83	31	0.222
83	32	0.5
83	33	0.485
83	34	0.4
83	35	0.543
83	36	0.273
83	37	0.167
84	0	0.5
84	1	0.333
84	2	0.2
84	3	0
84	4	0
84	5	0
84	6	0
84	7	0.071
84	8	0
84	9	0
84	10	0
84	11	0
84	12	0
84	13	0
84	14	0
84	15	0
84	16	0
84	17	0
84	18	0.045
84	19	0.125
84	20	0.118
84	21	0
84	22	0.176
84	23	0.125
84	24	0.429
84	25	0
84	26	0
84	27	0.077
84	28	0
84	29	0
84	30	0.1
84	31	0.154
84	32	0.143
84	33	0.3
84	34	0.333
84	35	0.28
84	36	0.385
84	37	0.167
85	0	0.057
85	1	0.375
85	2	0.133
85	3	0
85	4	0
85	5	0
85	6	0
85	7	0
85	8	0.056
85	9	0
85	10	0
85	11	0
85	12	0.059
85	13	0.053
85	14	0.167
85	15	0
85	16	0
85	17	0.053
85	18	0.091
85	19	0.05
85	20	0.143
85	21	0.091
85	22	0.222
85	23	0.167
85	24	0
85	25	0
85	26	0
85	27	0
85	28	0
85	29	0
85	30	0
85	31	0
85	32	0.25
85	33	0.333
85	34	0.286
85	35	0.167
85	36	0
85	37	0.4
86	0	0.4
86	1	0.571
86	2	0.429
86	3	0
86	4	0
86	5	0
86	6	0.125
86	7	0.111
86	8	0
86	9	0
86	10	0.143
86	11	0
86	12	0
86	13	0.2
86	14	0
86	15	0.167
86	16	0.125
86	17	0.167
86	18	0.476
86	19	0.314
86	20	0.467
86	21	0.316
86	22	0.3
86	23	0.077
86	24	0.2
86	25	0.231
86	26	0
86	27	0.235
86	28	0.182
86	29	0.067
86	30	0.1
86	31	0.056
86	32	0.167
86	33	0.316
86	34	0.257
86	35	0.351
86	36	0.519
86	37	0.5
87	0	0.179
87	1	0
87	2	0.077
87	3	0
87	4	0
87	5	0
87	6	0
87	7	0
87	8	0
87	9	0
87	10	0
87	11	0
87	12	0.056
87	13	0
87	14	0
87	15	0
87	16	0.227
87	17	0.224
87	18	0.222
87	19	0.25
87	20	0.375
87	21	0.444
87	22	0.455
87	23	0.429
87	24	0
87	25	0.333
87	26	0.667
87	27	0.286
87	28	0.4
87	29	0.375
87	30	0.333
87	31	0.5
87	32	0.556
87	33	0.722
87	34	0.625
87	35	0.75
87	36	0.8
87	37	0.25
88	0	0.347
88	1	0.316
88	2	0.375
88	3	0
88	4	0.083
88	5	0
88	6	0.095
88	7	0
88	8	0
88	9	0
88	10	0
88	11	0
88	12	0
88	13	0
88	14	0.125
88	15	0
88	18	0.667
88	19	0.217
88	20	0.294
88	21	0.158
88	22	0.286
88	23	0.1
88	24	0
88	25	0.1
88	26	0
88	27	0.3
88	28	0.154
88	29	0.111
88	30	0.308
88	31	0.375
88	32	0.444
88	33	0.552
88	34	0.389
88	35	0.4
89	0	0.185
89	1	0.517
89	2	0.188
89	3	0.167
89	4	0
89	5	0
89	15	0
89	16	0.136
89	17	0.143
89	18	0.105
89	19	0.172
89	20	0.292
89	21	0.318
89	22	0.235
89	23	0.125
89	24	0.333
89	25	0.077
89	26	0.143
89	27	0.143
89	28	0
89	29	0.125
89	30	0.1
89	31	0.409
89	32	0.263
89	33	0.486
89	34	0.607
89	35	0.633
89	36	1
89	37	0.333
90	0	0.111
90	1	0.636
90	2	0.125
90	3	0
90	4	0
90	5	0
90	6	0
90	7	0
90	8	0.107
90	9	0.086
90	10	0.045
90	11	0.067
90	12	0.188
90	13	0.067
90	14	0
90	15	0.077
90	16	0.071
90	17	0.375
90	18	0.417
90	19	0.342
90	20	0.444
90	21	0.333
90	22	0.333
90	23	0.077
90	24	0.176
90	25	0
90	26	0
90	27	0.231
90	28	0.143
90	29	0.25
90	30	0.273
90	31	0.429
90	32	0.467
90	33	0.615
90	34	0.84
90	35	0.821
90	36	0.625
90	37	0.778
91	0	0.031
91	1	0.286
91	2	0
91	3	0
91	4	0
91	5	0
91	6	0.25
91	7	0
91	8	0
91	9	0
91	10	0
91	11	0
91	12	0
91	13	0
91	14	0
91	15	0
91	16	0.25
91	17	0.136
91	18	0.25
91	19	0.256
91	20	0.333
91	21	0.2
91	22	0.207
91	23	0.182
91	24	0.125
91	25	0
91	26	0
91	27	0.133
91	28	0.375
91	29	0
91	30	0.389
91	31	0.222
91	32	0.435
91	33	0.565
91	34	0.455
91	35	0.561
91	36	0.545
91	37	0.526
92	0	0.05
92	1	0.083
92	2	0
92	3	0
92	4	0
92	5	0
92	6	0
92	7	0.048
92	8	0
92	9	0
92	10	0
92	11	0
92	12	0
92	13	0
92	14	0
92	15	0
92	16	0
92	17	0.2
92	18	0.182
92	19	0.1
92	20	0.19
92	21	0.25
92	22	0.095
92	23	0.071
92	24	0
92	25	0.143
92	26	0.167
92	27	0.214
92	28	0.111
92	29	0.375
92	30	0.267
92	31	0.267
92	32	0.429
92	33	0.593
92	34	0.429
92	35	0.471
92	36	0.5
92	37	0.636
93	0	0.32
93	1	0.125
93	2	0.1
93	3	0
93	4	0
93	5	0
93	6	0
93	7	0.1
93	8	0
93	9	0
93	10	0
93	11	0
93	12	0
93	13	0
93	14	0.083
93	15	0
93	16	0.061
93	17	0.159
93	18	0.667
93	19	0.44
93	20	0.562
93	21	0.562
93	22	0.455
93	23	0.25
93	24	0.333
93	25	0.444
93	26	0.75
93	27	0.538
93	28	0.6
93	29	0.611
93	30	0.667
93	31	0.444
93	32	0.632
93	33	0.586
93	34	0.611
93	35	0.455
93	36	0.167
93	37	0.571
94	0	0.552
94	1	0
94	2	0
94	3	0
94	4	0
94	5	0
94	6	0
94	7	0
94	8	0
94	9	0
94	10	0
94	11	0.056
94	12	0
94	13	0.045
94	14	0
94	15	0
94	16	0.074
94	17	0.157
94	18	0.154
94	19	0.273
94	20	0.1
94	21	0.053
94	22	0.053
94	23	0
94	24	0
94	25	0.083
94	26	0
94	27	0.083
94	28	0.091
94	29	0.056
94	30	0.077
94	31	0.077
94	32	0.294
94	33	0.528
94	34	0.559
94	35	0.478
94	36	1
94	37	1
95	0	0.281
95	1	0.194
95	2	0
95	3	0
95	4	0
95	5	0
95	6	0
95	7	0.105
95	8	0
95	9	0
95	10	0
95	11	0
95	12	0
95	13	0
95	14	0
95	15	0
95	16	0.3
95	17	0.212
95	18	0.3
95	19	0.235
95	20	0.364
95	21	0.342
95	22	0.318
95	23	0.333
95	24	0
95	25	0.263
95	26	0.333
95	27	0.235
95	28	0.333
95	29	0.36
95	30	0.533
95	31	0.562
95	32	0.645
95	33	0.771
95	34	0.8
95	35	0.591
96	0	1
96	1	0.25
96	2	0
96	3	0
96	4	0
96	5	0
96	6	0
96	7	0.026
96	8	0
96	9	0
96	10	0.136
96	11	0.074
96	12	0.056
96	13	0.062
96	14	0.067
96	15	0.062
96	16	0.182
96	17	0.436
96	18	0.576
96	19	0.586
96	20	0.731
96	21	0.5
96	22	0.5
96	23	0.5
96	24	0.4
96	25	0.7
96	26	0.4
96	27	0.538
96	28	0.455
96	29	0.56
96	30	0.471
96	31	0.455
96	32	0.778
96	33	0.78
96	34	0.769
96	35	0.628
97	0	0.8
97	1	0.107
97	2	0.056
97	3	0
97	4	0
97	5	0
97	6	0
97	7	0
97	8	0.1
97	9	0
97	10	0
97	11	0
97	12	0.368
97	13	0.087
97	14	0
97	15	0.111
97	16	0.105
97	17	0.087
97	18	0.333
97	19	0.25
97	20	0.538
97	21	0.36
97	22	0.639
97	23	0.278
97	24	0.429
97	25	0.333
97	26	0.286
97	27	0.435
97	28	0.429
97	29	0.316
97	30	0.353
97	31	0.5
97	32	0.417
97	33	0.56
97	34	0.571
97	35	0.5
98	0	0.22
98	1	0.071
98	2	0
98	3	0
98	4	0
98	5	0
98	6	0.032
98	7	0.094
98	8	0
98	9	0
98	10	0
98	11	0
98	12	0
98	13	0.061
98	14	0.071
98	15	0.133
98	16	0.269
98	17	0.292
98	18	0.345
98	19	0.238
98	20	0.5
98	21	0.25
98	22	0.444
98	23	0.333
98	24	0.5
98	25	0.25
98	26	0.5
98	27	0.333
98	28	0.25
98	29	0.167
98	30	0.5
98	31	0.286
98	32	0.1
98	33	0.409
98	34	0.5
98	35	0.552
98	36	0.452
98	37	0.3
99	0	0.227
99	1	0
99	2	0
99	3	0
99	4	0
99	5	0
99	6	0
99	7	0
99	8	0
99	9	0
99	10	0
99	11	0.077
99	12	0.083
99	13	0.091
99	14	0.083
99	15	0.143
99	16	0.333
99	17	0.447
99	18	0.312
99	19	0.406
99	20	0.514
99	21	0.444
99	22	0.316
99	23	0.056
99	24	0.333
99	25	0.345
99	26	0.25
99	27	0.333
99	28	0.235
99	29	0.357
99	30	0.435
99	31	0.19
99	32	0.611
99	33	0.566
99	34	0.596
99	35	0.519
100	0	0.833
100	1	0
100	2	0
100	3	0
100	4	0
100	5	0
100	6	0.25
100	7	0.132
100	8	0
100	9	0
100	10	0.038
100	11	0.182
100	12	0.143
100	13	0.179
100	14	0.364
100	15	0.188
100	16	0.216
100	17	0.446
100	18	0.515
100	19	0.444
100	20	0.462
100	21	0.472
100	22	0.514
100	23	0.429
100	24	0.333
100	25	0.462
100	26	0.571
100	27	0.474
100	28	0.5
100	29	0.593
100	30	0.542
100	31	0.591
100	32	0.594
100	33	0.581
100	34	0.5
100	35	0.5
101	0	0.016
101	1	0
101	2	0
101	3	0
101	4	0
101	5	0
101	6	0
101	7	0.097
101	8	0.043
101	9	0.038
101	10	0.071
101	11	0.148
101	12	0.067
101	13	0.04
101	14	0.077
101	15	0.105
101	16	0.25
101	17	0.288
101	18	0.148
101	19	0.351
101	20	0.37
101	21	0.629
101	22	0.5
101	23	0.318
101	24	0.273
101	25	0.273
101	26	0.5
101	27	0
101	28	1
101	29	0.2
101	30	0.667
101	31	0.5
101	32	0.5
101	33	0.739
101	34	0.655
101	35	0.636
101	36	1
101	37	1
102	0	0.048
102	1	0.027
102	2	0
102	3	0
102	4	0
102	5	0
102	6	0
102	7	0
102	8	0.25
102	9	0.25
102	10	0
102	11	0
102	12	0
102	13	0
102	14	0
102	15	0
102	16	0
102	17	0.107
102	18	0.286
102	19	0.429
102	20	0.333
102	21	0.333
102	22	0.273
102	23	0
102	24	1
102	25	0.444
102	26	0.286
102	27	0.222
102	28	0.231
102	29	0.333
102	30	0.45
102	31	0.227
102	32	0.386
102	33	0.417
102	34	0.6
102	35	0.456
102	36	0.8
102	37	0.8
103	0	0.033
103	1	0.375
103	2	0.273
103	3	0
103	4	0
103	5	0
103	6	0
103	7	0.067
103	8	0.125
103	9	0.241
103	10	0
103	11	0
103	12	0
103	13	0.056
103	14	0
103	15	0.067
103	16	0
103	17	0.111
103	18	0.186
103	19	0.453
103	20	0.568
103	21	0.588
103	22	0.576
103	23	0.565
103	24	0.579
103	25	0.2
103	26	0.667
103	27	0.667
103	28	0.5
103	29	0.636
103	30	0.667
103	31	0.643
103	32	0.739
103	33	0.75
103	34	0.825
103	35	0.818
103	36	0.871
103	37	0.909
104	0	0.083
104	1	0.429
104	2	0.308
104	3	0.2
104	4	0
104	5	0
104	6	0
104	7	0
104	8	0.071
104	9	0.05
104	10	0
104	11	0
104	12	0.071
104	13	0.286
104	14	0.375
104	15	0.214
104	16	0.143
104	17	0.286
104	18	0.739
104	19	0.464
104	20	0.5
104	21	0.412
104	22	0.556
104	23	0.6
104	24	0.481
104	25	0.25
104	26	0.667
104	27	0.625
104	28	0.308
104	29	0.5
104	30	0.462
104	31	0.583
104	32	0.52
104	33	0.846
104	34	0.782
104	35	0.862
104	36	0.689
104	37	0.833
105	0	0.074
105	1	0.7
105	2	0.474
105	3	0.053
105	4	0
105	5	0
105	6	0.05
105	7	0
105	8	0.036
105	9	0
105	10	0
105	11	0
105	12	0.08
105	13	0.091
105	14	0
105	15	0.087
105	16	0
105	17	0
105	18	0.24
105	19	0.378
105	20	0.273
105	21	0.545
105	22	0.364
105	23	0.25
105	24	0.429
105	25	0
105	26	0.25
105	27	0.2
105	28	0.333
105	29	0.2
105	30	0.571
105	31	0.167
105	32	0.077
105	33	0.333
105	34	0.409
105	35	0.5
105	36	0.625
105	37	0.84
106	0	0.042
106	1	0.25
106	2	0.5
106	3	0
106	4	0
106	5	0
106	6	0
106	7	0
106	8	0
106	9	0
106	10	0
106	11	0
106	12	0
106	13	0
106	14	0
106	15	0
106	16	0
106	17	0
106	18	0
106	19	0.238
106	20	0.464
106	21	0.4
106	22	0.514
106	23	0.583
106	24	0.556
106	25	0.091
106	26	0.4
106	27	0.4
106	28	0.333
106	29	0.235
106	30	0.429
106	31	0.278
106	32	0.346
106	33	0.5
106	34	0.667
106	35	0.725
106	36	0.694
106	37	0.722
107	0	0.283
107	1	0
107	2	0
107	3	0
107	4	0
107	5	0
107	6	0.095
107	7	0.059
107	8	0.12
107	9	0.167
107	10	0
107	11	0.12
107	12	0
107	13	0
107	14	0
107	15	0
107	16	0.364
107	17	0.182
107	18	0.111
107	19	0.154
107	20	0.182
107	21	0.214
107	22	0.389
107	23	0.545
107	24	0.273
107	25	0.333
107	26	0
107	27	0.273
107	28	0.167
107	29	0.375
107	30	0.429
107	31	0.091
107	32	0.25
107	33	0.353
107	34	0.645
107	35	0.7
107	36	0.583
107	37	0.583
108	0	0.071
108	1	0
108	2	0
108	3	0
108	4	0
108	5	0
108	6	0
108	7	0.182
108	8	0
108	9	0
108	10	0
108	11	0
108	12	0
108	13	0
108	14	0
108	15	0
108	16	0
108	17	0.366
108	18	0.4
108	19	0.516
108	20	0.727
108	21	0.515
108	22	0.48
108	23	0.333
108	24	0.3
108	25	0.5
108	26	0.545
108	27	0.556
108	28	0.455
108	29	0.333
108	30	0.6
108	31	0.647
108	32	0.684
108	33	0.617
108	34	0.485
108	35	0.457
109	0	0.148
109	1	0.042
109	2	0
109	3	0
109	4	0
109	5	0
109	6	0
109	7	0
109	8	0
109	9	0
109	10	0.143
109	11	0.077
109	12	0.125
109	13	0.167
109	14	0.125
109	15	0.25
109	16	0
109	17	0.211
109	18	0.308
109	19	0.438
109	20	0.4
109	21	0.267
109	22	0.364
109	23	0.25
109	24	0
109	25	0.5
109	26	0.667
109	27	0.429
109	28	0.2
109	29	0.545
109	30	0.375
109	31	0.167
109	32	0.467
109	33	0.353
109	34	0.333
109	35	0.308
110	15	0.125
110	16	0.421
110	17	0.371
110	18	0.543
110	19	0.5
110	20	0.485
110	21	0.472
110	22	0.314
110	23	0.222
110	24	0.579
110	25	0.523
110	26	0.3
110	27	0.647
110	28	0.333
110	29	0.552
110	30	0.484
110	31	0.76
110	32	0.781
110	33	0.75
111	0	0.108
111	1	0
111	2	0
111	3	0
111	4	0
111	5	0
111	6	0
111	7	0.05
111	8	0
111	9	0
111	10	0
111	11	0.062
111	12	0
111	13	0.077
111	14	0
111	15	0
111	16	0
111	17	0.265
111	18	0.2
111	19	0.304
111	20	0
111	21	0
111	22	0
111	23	0
111	24	0
111	25	0
111	27	0
111	28	0
111	29	0
111	31	0
111	32	0
111	33	0.583
111	34	0.619
111	35	0.582
112	0	0
112	1	0.1
112	2	0
112	3	0
112	4	0
112	5	0
112	6	0.143
112	7	0.071
112	8	0
112	9	0
112	10	0
112	11	0
112	20	0.588
112	21	0.475
112	22	0.364
112	23	0.182
112	24	0.154
112	25	0.467
112	26	0.3
112	27	0.4
112	28	0.2
112	29	0.308
112	30	0.167
112	31	0.238
112	32	0.581
112	33	0.737
112	34	0.571
112	35	0.682
113	0	0
113	1	0
113	2	0
113	3	0
113	4	0
113	5	0
113	6	0
113	7	0.154
113	8	0
113	9	0
113	10	0.167
113	11	0.071
113	12	0.077
113	13	0
113	14	0
113	15	0
113	16	0.091
113	17	0.097
113	18	0.235
113	19	0.429
113	20	0.444
113	21	0.474
113	22	0.333
113	23	0.222
113	24	0.222
113	25	0.294
113	26	0
113	27	0
113	28	0.2
113	29	0.125
113	30	0
113	31	0.143
113	32	0.273
113	33	0.167
113	34	0.25
113	35	0.438
113	36	1
113	37	1
114	0	0.19
114	1	0.043
114	2	0
114	3	0
114	18	0
114	19	0.1
114	20	0.125
114	21	0
114	22	0
114	23	0
114	24	0
114	25	0.1
114	26	0
114	27	0
114	28	0
114	29	0
114	30	0
114	31	0
114	32	0.071
114	33	0.333
114	34	0.154
114	35	0.062
115	3	0
115	4	0
115	5	0
115	6	0
115	7	0.062
115	8	0
115	9	0
115	10	0.091
115	11	0.16
115	12	0.067
115	13	0.095
115	14	0
115	15	0.222
115	16	0.231
115	17	0.393
115	18	0
116	18	0.321
116	19	0.229
116	20	0.37
116	21	0.439
116	22	0.438
116	23	0.158
116	24	0.6
116	25	0.5
116	26	0.222
116	27	0.368
116	28	0.071
116	29	0.227
116	30	0.174
116	31	0
117	0	0
117	1	0
117	2	0
117	3	0
117	4	0
117	5	0
117	6	0
117	7	0
117	8	0
117	9	0
117	10	0
117	11	0
117	12	0
117	13	0
117	14	0
117	15	0
117	16	0
117	17	0
117	31	0.476
117	32	0.647
117	33	0.616
117	34	0.62
117	35	0.537
118	0	0.231
118	1	0
118	3	0
118	4	0
118	5	0
118	6	0
118	7	0.4
118	8	0
118	9	0
118	10	0
118	11	0
118	12	0
118	13	0
118	15	0
118	16	0
118	17	0.154
118	18	0.111
118	19	0.222
118	20	0.231
118	21	0.176
118	22	0.462
118	23	0.333
118	24	0.429
118	25	0.267
118	26	0.167
118	27	0.167
118	28	0
118	29	0.182
118	30	0.2
118	31	0.357
118	32	0.615
118	33	0.645
118	34	0.588
118	35	0.522
119	0	0.094
119	1	0.167
119	2	0
119	3	0
119	4	0
119	5	0
119	6	0.111
119	7	0.375
119	8	0
119	9	0
119	10	0
119	11	0
119	12	0
119	13	0
119	14	0
119	15	0
119	16	0
119	17	0.136
119	18	0.308
119	19	0.167
119	20	0.308
119	21	0.526
119	22	0.214
119	23	0.083
119	24	0.5
119	25	0.45
119	26	0
119	34	1
119	35	1
120	0	0.056
120	1	0.111
120	2	0
120	3	0
120	4	0
120	5	0
120	6	0
120	7	0
120	8	0
120	9	0
120	10	0
120	11	0
120	12	0
120	13	0
120	14	0
120	15	0
120	16	0
120	17	0
120	18	0.5
120	19	0.6
120	20	0.333
120	21	0.4
120	22	0
120	23	0
120	24	0
120	25	0.571
120	26	0.25
120	27	0.3
120	28	0.5
120	29	0.571
120	30	0.5
120	31	0.545
120	32	0.741
120	33	0.846
120	34	0.552
120	35	0.529
121	0	0.214
121	1	0
121	2	0
121	3	0
121	4	0
121	5	0
121	6	0.2
121	7	0.067
121	8	0
121	9	0
121	10	0
121	11	0
121	12	0
121	13	0
121	14	0
121	15	0
121	16	0
121	17	0.167
121	18	0.533
121	19	0.4
121	20	0.538
121	21	0.438
121	22	0.4
121	23	0.5
121	24	0.75
121	25	0.75
121	26	0.4
121	27	0
121	28	0.333
121	29	0
121	30	0.5
121	31	0.667
121	32	1
121	33	0.889
121	34	0.625
121	35	0.667
121	36	0.429
121	37	0
122	0	0.051
122	1	0.167
122	2	0
122	3	0.083
122	4	0
122	5	0
122	6	0
122	7	0
122	8	0
122	9	0
122	10	0.125
122	11	0.083
122	12	0.143
122	13	0.2
122	14	0.4
122	22	1
122	23	0.333
122	25	0.444
122	26	0
122	27	0.4
122	28	0.25
122	29	0.4
122	30	0.5
122	31	0.6
122	32	0.556
122	33	0.632
122	34	0.538
122	35	0.417
123	14	0
123	15	0
123	16	0.182
123	17	0.545
123	18	0.545
123	19	0.542
123	20	0.529
123	21	0.706
123	22	0.647
123	23	0.667
123	24	0.5
123	25	0.692
123	26	0.5
123	27	0.286
123	28	0.5
123	29	0.75
123	30	0.667
123	31	0.444
123	32	0.714
123	33	0.875
124	0	0.19
124	1	0.214
124	2	0.267
124	3	0
124	4	0
124	5	0
124	6	0
124	7	0
124	8	0
124	9	0
124	10	0
124	11	0
124	33	0.667
124	34	0.906
124	35	0.867
124	36	1
124	37	0.733
125	11	0.1
125	12	0
125	13	0
125	14	0
125	15	0
125	16	0
125	17	0.067
125	18	0.091
125	19	0.207
125	20	0.263
125	21	0.167
125	22	0.222
125	23	0.462
125	24	0.182
125	25	0.353
125	26	0.7
125	27	0.32
125	28	0
125	29	0.4
126	0	0
126	1	0
126	2	0
126	3	0
126	4	0
126	5	0
126	6	0
126	7	0
126	8	0
126	9	0.125
126	10	0
126	11	0
126	12	0
126	13	0
126	14	0
126	15	0
126	16	0
126	17	0
126	18	0
126	19	0
126	20	0
126	29	0.4
126	30	0.364
126	31	0.4
126	32	0.045
126	33	0.5
126	34	0.579
126	35	0.485
126	36	0.583
126	37	0.429
127	0	0
127	1	0
127	2	0
127	4	0
127	5	0
127	6	0
127	7	0
127	8	0
127	9	0
127	10	0
127	11	0
127	12	0
127	13	0
127	14	0
127	15	0
127	16	0
127	17	0
127	18	0
127	19	0
127	20	0
127	21	0
127	22	0
127	23	0
127	24	0
127	25	0
127	26	0
127	27	0
127	28	0
127	29	0.167
127	30	0.25
127	31	0.167
127	32	0.222
127	33	0.286
127	34	0.235
127	35	0.188
127	36	0.1
127	37	0.429
128	0	0
128	1	0
128	2	0
128	3	0
128	4	0
128	5	0
128	6	0
128	7	0
128	8	0
128	9	0.143
128	10	0
128	11	0
128	12	0
128	13	0
128	14	0
128	15	0
128	16	0
128	17	0
128	18	0
128	19	0
128	20	0
128	21	0
128	22	0
128	23	0
128	24	0
128	25	0
128	26	0
128	27	0
128	28	0
128	29	0
128	30	0
128	31	0
128	32	0
128	33	0.067
128	34	0.333
128	35	0.478
129	0	0
129	1	0
129	2	0
129	3	0
129	4	0
129	5	0
129	6	0
129	7	0
129	8	0
129	9	0
129	10	0
129	11	0
129	12	0
129	13	0
129	14	0
129	15	0
129	16	0
129	17	0
129	18	0.118
129	19	0.087
129	20	0.067
129	21	0.067
129	22	0
129	31	0
129	32	0
129	33	0
129	34	0
129	35	0
129	36	0
129	37	0
130	0	0
130	1	0
130	2	0.125
130	3	0.2
130	4	0
130	5	0
130	6	0
130	7	0
130	8	0.429
130	9	0.2
130	22	0.3
130	23	0.1
130	24	0.071
130	25	0
130	26	0
130	27	0
130	28	0
130	29	0
130	30	0
130	31	0
130	32	0
130	33	0.333
130	34	0.267
130	35	0.226
130	36	0.3
130	37	0.286
131	9	0.111
131	10	0
131	11	0
131	12	0
131	13	0
131	14	0
131	15	0.091
131	16	0.111
131	17	0
131	18	0.1
131	19	0.316
131	20	0.462
131	21	0.2
131	22	0.489
131	23	0.4
131	24	0.429
131	25	0.333
131	26	1
131	27	0.286
131	28	0.333
131	29	0
131	30	0.333
131	31	0.5
131	32	0.545
131	33	0.143
131	34	0.706
131	35	0.667
131	36	0
132	0	0.026
132	1	0.067
132	2	0
132	3	0
132	4	0
132	5	0
132	6	0
132	7	0
132	8	0.167
132	9	0.231
132	10	0
132	11	0
132	12	0
132	13	0
132	14	0
132	15	0
132	16	0
132	18	0
132	19	0
132	20	0
132	21	1
132	22	0.5
132	24	1
132	26	0
132	27	0.5
132	30	1
132	31	1
132	32	1
132	33	1
132	36	0.75
132	37	0.667
133	14	0
133	15	0
133	16	0
133	17	0
133	18	0.154
133	19	0.261
133	20	0.364
133	21	0.286
133	22	0.235
133	23	0.25
133	24	0.273
133	25	0
133	26	0
133	27	0.25
133	28	0.2
133	29	0.125
133	30	0.25
133	31	0.444
133	32	0.556
133	33	0.438
133	34	0.524
133	35	0.5
134	0	0.1
134	1	0.105
134	2	0.059
134	3	0.143
134	4	0
134	5	0
134	6	0
134	7	0
134	8	0.056
134	9	0.038
134	10	0
134	11	0
134	12	0
134	13	0.067
134	14	0.091
134	35	1
134	36	0.364
134	37	0.333
135	14	0
135	15	0.083
135	16	0.077
135	17	0.111
135	18	0.333
135	19	0.182
135	20	0.176
135	21	0.19
135	22	0.467
135	23	0.25
135	24	0.25
135	25	0.375
135	26	0.5
135	27	0.538
135	28	0.429
135	29	0.444
135	30	0.455
135	31	0.462
135	32	0.526
135	33	0.6
135	34	0.5
136	0	0
136	1	0
136	2	0
136	3	0
136	4	0
136	5	0
136	6	0
136	7	0
136	8	0
136	9	0.167
136	10	0
136	11	0
136	12	0
136	13	0
136	14	0.2
136	15	0
136	16	0.2
136	17	0.5
136	18	0.5
136	19	0.2
136	20	0.167
136	21	0.5
136	22	0.375
136	23	0.333
136	24	0.333
136	25	0
136	26	1
136	27	0.6
136	28	0.5
136	29	0.5
136	30	0.667
136	31	0.333
136	32	0
136	33	0
136	34	0.467
136	35	0.59
136	36	0.643
136	37	0.176
137	0	0.25
137	1	0
137	2	0
137	3	0
137	4	0
137	5	0
137	6	0.1
137	7	0.36
137	8	0
137	9	0
137	10	0
137	11	0
137	12	0.091
137	13	0.125
137	14	0
137	15	0.5
137	16	1
137	17	1
137	18	1
137	19	1
137	20	1
137	21	1
137	22	0.667
137	23	0
137	24	0
137	25	0
137	27	0
137	28	0
137	29	0
137	30	1
137	31	0.5
137	32	0.5
137	33	1
137	34	0.667
137	35	0.833
137	36	0.8
137	37	0.4
138	13	0
138	14	0
138	15	0
138	16	0
138	17	0.097
138	18	0.2
138	19	0.333
138	20	0.214
138	21	0.235
138	22	0
138	23	0.25
138	25	0.083
138	26	0
138	27	0.375
138	28	0.1
138	29	0.188
138	30	0
138	31	0.353
138	32	0.357
138	33	0.24
138	34	0.522
138	35	1
139	0	0.2
139	1	0
139	2	0
139	3	0
139	4	0
139	5	0
139	6	0
139	7	0.095
139	8	0
139	9	0
139	10	0
139	11	0
139	12	0
139	13	0
139	14	0
139	15	0
139	16	0
139	17	0.056
139	35	0.48
139	36	1
139	37	1
140	0	0.133
140	1	0
140	2	0
140	3	0
140	4	0
140	5	0
140	6	0.2
140	7	0
140	8	0
140	17	0
140	18	0.045
140	19	0
140	20	0
140	21	0
140	22	0.083
140	23	0.143
140	25	0.182
140	26	0
140	27	0.25
140	28	0.2
140	29	0.214
140	30	0.286
140	31	0.455
140	32	0.385
140	33	0.464
140	34	0.444
140	35	0.5
141	0	0.073
141	1	0.283
141	2	0
141	3	0
141	4	0
141	5	0
141	6	0
141	7	0
141	8	0.167
141	9	0
141	10	0
141	11	0
141	12	0
141	13	0
141	14	0
141	15	0
141	16	0
141	17	0.1
141	18	0.4
141	19	0
141	20	0
141	21	0
141	22	0.25
141	23	0
141	24	0
141	25	0
141	26	0
141	27	0
141	28	0
141	29	0
141	30	0
141	31	0
141	32	0
141	33	0
141	34	0.2
141	35	0.111
142	0	0.021
142	1	0.033
142	2	0
142	3	0
142	4	0
142	5	0
142	6	0.019
142	7	0
142	12	0
142	13	0
142	14	0
142	15	0
142	16	0
142	17	0
142	18	0
142	19	0
142	20	0
142	21	0
142	22	0.286
142	23	0
142	24	0.5
142	25	0
142	26	0
142	27	0.5
142	28	0
142	29	0
142	30	0
142	31	0
142	32	0
142	33	0.5
142	34	0.333
142	35	0.556
142	36	0.667
142	37	1
143	5	0
143	6	0
143	7	0.034
143	8	0
143	9	0.03
143	10	0.025
143	11	0
143	12	0
143	13	0
143	14	0
143	15	0.125
143	16	0.1
143	17	0
143	18	0
143	19	0.045
