"time"	"distance"	"value"
36	0	0.091
36	1	0.088
36	2	0
36	3	0
36	4	0
36	5	0
36	6	0.016
36	7	0.015
36	8	0.016
36	9	0.042
36	10	0.016
36	11	0.017
36	12	0.018
36	13	0
36	14	0
36	15	0.021
36	16	0.015
36	17	0.042
36	18	0.085
36	19	0.186
36	20	0.253
36	21	0.189
36	22	0.167
36	23	0.132
36	24	0.056
36	25	0.138
36	26	0.091
36	27	0.119
36	28	0.148
36	29	0.157
36	30	0.13
36	31	0.346
36	32	0.379
36	33	0.288
36	34	0.371
36	35	0.275
36	36	0.236
36	37	0.675
37	0	0.02
37	1	0
37	2	0.059
37	3	0
37	4	0.056
37	5	0
37	6	0.037
37	7	0.257
37	8	0
37	9	0
37	10	0
37	11	0
37	12	0
37	13	0
37	14	0
37	15	0
37	16	0.083
37	17	0.123
37	18	0.138
37	19	0.257
37	20	0.31
37	21	0.286
37	22	0.273
37	23	0.25
37	24	0.429
37	25	0.25
37	26	0.091
37	27	0.357
37	28	0.385
37	29	0.227
37	30	0.348
37	31	0.238
37	32	0.364
37	33	0.377
37	34	0.492
37	35	0.318
37	36	0.5
37	37	0.6
38	0	0
38	1	0
38	2	0
38	3	0
38	4	0
38	5	0
38	6	0.4
38	7	0.625
38	8	0
38	9	0
38	10	0
38	11	0
38	12	0
38	13	0
38	14	0
38	15	0
38	16	0
38	17	0
38	18	0.167
38	19	0.143
38	20	0.333
38	21	0.167
38	22	0.4
38	23	0.25
38	24	0
38	25	0
38	26	0
38	27	0
38	28	0
38	29	0
38	30	0
38	31	0.167
38	32	0.1
38	33	0.205
38	34	0.192
38	35	0.593
38	36	0
39	0	0.007
39	1	0.136
39	2	0.237
39	3	0
39	4	0
39	5	0
39	6	0
39	7	0.018
39	8	0
39	9	0
39	10	0
39	11	0.02
39	12	0.034
39	13	0.024
39	14	0
39	15	0
39	16	0.029
39	17	0.091
39	18	0.207
39	19	0.233
39	20	0.286
39	21	0.188
39	22	0.197
39	23	0.077
39	24	0.051
39	25	0.08
39	26	0.095
39	27	0.111
39	28	0.148
39	29	0.171
39	30	0.138
39	31	0.182
39	32	0.23
39	33	0.327
39	34	0.449
39	35	0.438
39	36	0.403
39	37	0.485
40	0	0.032
40	1	0
40	2	0.167
40	3	0
40	4	0
40	5	0
40	6	0
40	7	0
40	8	0.083
40	9	0
40	10	0
40	11	0
40	12	0
40	13	0
40	14	0
40	15	0
40	16	0
40	17	0
40	18	0.083
40	19	0.13
40	20	0
40	21	0
40	22	0.167
40	23	0
40	24	0
40	25	0
40	26	0
40	27	0
40	28	0
40	29	0
40	30	0
40	31	0
40	32	0
40	33	0.25
40	34	0.15
40	35	0.438
40	36	0.2
40	37	0.333
41	0	0.09
41	1	0.167
41	2	0.031
41	3	0
41	4	0
41	5	0
41	6	0
41	7	0.024
41	8	0.206
41	9	0.159
41	10	0
41	11	0
41	12	0
41	13	0.053
41	14	0.111
41	15	0
41	16	0.034
41	17	0.032
41	18	0.133
41	19	0.242
41	20	0.282
41	21	0.342
41	22	0.436
41	23	0.214
41	24	0.182
41	25	0.312
41	26	0.071
41	27	0.179
41	28	0.15
41	29	0.3
41	30	0.2
41	31	0.32
41	32	0.333
41	33	0.294
41	34	0.477
41	35	0.571
41	36	0.6
41	37	0.459
42	0	0.161
42	1	0.191
42	2	0.029
42	3	0
42	4	0
42	5	0
42	6	0.022
42	7	0.042
42	8	0
42	9	0
42	10	0
42	11	0
42	12	0
42	13	0
42	14	0
42	15	0
42	16	0
42	17	0.095
42	18	0.098
42	19	0.14
42	20	0.132
42	21	0.083
42	22	0.098
42	23	0.1
42	24	0
42	25	0.065
42	26	0
42	27	0.071
42	28	0.172
42	29	0.188
42	30	0.194
42	31	0.216
42	32	0.25
42	33	0.392
42	34	0.47
42	35	0.425
42	36	0.5
42	37	0.4
43	0	0.127
43	1	0
43	2	0
43	3	0
43	4	0
43	5	0
43	6	0.125
43	7	0.316
43	8	0
43	9	0
43	10	0
43	11	0
43	12	0
43	13	0
43	14	0
43	15	0
43	16	0
43	17	0.037
43	18	0.111
43	19	0.185
43	20	0.3
43	21	0.222
43	22	0.133
43	23	0.214
43	24	0
43	25	0.167
43	26	0.143
43	27	0.231
43	28	0.222
43	29	0.211
43	30	0.222
43	31	0.214
43	32	0.19
43	33	0.469
43	34	0.5
43	35	0.25
44	0	0.103
44	1	0.14
44	2	0.115
44	3	0
44	4	0
44	5	0
44	6	0
44	7	0
44	8	0
44	9	0
44	10	0
44	11	0
44	12	0
44	13	0
44	14	0
44	15	0
44	16	0
44	17	0
44	18	0.064
44	19	0.042
44	20	0.108
44	21	0.065
44	22	0.194
44	23	0.133
44	24	0.158
44	25	0.1
44	26	0
44	27	0.148
44	28	0.05
44	29	0.087
44	30	0.091
44	31	0.083
44	32	0.132
44	33	0.132
44	34	0.203
44	35	0.204
44	36	0.107
44	37	0.3
45	0	0.091
45	1	0.314
45	2	0.148
45	3	0
45	4	0
45	5	0
45	6	0.038
45	7	0
45	8	0
45	9	0
45	10	0
45	11	0.037
45	12	0.043
45	13	0.031
45	14	0
45	15	0
45	16	0.077
45	17	0.059
45	18	0.211
45	19	0.176
45	20	0.135
45	21	0.129
45	22	0.152
45	23	0.045
45	24	0.1
45	25	0.136
45	26	0.222
45	27	0.118
45	28	0.071
45	29	0.133
45	30	0.2
45	31	0.138
45	32	0.231
45	33	0.178
45	34	0.164
45	35	0.271
45	36	0.2
45	37	0.56
46	0	0.018
46	1	0.282
46	2	0.167
46	3	0
46	4	0
46	5	0
46	6	0
46	7	0.024
46	8	0
46	9	0
46	10	0
46	11	0.025
46	12	0.04
46	13	0
46	14	0
46	15	0
46	16	0.028
46	17	0.094
46	18	0.136
46	19	0.151
46	20	0.172
46	21	0.108
46	22	0.368
46	23	0.2
46	24	0.389
46	25	0.136
46	26	0
46	27	0.172
46	28	0.176
46	29	0.257
46	30	0.375
46	31	0.312
46	32	0.174
46	33	0.188
46	34	0.286
46	35	0.315
46	36	0.632
46	37	0.6
47	0	0.173
47	1	0.03
47	2	0.029
47	3	0.02
47	4	0
47	5	0.025
47	6	0.062
47	7	0.111
47	8	0
47	9	0.035
47	10	0.045
47	11	0.097
47	12	0.053
47	13	0.045
47	14	0.062
47	15	0.237
47	16	0.366
47	17	0.303
47	18	0.213
47	19	0.326
47	20	0.321
47	21	0.272
47	22	0.314
47	23	0.304
47	24	0.115
47	25	0.341
47	26	0.259
47	27	0.346
47	28	0.357
47	29	0.405
47	30	0.5
47	31	0.467
47	32	0.607
47	33	0.569
47	34	0.505
47	35	0.325
47	36	0.25
47	37	0.2
48	0	0
48	1	0.038
48	2	0
48	3	0
48	4	0
48	5	0
48	6	0.062
48	7	0.083
48	8	0
48	9	0
48	10	0
48	11	0
48	12	0
48	13	0
48	14	0
48	15	0
48	16	0
48	17	0.025
48	18	0.065
48	19	0.111
48	20	0.12
48	21	0.094
48	22	0.059
48	23	0.053
48	24	0
48	25	0.048
48	26	0.167
48	27	0.087
48	28	0.231
48	29	0.189
48	30	0.483
48	31	0.188
48	32	0.342
48	33	0.113
48	34	0.171
48	35	0.25
49	0	0.024
49	1	0
49	2	0
49	3	0
49	4	0
49	5	0
49	6	0.038
49	7	0.036
49	8	0
49	9	0
49	10	0.04
49	11	0.167
49	12	0.036
49	13	0.031
49	14	0
49	15	0.091
49	16	0.143
49	17	0.283
49	18	0.214
49	19	0.222
49	20	0.154
49	21	0.237
49	22	0.1
49	23	0.19
49	24	0
49	25	0.278
49	26	0.071
49	27	0.08
49	28	0.333
49	29	0.118
49	30	0.118
49	31	0.067
49	32	0.275
49	33	0.367
49	34	0.355
49	35	0.319
49	36	0.353
49	37	0.455
50	0	0.051
50	1	0.059
50	2	0.042
50	3	0
50	4	0
50	5	0.029
50	6	0
50	7	0
50	8	0
50	9	0
50	10	0.037
50	11	0.074
50	12	0.033
50	13	0
50	14	0.08
50	15	0
50	16	0.048
50	17	0.241
50	18	0.25
50	19	0.22
50	20	0.176
50	21	0.091
50	22	0.143
50	23	0.118
50	24	0.19
50	25	0
50	26	0.143
50	27	0.273
50	28	0.25
50	29	0.5
50	30	0.375
50	31	0.5
50	32	0.395
50	33	0.308
50	34	0.407
50	35	0.308
50	36	0.333
50	37	0.222
51	0	0.118
51	1	0.059
51	2	0
51	3	0
51	4	0.032
51	5	0
51	6	0.083
51	7	0
51	8	0
51	9	0
51	10	0.026
51	11	0.077
51	12	0
51	13	0.089
51	14	0.125
51	15	0.381
51	16	0.49
51	17	0.317
51	18	0.3
51	19	0.179
51	20	0.324
51	21	0.32
51	22	0.281
51	23	0.108
51	24	0.429
51	25	0.286
51	26	0.25
51	27	0.206
51	28	0.429
51	29	0.544
51	30	0.594
51	31	0.459
51	32	0.573
51	33	0.537
51	34	0.484
51	35	0.508
51	36	0
51	37	0
52	0	0.029
52	1	0.044
52	2	0.042
52	3	0
52	4	0
52	5	0
52	6	0
52	7	0
52	8	0.029
52	9	0.027
52	10	0.032
52	11	0.026
52	12	0.057
52	13	0.057
52	14	0.074
52	15	0.152
52	16	0.153
52	17	0.314
52	18	0.1
52	19	0.196
52	20	0.207
52	21	0.208
52	22	0.194
52	23	0.095
52	24	0.105
52	25	0.143
52	26	0.214
52	27	0.077
52	28	0.19
52	29	0.308
52	30	0.345
52	31	0.167
52	32	0.366
52	33	0.362
52	34	0.48
52	35	0.474
52	36	1
52	37	0.714
53	0	0.175
53	1	0.103
53	2	0.067
53	3	0
53	4	0
53	5	0
53	6	0.08
53	7	0.033
53	8	0.036
53	9	0
53	10	0
53	11	0
53	12	0
53	13	0
53	14	0
53	15	0
53	16	0.106
53	17	0.234
53	18	0.286
53	19	0.278
53	20	0.381
53	21	0.303
53	22	0.269
53	23	0.227
53	24	0.5
53	25	0.333
53	26	0.5
53	27	0.167
53	28	0.5
53	29	0.3
53	30	0.2
53	31	0.45
53	32	0.657
53	33	0.661
53	34	0.485
53	35	0.429
53	36	0
53	37	0
54	0	0.014
54	1	0.176
54	2	0
54	3	0
54	4	0
54	5	0
54	6	0
54	7	0.059
54	8	0.231
54	9	0
54	10	0
54	11	0.118
54	12	0.312
54	13	0.353
54	14	0.385
54	15	0.35
54	16	0.417
54	17	0.656
54	18	0.654
54	19	0.448
54	20	0.538
54	21	0.529
54	22	0.545
54	23	0.375
54	24	0.286
54	25	0.4
54	26	0.6
54	27	0.316
54	28	0.4
54	29	0.4
54	30	0.667
54	31	0.375
54	32	0.529
54	33	0.667
54	34	0.774
54	35	0.708
54	36	0.667
54	37	0.308
55	0	0
55	1	0.048
55	2	0.154
55	3	0
55	4	0
55	5	0
55	6	0.077
55	7	0
55	8	0
55	9	0
55	10	0.385
55	11	0.25
55	12	0.167
55	13	0.312
55	14	0.25
55	15	0.25
55	16	0.588
55	17	0.636
55	18	0.559
55	19	0.538
55	20	0.562
55	21	0.444
55	22	0.4
55	23	0.222
55	24	0.125
55	25	0.273
55	26	0.2
55	27	0.5
55	28	0.727
55	29	0.4
55	30	0.636
55	31	0.286
55	32	0.762
55	33	0.5
55	34	0.556
55	35	0.591
55	36	0.833
55	37	0.5
56	0	0.1
56	1	0
56	2	0
56	3	0
56	4	0
56	5	0
56	6	0.182
56	7	0.154
56	8	0
56	9	0.111
56	10	0.154
56	11	0.091
56	12	0
56	13	0.25
56	14	0.4
56	15	0.067
56	16	0.263
56	17	0.417
56	18	0.5
56	19	0.579
56	20	0.5
56	21	0.308
56	22	0.429
56	23	0
56	24	0
56	25	0.25
56	26	0.5
56	27	0.25
56	28	0.2
56	29	0.2
56	30	0.2
56	31	0.273
56	32	0.6
56	33	0.5
56	34	0.5
56	35	0.529
56	36	1
56	37	1
57	0	0.1
57	1	0
57	2	0
57	3	0
57	4	0
57	5	0
57	6	0.2
57	7	0.1
57	8	0
57	9	0
57	10	0
57	11	0.056
57	12	0
57	13	0.045
57	14	0
57	15	0
57	16	0.315
57	17	0.414
57	18	0.45
57	19	0.353
57	20	0.421
57	21	0.368
57	22	0.231
57	23	0.417
57	24	0.375
57	25	0.4
57	26	0.429
57	27	0.5
57	28	0.5
57	29	0.474
57	30	0.333
57	31	0.643
57	32	0.739
57	33	0.743
57	34	0.489
57	35	0.583
58	0	0.308
58	1	0
58	2	0
58	3	0
58	4	0
58	5	0
58	6	0.071
58	7	0.333
58	8	0
58	9	0.059
58	10	0.214
58	11	0.25
58	12	0.273
58	13	0.214
58	14	0.444
58	15	0.458
58	16	0.86
58	17	0.686
58	18	0.462
58	19	0.68
58	20	0.615
58	21	0.385
58	22	0.583
58	23	0.5
58	24	0.5
58	25	0.538
58	26	0.25
58	27	0.6
58	28	0.556
58	29	0.545
58	30	0.625
58	31	0.692
58	32	0.826
58	33	0.867
58	34	0.8
58	35	0.87
59	0	0.082
59	1	0
59	2	0
59	3	0
59	4	0
59	5	0.071
59	6	0.071
59	7	0.067
59	8	0.045
59	9	0
59	10	0.04
59	11	0.04
59	12	0.143
59	13	0.062
59	14	0
59	15	0.118
59	16	0.515
59	17	0.457
59	18	0.613
59	19	0.357
59	20	0.44
59	21	0.36
59	22	0.357
59	23	0.25
59	24	0.714
59	25	0.333
59	26	0.2
59	27	0.286
59	28	0.421
59	29	0.182
59	30	0.353
59	31	0.222
59	32	0.419
59	33	0.414
59	34	0.5
59	35	0.613
59	36	0.5
59	37	0.75
60	0	0
60	1	0
60	2	0
60	3	0
60	4	0
60	5	0
60	6	0.067
60	7	0.05
60	8	0.111
60	9	0
60	10	0
60	11	0
60	12	0
60	13	0
60	14	0.1
60	15	0
60	16	0.294
60	17	0.406
60	18	0.348
60	19	0.3
60	20	0.111
60	21	0.333
60	22	0.435
60	23	0.222
60	24	0.214
60	25	0.25
60	26	0.25
60	27	0.353
60	28	0.455
60	29	0.182
60	30	0.417
60	31	0.368
60	32	0.421
60	33	0.438
60	34	0.7
60	35	0.528
60	36	0.471
60	37	0.625
62	0	0.439
62	1	0.08
62	2	0
62	3	0.053
62	4	0.057
62	5	0
62	6	0.103
62	7	0.138
62	8	0
62	9	0
62	10	0.029
62	11	0.08
62	12	0
62	13	0.097
62	14	0
62	15	0
62	16	0.138
62	17	0.265
62	18	0.278
62	19	0.419
62	20	0.424
62	21	0.444
62	22	0.48
62	23	0.158
62	24	0.25
62	25	0.444
62	26	0.375
62	27	0.556
62	28	0.333
62	29	0.391
62	30	0.333
62	31	0.375
62	32	0.633
62	33	0.587
62	34	0.513
62	35	0.667
62	36	0.4
62	37	1
64	0	0.13
64	1	0.125
64	2	0
64	3	0.077
64	4	0
64	5	0
64	6	0
64	7	0.111
64	8	0
64	9	0.1
64	10	0.048
64	11	0.077
64	12	0.083
64	13	0.045
64	14	0.2
64	15	0.389
64	16	0.425
64	17	0.357
64	18	0.45
64	19	0.3
64	20	0.389
64	21	0.375
64	22	0.2
64	23	0.3
64	24	0
64	25	0.364
64	26	0.143
64	27	0.2
64	28	0.375
64	29	0.133
64	30	0.364
64	31	0.25
64	32	0.278
64	33	0.391
64	34	0.381
64	35	0.357
65	0	0.271
65	1	0.087
65	2	0
65	3	0
65	4	0
65	5	0
65	6	0
65	7	0
65	8	0
65	9	0
65	10	0.105
65	11	0.053
65	12	0.05
65	13	0.05
65	14	0.125
65	15	0.118
65	16	0.192
65	17	0.283
65	18	0.6
65	19	0.435
65	20	0.421
65	21	0.056
65	22	0.273
65	23	0
65	24	0
65	25	0.091
65	26	0
65	27	0.273
65	28	0.3
65	29	0.316
65	30	0.2
65	31	0.353
65	32	0.435
65	33	0.464
65	34	0.579
65	35	0.4
66	0	0.333
66	1	0.143
66	2	0
66	3	0
66	4	0
66	5	0
66	6	0
66	7	0
66	8	0
66	9	0
66	10	0
66	11	0.111
66	12	0.143
66	13	0.1
66	14	0.333
66	15	0
66	16	0.111
66	17	0.217
66	18	0.167
66	19	0.091
66	20	0.429
66	21	0
66	22	0
66	23	0.167
66	24	0.333
66	25	0.2
66	26	0
66	27	0.2
66	28	0.143
66	29	0.111
66	30	0.143
66	31	0.2
66	32	0.538
66	33	0.636
66	34	0
66	35	1
67	0	0.153
67	1	0.136
67	2	0
67	3	0
67	4	0
67	5	0
67	6	0
67	7	0.042
67	8	0
67	9	0
67	10	0
67	11	0
67	12	0
67	13	0
67	14	0
67	15	0.062
67	16	0.174
67	17	0.178
67	18	0.161
67	19	0.13
67	20	0.238
67	21	0.13
67	22	0.286
67	23	0.176
67	24	0
67	25	0.2
67	26	0
67	27	0.25
67	28	0.417
67	29	0.267
67	30	0.222
67	31	0.222
67	32	0.25
67	33	0.375
67	34	0.409
67	35	0.316
68	0	0.8
68	1	0.125
68	2	0
68	3	0
68	4	0
68	5	0
68	6	0
68	7	0
68	8	0
68	9	0
68	10	0
68	11	0
68	12	0
68	13	0
68	14	0
68	15	0
68	16	0.167
68	17	0.45
68	18	0
68	19	0
68	20	0
68	21	0.111
68	22	0
68	23	0
68	24	0
68	25	0
68	26	0
68	27	0
68	28	0.2
68	29	0
68	30	0
68	31	0.143
68	32	0.167
68	33	0.333
68	34	0.231
68	35	0.375
69	0	0.357
69	1	0
69	2	0.143
69	3	0
69	4	0
69	5	0
69	6	0.077
69	7	0.05
69	8	0
69	9	0.062
69	10	0.059
69	11	0.154
69	12	0.071
69	13	0.036
69	14	0
69	15	0
69	16	0.053
69	17	0.3
69	18	0.333
69	19	0.36
69	20	0.4
69	21	0.381
69	22	0.312
69	23	0.273
69	24	0.25
69	25	0.333
69	26	0.5
69	27	0.286
69	28	0.333
69	29	0.467
69	30	0.333
69	31	0.526
69	32	0.545
69	33	0.651
69	34	0.483
69	35	0.348
70	0	0.028
70	1	0
70	2	0
70	3	0
70	4	0
70	5	0
70	6	0
70	7	0.158
70	8	0
70	9	0
70	10	0
70	11	0
70	12	0
70	13	0
70	14	0
70	15	0
70	16	0
70	17	0.067
70	18	0.133
70	19	0.133
70	20	0.143
70	21	0
70	22	0
70	23	0
70	24	0
70	25	0
70	26	0
70	27	0
70	28	0
70	29	0
70	30	0.333
70	31	0.071
70	32	0.043
70	33	0.167
70	34	0.1
70	35	0.071
71	0	0.232
71	1	0.154
71	2	0
71	3	0
71	4	0
71	5	0
71	6	0
71	7	0
71	8	0
71	9	0
71	10	0
71	11	0
71	12	0
71	13	0
71	14	0
71	15	0
71	16	0.059
71	17	0.365
71	18	0.542
71	19	0.367
71	20	0.3
71	21	0.292
71	22	0.261
71	23	0.417
71	24	0.2
71	25	0.25
71	26	0.143
71	27	0.375
71	28	0.417
71	29	0.286
71	30	0.312
71	31	0.235
71	32	0.444
71	33	0.404
71	34	0.387
71	35	0.444
71	36	0
72	0	0.129
72	1	0.154
72	2	0
72	3	0
72	4	0
72	5	0
72	6	0
72	7	0
72	8	0
72	9	0
72	10	0
72	11	0
72	12	0
72	13	0
72	14	0
72	15	0
72	16	0
72	17	0.087
72	18	0
72	19	0
72	20	0.167
72	21	0
72	22	0
72	23	0.111
72	24	0
72	25	0.125
72	26	0
72	27	0.143
72	28	0
72	29	0.3
72	30	0.75
72	31	0.083
72	32	0.308
72	33	0.167
72	34	0
72	35	0
73	0	0.071
73	1	0.259
73	2	0.263
73	3	0.111
73	4	0
73	5	0
73	6	0
73	7	0
73	8	0.05
73	9	0
73	10	0
73	11	0
73	12	0
73	13	0
73	14	0
73	15	0
73	16	0
73	17	0.071
73	18	0.267
73	19	0.29
73	20	0.346
73	21	0.579
73	22	0.5
73	23	0.5
73	24	0.389
73	25	0.182
73	26	0.25
73	27	0.077
73	28	0.273
73	29	0.125
73	30	0.143
73	31	0.231
73	32	0.211
73	33	0.308
73	34	0.395
73	35	0.6
73	36	0.385
73	37	0.733
74	0	0.333
74	1	0
74	2	0
74	3	0
74	4	0
74	5	0
74	6	0
74	7	0
74	8	0
74	9	0
74	10	0
74	11	0
74	12	0
74	13	0
74	14	0
74	15	0
74	16	0
74	17	0
74	18	0
74	19	0.167
74	20	0
74	21	0
74	22	0.429
74	23	0.5
74	25	0.2
74	27	0.25
74	28	0
74	29	0.5
74	30	0.5
74	31	0.5
74	32	0.333
74	33	0
74	34	1
74	35	1
74	36	0.5
74	37	1
75	0	0.268
75	1	0.083
75	2	0.1
75	3	0
75	4	0
75	5	0
75	6	0.143
75	7	0.192
75	8	0
75	9	0
75	10	0.045
75	11	0
75	12	0.056
75	13	0.038
75	14	0
75	15	0.077
75	16	0
75	17	0.278
75	18	0.381
75	19	0.333
75	20	0.333
75	21	0.379
75	22	0.158
75	23	0.4
75	24	0
75	25	0.214
75	26	0.2
75	27	0.278
75	28	0.357
75	29	0.28
75	30	0.545
75	31	0.308
75	32	0.615
75	33	0.756
75	34	0.594
75	35	0.645
75	36	0
75	37	0.667
76	0	0.279
76	1	0.292
76	2	0.154
76	3	0
76	4	0
76	5	0
76	6	0
76	7	0.133
76	8	0.043
76	9	0.045
76	10	0
76	11	0.038
76	12	0.059
76	13	0
76	14	0.111
76	15	0
76	16	0.048
76	17	0.205
76	18	0.37
76	19	0.294
76	20	0.5
76	21	0.462
76	22	0.5
76	23	0.125
76	24	0.714
76	25	0.143
76	26	0.125
76	27	0.2
76	28	0.364
76	29	0.292
76	30	0.375
76	31	0.444
76	32	0.424
76	33	0.429
76	34	0.629
76	35	0.704
76	36	1
76	37	1
78	0	0
78	1	0.286
78	2	0.2
78	3	0
78	4	0
78	5	0
78	6	0
78	7	0
78	8	0
78	9	0
78	10	0
78	11	0
78	12	0
78	13	0
78	14	0
78	15	0
78	16	0
78	17	0
78	18	0
78	19	0.316
78	20	0.25
78	21	0.364
78	22	0.389
78	23	0.4
78	24	0.455
78	25	0.143
78	26	0
78	27	0.375
78	28	0.5
78	29	0.5
78	30	0.273
78	31	0.357
78	32	0.333
78	33	0.4
78	34	0.4
78	35	0.429
78	36	0.438
78	37	0.571
79	0	0.167
79	1	0.25
79	2	0.375
79	3	0
79	4	0
79	5	0
79	6	0
79	7	0
79	8	0
79	9	0.167
79	10	0
79	11	0
79	12	0
79	13	0
79	14	0
79	15	0
79	16	0
79	17	0.042
79	18	0.111
79	19	0
79	20	0.095
79	21	0.062
79	22	0.231
79	23	0
79	24	0.083
79	25	0
79	26	0
79	27	0.091
79	28	0
79	29	0.231
79	30	0.111
79	31	0.25
79	32	0.357
79	33	0.263
79	34	0.261
79	35	0.379
79	36	0.308
79	37	0.5
80	0	0.35
80	1	0.136
80	2	0
80	3	0
80	4	0
80	5	0
80	6	0.071
80	7	0.143
80	8	0
80	9	0
80	10	0
80	11	0
80	12	0.045
80	13	0.04
80	14	0.1
80	15	0
80	16	0
80	17	0.109
80	18	0.292
80	19	0.346
80	20	0.25
80	21	0.304
80	22	0.278
80	23	0.222
80	24	0
80	25	0.238
80	26	0.333
80	27	0.125
80	28	0.3
80	29	0.24
80	30	0.231
80	31	0.316
80	32	0.455
80	33	0.556
80	34	0.423
80	35	0.474
80	36	1
80	37	1
81	0	0
81	1	0
81	3	0
81	4	0
81	5	0
81	6	0
81	7	0
81	8	0
81	9	0
81	10	0
81	11	0
81	12	0
81	13	0
81	14	0
81	16	0
81	17	0
81	18	0
81	19	0
81	20	0
81	21	0
81	22	0
81	23	0
81	25	0
81	26	0
81	28	0
81	29	0
81	30	0
81	31	0.667
81	32	0.5
81	33	0.5
81	34	0.25
81	35	0
82	0	0.033
82	1	0
82	2	0
82	3	0
82	4	0
82	5	0
82	6	0
82	7	0
82	8	0
82	9	0
82	10	0
82	11	0
82	12	0
82	13	0
82	14	0
82	15	0
82	16	0.294
82	17	0.324
82	18	0.412
82	19	0.19
82	20	0.286
82	21	0.238
82	22	0.176
82	23	0.083
82	24	0
82	25	0.143
82	26	0.4
82	27	0.2
82	28	0.2
82	29	0.211
82	30	0.364
82	31	0.214
82	32	0.531
82	33	0.5
82	34	0.407
82	35	0.533
82	36	0.333
82	37	0
83	0	0.139
83	1	0.353
83	2	0.154
83	3	0
83	4	0
83	5	0
83	6	0
83	7	0
83	8	0
83	9	0
83	10	0
83	11	0
83	12	0
83	13	0
83	14	0
83	15	0
83	16	0
83	17	0
83	18	0.042
83	19	0.1
83	20	0.095
83	21	0
83	22	0.136
83	23	0.105
83	24	0.375
83	25	0
83	26	0
83	27	0.071
83	28	0
83	29	0
83	30	0.091
83	31	0.176
83	32	0.167
83	33	0.304
83	34	0.343
83	35	0.333
83	36	0.333
83	37	0.2
84	0	0.5
84	1	0.333
84	2	0.2
84	3	0
84	4	0
84	5	0
84	6	0
84	7	0.125
84	8	0
84	9	0
84	10	0
84	11	0
84	12	0
84	13	0
84	14	0
84	15	0
84	16	0
84	17	0
84	18	0
84	19	0
84	20	0
84	21	0
84	22	0.25
84	23	0
84	24	0
84	26	0
84	27	0
84	28	0
84	29	0
84	30	0
84	31	0
84	32	0
84	33	0
84	34	0.125
84	35	0.167
84	36	0
84	37	1
85	0	0.057
85	1	0.375
85	2	0.133
85	3	0
85	4	0
85	5	0
85	6	0
85	7	0
85	8	0.056
85	9	0
85	10	0
85	11	0
85	12	0.059
85	13	0.053
85	14	0.167
85	15	0
85	16	0
85	17	0.158
85	18	0.463
85	19	0.286
85	20	0.467
85	21	0.35
85	22	0.3
85	23	0.154
85	24	0.176
85	25	0.1
85	26	0
85	27	0.2
85	28	0.091
85	29	0.062
85	30	0.1
85	31	0.053
85	32	0.19
85	33	0.4
85	34	0.303
85	35	0.324
85	36	0.44
85	37	0.4
86	0	0.4
86	1	0.571
86	2	0.429
86	3	0
86	4	0
86	5	0
86	6	0.125
86	7	0.111
86	8	0
86	9	0
86	10	0.143
86	11	0
86	12	0
86	13	0.2
86	14	0
86	15	0.167
86	16	0.125
86	17	0.286
86	18	0.364
86	19	0.273
86	20	0.5
86	21	0.167
86	22	0.273
86	23	0.167
86	24	0
86	25	0.286
86	26	1
86	27	0.111
86	28	0.4
86	29	0
86	30	0
86	31	0.167
86	32	0.5
86	33	0.625
86	34	0.385
86	35	0.462
86	36	1
86	37	0.5
87	0	0.179
87	1	0
87	2	0.077
87	3	0
87	4	0
87	5	0
87	6	0
87	7	0
87	8	0
87	9	0
87	10	0
87	11	0
87	12	0.056
87	13	0
87	14	0
87	15	0
87	16	0.227
87	17	0.186
87	18	0.25
87	19	0.226
87	20	0.286
87	21	0.231
87	22	0.35
87	23	0.214
87	24	0
87	25	0.214
87	26	0.125
87	27	0.357
87	28	0.188
87	29	0.286
87	30	0.333
87	31	0.421
87	32	0.478
87	33	0.6
87	34	0.429
87	35	0.522
87	36	0.667
87	37	0
88	0	0.347
88	1	0.316
88	2	0.375
88	3	0
88	4	0.083
88	5	0
88	6	0.095
88	7	0
88	8	0
88	9	0
88	10	0
88	11	0
88	12	0
88	13	0
88	14	0.125
88	15	0
88	16	0.136
88	17	0.143
88	18	0.105
88	19	0.172
88	20	0.292
88	21	0.318
88	22	0.235
88	23	0.125
88	24	0.333
88	25	0.077
88	26	0.143
88	27	0.143
88	28	0
88	29	0.125
88	30	0.1
88	31	0.409
88	32	0.263
88	33	0.486
88	34	0.607
88	35	0.633
88	36	1
88	37	0.333
89	0	0.185
89	1	0.517
89	2	0.188
89	3	0.167
89	4	0
89	5	0
89	6	0
89	7	0
89	8	0.133
89	9	0.143
89	10	0.077
89	11	0.077
89	12	0.188
89	13	0.067
89	14	0
89	15	0.077
89	16	0.071
89	17	0.375
89	18	0.417
89	19	0.342
89	20	0.444
89	21	0.333
89	22	0.333
89	23	0.077
89	24	0.176
89	25	0
89	26	0
89	27	0.231
89	28	0.143
89	29	0.25
89	30	0.273
89	31	0.429
89	32	0.467
89	33	0.615
89	34	0.84
89	35	0.821
89	36	0.625
89	37	0.778
90	0	0.111
90	1	0.636
90	2	0.125
90	3	0
90	4	0
90	5	0
90	6	0
90	7	0
90	8	0.077
90	9	0
90	10	0
90	11	0
90	12	0
90	13	0
90	14	0
90	15	0
90	16	0.4
90	17	0.231
90	18	0.308
90	19	0.348
90	20	0.333
90	21	0.182
90	22	0.071
90	23	0.2
90	24	0
90	25	0
90	26	0
90	27	0
90	28	0.25
90	29	0
90	30	0.333
90	31	0.25
90	32	0.5
90	33	0.583
90	34	0.565
90	35	0.708
90	36	0.7
90	37	0.643
91	0	0.049
91	1	0.222
91	2	0
91	3	0
91	4	0
91	5	0
91	6	0.125
91	7	0
91	8	0
91	9	0
91	10	0
91	11	0
91	12	0
91	13	0
91	14	0
91	15	0
91	16	0
91	17	0.235
91	18	0.231
91	19	0.158
91	20	0.294
91	21	0.231
91	22	0.312
91	23	0.143
91	24	0.286
91	25	0.167
91	26	0.2
91	27	0.25
91	28	0.5
91	29	0.25
91	30	0.545
91	31	0.25
91	32	0.333
91	33	0.643
91	34	0.391
91	35	0.353
91	36	0.417
91	37	0.2
92	0	0.032
92	1	0.091
92	2	0
92	3	0
92	4	0
92	5	0
92	6	0
92	7	0.053
92	8	0
92	9	0
92	10	0
92	11	0
92	12	0
92	13	0
92	14	0
92	15	0
92	16	0
92	17	0.111
92	18	0.15
92	19	0.074
92	20	0.211
92	21	0.25
92	22	0.1
92	23	0.077
92	24	0
92	25	0.077
92	26	0
92	27	0.231
92	28	0.111
92	29	0.286
92	30	0.154
92	31	0.231
92	32	0.45
92	33	0.542
92	34	0.385
92	35	0.444
92	36	0.273
92	37	0.5
93	0	0.32
93	1	0.125
93	2	0.1
93	3	0
93	4	0
93	5	0
93	6	0
93	7	0.1
93	8	0
93	9	0
93	10	0
93	11	0
93	12	0
93	13	0
93	14	0.062
93	15	0
93	16	0.049
93	17	0.125
93	18	0.476
93	19	0.316
93	20	0.393
93	21	0.375
93	22	0.333
93	23	0.167
93	24	0.222
93	25	0.391
93	26	0.333
93	27	0.421
93	28	0.467
93	29	0.462
93	30	0.5
93	31	0.346
93	32	0.536
93	33	0.588
93	34	0.636
93	35	0.567
93	36	1
93	37	1
94	0	0.552
94	1	0
94	2	0
94	3	0
94	4	0
94	5	0
94	6	0
94	7	0
94	8	0
94	9	0
94	10	0
94	11	0.056
94	12	0
94	13	0.045
94	14	0
94	15	0
94	16	0.105
94	17	0.2
94	18	0.118
94	19	0.355
94	20	0.25
94	21	0.357
94	22	0.286
94	23	0.227
94	24	0
94	25	0.143
94	26	0.333
94	27	0.231
94	28	0.333
94	29	0.273
94	30	0.267
94	31	0.455
94	32	0.619
94	33	0.625
94	34	0.647
94	35	0.424
94	36	1
94	37	1
95	0	0.281
95	1	0.194
95	2	0
95	3	0
95	4	0
95	5	0
95	6	0
95	7	0.038
95	8	0
95	9	0
95	10	0.1
95	11	0.054
95	12	0.037
95	13	0.057
95	14	0.05
95	15	0.048
95	16	0.238
95	17	0.352
95	18	0.512
95	19	0.457
95	20	0.524
95	21	0.367
95	22	0.389
95	23	0.409
95	24	0.286
95	25	0.531
95	26	0.2
95	27	0.348
95	28	0.294
95	29	0.447
95	30	0.48
95	31	0.438
95	32	0.667
95	33	0.775
95	34	0.763
95	35	0.642
96	0	1
96	1	0.25
96	2	0
96	3	0
96	4	0
96	5	0
96	6	0
96	7	0.2
96	8	0
96	9	0
96	10	0
96	11	0
96	12	0
96	13	0
96	14	0
96	15	0
96	16	0
96	17	0
96	18	0.5
96	19	0
96	20	0.25
96	21	0
96	22	0.333
96	23	0
96	25	0
96	26	0
96	27	0
96	28	0
96	29	0.25
96	30	0.25
96	31	0.333
96	32	0.25
96	33	0.273
96	34	0.571
96	35	0.5
97	0	0.8
97	1	0.107
97	2	0.056
97	3	0
97	4	0
97	5	0
97	6	0
97	7	0
97	8	0.1
97	9	0
97	10	0
97	11	0
97	12	0.368
97	13	0.087
97	14	0
97	15	0.118
97	16	0.125
97	17	0.143
97	18	0.296
97	19	0.275
97	20	0.591
97	21	0.429
97	22	0.667
97	23	0.333
97	24	0.429
97	25	0.417
97	26	0.4
97	27	0.476
97	28	0.6
97	29	0.333
97	30	0.385
97	31	0.522
97	32	0.5
97	33	0.654
97	34	0.556
97	35	0.609
97	36	0.52
97	37	0.333
98	0	0.22
98	1	0.071
98	2	0
98	3	0
98	4	0
98	5	0
98	6	0.032
98	7	0.094
98	8	0
98	9	0
98	10	0
98	11	0
98	12	0
98	13	0.061
98	14	0.071
98	15	0.133
98	16	0.269
98	17	0.292
98	18	0.345
98	19	0.314
98	20	0.577
98	21	0.387
98	22	0.37
98	23	0.077
98	24	0.364
98	25	0.143
98	26	0.167
98	27	0.286
98	28	0.25
98	29	0.417
98	30	0.476
98	31	0.3
98	32	0.452
98	33	0.516
98	34	0.565
98	35	0.455
98	36	0.167
98	37	0
99	0	0.227
99	1	0
99	2	0
99	3	0
99	4	0
99	5	0
99	6	0
99	7	0
99	8	0
99	9	0
99	10	0
99	11	0.077
99	12	0.083
99	13	0.091
99	14	0.083
99	15	0.143
99	16	0.333
99	17	0.447
99	18	0.312
99	19	0.389
99	20	0.421
99	21	0.455
99	22	0.3
99	23	0.125
99	24	0.5
99	25	0.562
99	26	0.375
99	27	0.444
99	28	0.167
99	29	0.312
99	30	0.417
99	31	0
99	32	0.6
99	33	0.581
99	34	0.429
99	35	0.52
100	0	0.833
100	1	0
100	2	0
100	3	0
100	4	0
100	5	0
100	6	0.25
100	7	0.132
100	8	0
100	9	0
100	10	0.038
100	11	0.182
100	12	0.143
100	13	0.179
100	14	0.364
100	15	0.188
100	16	0.216
100	17	0.446
100	18	0.515
100	19	0.444
100	20	0.462
100	21	0.472
100	22	0.514
100	23	0.429
100	24	0.333
100	25	0.462
100	26	0.571
100	27	0.474
100	28	0.533
100	29	0.571
100	30	0.55
100	31	0.619
100	32	0.606
100	33	0.754
100	34	0.684
100	35	0.649
101	0	0.016
101	1	0
101	2	0
101	3	0
101	4	0
101	5	0
101	6	0
101	7	0.097
101	8	0.043
101	9	0.038
101	10	0.071
101	11	0.148
101	12	0.067
101	13	0.04
101	14	0.077
101	15	0.105
101	16	0.25
101	17	0.288
101	18	0.148
101	19	0.351
101	20	0.37
101	21	0.629
101	22	0.5
101	23	0.318
101	24	0.273
101	25	0.364
101	26	0.333
101	27	0.2
101	28	0.333
101	29	0.286
101	30	0.5
101	31	0.333
101	32	0.444
101	33	0.413
101	34	0.579
101	35	0.457
101	36	0.857
101	37	0.875
102	0	0.048
102	1	0.027
102	2	0
102	3	0
102	4	0
102	5	0
102	6	0
102	7	0
102	8	0.25
102	9	0.25
102	10	0
102	11	0
102	12	0
102	13	0
102	14	0
102	15	0
102	16	0
102	17	0.107
102	18	0.312
102	19	0.406
102	20	0.65
102	21	0.462
102	22	0.455
102	23	0.412
102	24	0.727
102	25	0.308
102	26	0.429
102	27	0.526
102	28	0.333
102	29	0.5
102	30	0.462
102	31	0.375
102	32	0.4
102	33	0.455
102	34	0.694
102	35	0.667
102	36	0.947
102	37	0.889
103	0	0.033
103	1	0.375
103	2	0.273
103	3	0
103	4	0
103	5	0
103	6	0
103	7	0.067
103	8	0.125
103	9	0.241
103	10	0
103	11	0
103	12	0
103	13	0.056
103	14	0
103	15	0.067
103	16	0
103	17	0.111
103	18	0.125
103	19	0.486
103	20	0.435
103	21	0.565
103	22	0.607
103	23	0.565
103	24	0.429
103	25	0.364
103	26	0.714
103	27	0.704
103	28	0.444
103	29	0.615
103	30	0.8
103	31	0.562
103	32	0.667
103	33	0.889
103	34	0.763
103	35	0.766
103	36	0.586
103	37	0.826
104	0	0.083
104	1	0.429
104	2	0.308
104	3	0.2
104	4	0
104	5	0
104	6	0
104	7	0
104	8	0.071
104	9	0.05
104	10	0
104	11	0
104	12	0.071
104	13	0.286
104	14	0.375
104	15	0.214
104	16	0.143
104	17	0.286
104	18	0.739
104	19	0.464
104	20	0.5
104	21	0.429
104	22	0.526
104	23	0.611
104	24	0.533
104	25	0.111
104	26	0.667
104	27	0.524
104	28	0.333
104	29	0.333
104	30	0.333
104	31	0.643
104	32	0.538
104	33	0.812
104	34	0.829
104	35	0.923
104	36	0.821
104	37	0.88
105	0	0.074
105	1	0.7
105	2	0.474
105	3	0.053
105	4	0
105	5	0
105	6	0.05
105	7	0
105	8	0.036
105	9	0
105	10	0
105	11	0
105	12	0.08
105	13	0.091
105	14	0
105	15	0.087
105	16	0
105	17	0
105	18	0.24
105	19	0.405
105	20	0.469
105	21	0.5
105	22	0.562
105	23	0.636
105	24	0.556
105	25	0.1
105	26	0.385
105	27	0.474
105	28	0.417
105	29	0.312
105	30	0.556
105	31	0.353
105	32	0.312
105	33	0.567
105	34	0.661
105	35	0.741
105	36	0.778
105	37	0.833
106	0	0.042
106	1	0.25
106	2	0.5
106	3	0
106	4	0
106	5	0
106	6	0
106	7	0
106	8	0
106	9	0
106	10	0
106	11	0
106	12	0
106	13	0
106	14	0
106	15	0
106	16	0
106	17	0
106	18	0
106	19	0.1
106	20	0.111
106	21	0.182
106	22	0.267
106	23	0.125
106	24	0.429
106	25	0
106	26	0
106	27	0
106	28	0
106	29	0
106	30	0
106	31	0
106	32	0
106	33	0.077
106	34	0.3
106	35	0.353
106	36	0.25
106	37	0.375
107	0	0.283
107	1	0
107	2	0
107	3	0
107	4	0
107	5	0
107	6	0.095
107	7	0.059
107	8	0.12
107	9	0.167
107	10	0
107	11	0.12
107	12	0
107	13	0
107	14	0
107	15	0
107	16	0.296
107	17	0.327
107	18	0.324
107	19	0.45
107	20	0.581
107	21	0.455
107	22	0.452
107	23	0.458
107	24	0.286
107	25	0.472
107	26	0.429
107	27	0.444
107	28	0.375
107	29	0.37
107	30	0.545
107	31	0.48
107	32	0.588
107	33	0.574
107	34	0.59
107	35	0.566
107	36	0.583
107	37	0.583
108	0	0.071
108	1	0
108	2	0
108	3	0
108	4	0
108	5	0
108	6	0
108	7	0.182
108	8	0
108	9	0
108	10	0
108	11	0
108	12	0
108	13	0
108	14	0
108	15	0
108	16	0
108	17	0.167
108	18	0.25
108	19	0.357
108	20	0.25
108	21	0.214
108	22	0.3
108	23	0.143
108	24	0
108	25	0.2
108	26	0.667
108	27	0.333
108	28	0.25
108	29	0.5
108	30	0.286
108	31	0.091
108	32	0.385
108	33	0.267
108	34	0.364
108	35	0.273
109	0	0.148
109	1	0.042
109	2	0
109	3	0
109	4	0
109	5	0
109	6	0
109	7	0
109	8	0
109	9	0
109	10	0.143
109	11	0.077
109	12	0.125
109	13	0.167
109	14	0.125
109	15	0.167
109	16	0.4
109	17	0.381
109	18	0.556
109	19	0.528
109	20	0.514
109	21	0.481
109	22	0.333
109	23	0.263
109	24	0.579
109	25	0.553
109	26	0.3
109	27	0.667
109	28	0.308
109	29	0.567
109	30	0.5
109	31	0.769
109	32	0.788
109	33	0.662
109	34	0.619
109	35	0.606
111	0	0.108
111	1	0
111	2	0
111	3	0
111	4	0
111	5	0
111	6	0
111	7	0.05
111	8	0
111	9	0
111	10	0
111	11	0.062
111	12	0
111	13	0.077
111	14	0
111	15	0
111	16	0
111	17	0.265
111	18	0.2
111	19	0.304
111	20	0.556
111	21	0.367
111	22	0.32
111	23	0.167
111	24	0.143
111	25	0.424
111	26	0.3
111	27	0.333
111	28	0.182
111	29	0.267
111	30	0.167
111	31	0.227
111	32	0.514
111	33	0.7
111	34	0.533
111	35	0.638
112	0	0
112	1	0.1
112	2	0
112	3	0
112	4	0
112	5	0
112	6	0.143
112	7	0.071
112	8	0
112	9	0
112	10	0
112	11	0
112	12	0
112	13	0
112	14	0
112	15	0
112	16	0
112	17	0.125
112	18	0.25
112	19	0.429
112	20	0.444
112	21	0.51
112	22	0.333
112	23	0.222
112	24	0.222
112	25	0.294
112	26	0
112	27	0
112	28	0.2
112	29	0.125
112	30	0
112	31	0.143
112	32	0.273
112	33	0.167
112	34	0.25
112	35	0.438
112	36	1
112	37	1
113	0	0
113	1	0
113	2	0
113	3	0
113	4	0
113	5	0
113	6	0
113	7	0.154
113	8	0
113	9	0
113	10	0.167
113	11	0.125
113	12	0.111
113	13	0
113	14	0
113	15	0
113	16	0.167
113	17	0.067
113	18	0.1
113	19	0.1
113	20	0.125
113	21	0
113	22	0
113	23	0
113	24	0
113	25	0.1
113	26	0
113	27	0
113	28	0
113	29	0
113	30	0
113	31	0
113	32	0.071
113	33	0.333
113	34	0.154
113	35	0.062
114	0	0.19
114	1	0.043
114	2	0
114	3	0
114	4	0
114	5	0
114	6	0
114	7	0.062
114	8	0
114	9	0
114	10	0.048
114	11	0.16
114	12	0.067
114	13	0.095
114	14	0
114	15	0.222
114	16	0.231
114	17	0.393
114	18	0.25
114	19	0.229
114	20	0.37
114	21	0.439
114	22	0.438
114	23	0.158
114	24	0.6
114	25	0.5
114	26	0.222
114	27	0.368
114	28	0.071
114	29	0.227
114	30	0.174
114	31	0.357
114	32	0.647
114	33	0.616
114	34	0.62
114	35	0.537
115	9	0
115	10	1
117	0	0
117	1	0
117	2	0
117	3	0
117	4	0
117	5	0
117	6	0
117	7	0
117	8	0
117	9	0
117	10	0
117	11	0
117	12	0
117	13	0
117	14	0
117	15	0
117	16	0
117	17	0.059
117	18	0.071
117	19	0.083
117	20	0.222
117	21	0.133
117	22	0.455
117	23	0.375
117	24	0.5
117	25	0.333
117	26	0.2
117	27	0.2
117	28	0
117	29	0.222
117	30	0.25
117	31	0.333
117	32	0.562
117	33	0.476
117	34	0.562
117	35	0.522
118	0	0.231
118	1	0
118	3	0
118	4	0
118	5	0
118	6	0
118	7	0.4
118	8	0
118	9	0
118	10	0
118	11	0
118	12	0
118	13	0
118	15	0
118	16	0
118	17	0.125
118	18	0.25
118	19	0.5
118	20	0.25
118	21	0.5
118	22	0.5
118	23	0
118	24	0
118	25	0
118	26	0
118	27	0
118	28	0
118	29	0
118	30	0
118	31	0.4
118	32	0.7
118	33	1
118	34	1
118	35	1
119	0	0.094
119	1	0.167
119	2	0
119	3	0
119	4	0
119	5	0
119	6	0.111
119	7	0.375
119	8	0
119	9	0
119	10	0
119	11	0
119	12	0
119	13	0
119	14	0
119	15	0
119	16	0
119	17	0.136
119	18	0.308
119	19	0.167
119	20	0.308
119	21	0.526
119	22	0.214
119	23	0.083
119	24	0.5
119	25	0.45
119	26	0.25
119	27	0.375
119	28	0.333
119	29	0.5
119	30	0.5
119	31	0.333
119	32	0.714
119	33	0.778
119	34	0.524
119	35	0.5
120	0	0.056
120	1	0.111
120	2	0
120	3	0
120	4	0
120	5	0
120	6	0
120	7	0
120	8	0
120	9	0
120	10	0
120	11	0
120	12	0
120	13	0
120	14	0
120	15	0
120	16	0
120	17	0.143
120	18	0.545
120	19	0.556
120	20	0.5
120	21	0.6
120	22	0.455
120	23	0.2
120	24	0.6
120	25	0.636
120	26	0.333
120	27	0
120	28	0.6
120	29	0.5
120	30	0.5
120	31	0.75
120	32	0.909
120	33	0.952
120	34	0.625
120	35	0.667
120	36	0.429
120	37	0
121	0	0.214
121	1	0
121	2	0
121	3	0
121	4	0
121	5	0
121	6	0.2
121	7	0.067
121	8	0
121	9	0
121	10	0
121	11	0
121	12	0
121	13	0
121	14	0
121	15	0
121	16	0
121	17	0.083
121	18	0.5
121	19	0.364
121	20	0.5
121	21	0.273
121	22	0.364
121	23	0.333
121	25	0.444
121	26	0
121	27	0.4
121	28	0.25
121	29	0.4
121	30	0.5
121	31	0.6
121	32	0.556
121	33	0.632
121	34	0.538
121	35	0.417
122	0	0.051
122	1	0.167
122	2	0
122	3	0.083
122	4	0
122	5	0
122	6	0
122	7	0
122	8	0
122	9	0
122	10	0.125
122	11	0.083
122	12	0.143
122	13	0.2
122	14	0.222
122	15	0
122	16	0.182
122	17	0.545
122	18	0.545
122	19	0.542
122	20	0.529
122	21	0.706
122	22	0.647
122	23	0.667
122	24	0.5
122	25	0.692
122	26	0.5
122	27	0.286
122	28	0.5
122	29	0.75
122	30	0.667
122	31	0.444
122	32	0.714
122	33	0.8
122	34	0.906
122	35	0.867
122	36	1
122	37	0.733
124	0	0.19
124	1	0.214
124	2	0.267
124	3	0
124	4	0
124	5	0
124	6	0
124	7	0
124	8	0
124	9	0
124	10	0
124	11	0.071
124	12	0
124	13	0
124	14	0
124	15	0
124	16	0
124	17	0.067
124	18	0.091
124	19	0.207
124	20	0.263
124	21	0.167
124	22	0.222
124	23	0.462
124	24	0.182
124	25	0.353
124	26	0.7
124	27	0.32
124	28	0
124	29	0.4
124	30	0.364
124	31	0.4
124	32	0.045
124	33	0.5
124	34	0.579
124	35	0.485
124	36	0.583
124	37	0.429
126	0	0
126	1	0
126	2	0
126	3	0
126	4	0
126	5	0
126	6	0
126	7	0
126	8	0
126	9	0.125
126	10	0
126	11	0
126	12	0
126	13	0
126	14	0
126	15	0
126	16	0
126	17	0
126	18	0
126	19	0
126	20	0
126	21	0
126	22	0
126	23	0
126	24	0
126	25	0
126	26	0
126	27	0
126	28	0
126	29	0.25
126	30	0.333
126	31	0.286
126	32	0
126	33	0.167
126	34	0.111
126	35	0
126	36	0.125
126	37	0.4
127	0	0
127	1	0
127	2	0
127	4	0
127	5	0
127	6	0
127	7	0
127	8	0
127	9	0
127	10	0
127	11	0
127	12	0
127	13	0
127	14	0
127	15	0
127	16	0
127	17	0
127	18	0
127	19	0
127	20	0
127	21	0
127	22	0
127	23	0
127	24	0
127	25	0
127	26	0
127	27	0
127	28	0
127	29	0
127	30	0
127	31	0
127	32	0.222
127	33	0.2
127	34	0.273
127	35	0.214
127	36	0
127	37	0.5
128	0	0
128	1	0
128	2	0
128	3	0
128	4	0
128	5	0
128	6	0
128	7	0
128	8	0
128	9	0.143
128	10	0
128	11	0
128	12	0
128	13	0
128	14	0
128	15	0
128	16	0
128	17	0
128	18	0
128	19	0
128	20	0
128	21	0
128	22	0
128	23	0
128	24	0
128	25	0
128	26	0
128	27	0
128	28	0
128	29	0
128	30	0
128	31	0
128	32	0
128	33	0.1
128	34	0.3
128	35	0.5
128	36	0
128	37	0
129	0	0
129	1	0
129	2	0
129	3	0
129	4	0
129	5	0
129	6	0
129	7	0
129	8	0
129	9	0
129	10	0
129	11	0
129	12	0
129	13	0
129	14	0
129	15	0
129	16	0
129	17	0
129	18	0.118
129	19	0.087
129	20	0.067
129	21	0.067
129	22	0.214
129	23	0.1
129	24	0.071
129	25	0
129	26	0
129	27	0
129	28	0
129	29	0
129	30	0
129	31	0
129	32	0
129	33	0.333
129	34	0.267
129	35	0.226
129	36	0.3
129	37	0.286
130	0	0
130	1	0
130	2	0.125
130	3	0.2
130	4	0
130	5	0
130	6	0
130	7	0
130	8	0.429
130	9	0.143
130	10	0
130	11	0
130	12	0
130	13	0
130	14	0
130	15	0.091
130	16	0.111
130	17	0
130	18	0.1
130	19	0.316
130	20	0.462
130	21	0.2
130	22	0.489
130	23	0.4
130	24	0.429
130	25	0.333
130	26	1
130	27	0.286
130	28	0.333
130	29	0
130	30	0.333
130	31	0.5
130	32	0.545
130	33	0.143
130	34	0.706
130	35	0.667
130	36	0.667
130	37	0.667
132	0	0.026
132	1	0.067
132	2	0
132	3	0
132	4	0
132	5	0
132	6	0
132	7	0
132	8	0.167
132	9	0.231
132	10	0
132	11	0
132	12	0
132	13	0
132	14	0
132	15	0
132	16	0
132	17	0
132	18	0.125
132	19	0.25
132	20	0.333
132	21	0.333
132	22	0.263
132	23	0.25
132	24	0.333
132	25	0
132	26	0
132	27	0.286
132	28	0.2
132	29	0.125
132	30	0.333
132	31	0.474
132	32	0.6
132	33	0.5
132	34	0.524
132	35	0.593
132	36	0.364
132	37	0.333
134	0	0.1
134	1	0.105
134	2	0.059
134	3	0.143
134	4	0
134	5	0
134	6	0
134	7	0
134	8	0.056
134	9	0.038
134	10	0
134	11	0
134	12	0
134	13	0.067
134	14	0.083
134	15	0.083
134	16	0.077
134	17	0.111
134	18	0.333
134	19	0.182
134	20	0.176
134	21	0.19
134	22	0.467
134	23	0.25
134	24	0.25
134	25	0.375
134	26	0.5
134	27	0.538
134	28	0.429
134	29	0.444
134	30	0.455
134	31	0.462
134	32	0.526
134	33	0.6
134	34	0.536
134	35	0.657
134	36	0.72
134	37	0.2
136	0	0
136	1	0
136	2	0
136	3	0
136	4	0
136	5	0
136	6	0
136	7	0
136	8	0
136	9	0.167
136	10	0
136	11	0
136	12	0
136	13	0
136	14	0.2
136	15	0
136	16	0.2
136	17	0.5
136	18	0.5
136	19	0.2
136	20	0.167
136	21	0.5
136	22	0.375
136	23	0.333
136	24	0.333
136	25	0
136	26	1
136	27	0.6
136	28	0.5
136	29	0.5
136	30	0.667
136	31	0.333
136	32	0
136	33	0.25
136	34	0.444
136	35	0.375
136	36	0.333
136	37	0.333
137	0	0.25
137	1	0
137	2	0
137	3	0
137	4	0
137	5	0
137	6	0.1
137	7	0.36
137	8	0
137	9	0
137	10	0
137	11	0
137	12	0.091
137	13	0.111
137	14	0
137	15	0.1
137	16	0.158
137	17	0.2
137	18	0.368
137	19	0.474
137	20	0.389
137	21	0.316
137	22	0.2
137	23	0.214
137	24	0
137	25	0.071
137	26	0
137	27	0.3
137	28	0.083
137	29	0.176
137	30	0.143
137	31	0.294
137	32	0.375
137	33	0.269
137	34	0.48
137	35	0.5
137	36	1
137	37	0
138	31	1
138	32	1
138	34	1
138	35	1
138	36	1
138	37	1
139	0	0.2
139	1	0
139	2	0
139	3	0
139	4	0
139	5	0
139	6	0
139	7	0.095
139	8	0
139	9	0
139	10	0
139	11	0
139	12	0
139	13	0
139	14	0
139	15	0
139	16	0
139	17	0.045
139	18	0.045
139	19	0
139	20	0
139	21	0
139	22	0.083
139	23	0.143
139	25	0.182
139	26	0
139	27	0.25
139	28	0.2
139	29	0.214
139	30	0.286
139	31	0.455
139	32	0.385
139	33	0.464
139	34	0.444
139	35	0.5
140	0	0
140	1	0
140	2	0
140	3	0
140	4	0
140	5	0
140	6	0.2
140	7	0
140	8	0
140	9	0
140	10	0
140	11	0
140	12	0
140	13	0
140	14	0
140	15	0
140	16	0
140	17	0.1
140	18	0.4
140	19	0
140	20	0
140	21	0
140	22	0.25
140	23	0
140	24	0
140	25	0
140	26	0
140	27	0
140	28	0
140	29	0
140	30	0
140	31	0
140	32	0
140	33	0
140	34	0.2
140	35	0.111
141	0	0
141	1	0.429
141	2	0
141	3	0
141	4	0
141	5	0
141	6	0
141	7	0
141	8	0.25
141	9	0
141	10	0
141	11	0
141	12	0
141	13	0
141	14	0
141	15	0
141	16	0
141	17	0
141	18	0
141	19	0
141	20	0
141	21	0
141	22	0.286
141	23	0
141	24	0.5
141	25	0
141	26	0
141	27	0.5
141	28	0
141	29	0
141	30	0
141	31	0
141	32	0
141	33	0.5
141	34	0.333
141	35	0.556
141	36	0.667
141	37	1
