"time"	"distance"	"value"
36	0	0.4
36	1	0.379
36	2	0.353
36	3	0.214
36	4	0.267
36	5	0.286
36	6	0.222
36	7	0.4
36	8	0
36	9	0.625
36	10	0.643
36	11	0.565
36	12	0.533
36	13	0.593
36	14	0.462
36	15	0.375
36	16	0.5
36	17	0.5
36	18	0.25
36	19	0.333
36	20	0.4
36	21	0.125
36	22	0.45
36	23	0.7
36	24	0.481
36	25	0
36	26	0
36	27	0
36	28	0
36	29	0
36	30	0
36	31	0
36	32	0
36	33	0
36	34	0
37	0	0.615
37	1	0.5
37	2	0.667
37	3	0.25
37	4	0.4
37	5	0.333
37	6	0
37	7	0
37	9	0
37	10	0.167
37	34	0
37	35	0
37	36	0
37	37	0
37	38	0
37	39	0
37	40	0
37	41	0
37	42	0
37	43	0
37	44	0
37	45	0
37	46	0
37	47	0
37	48	0
37	49	0.1
37	50	0.083
37	51	0.117
37	52	0.375
38	0	0.429
38	1	0.414
38	2	0.357
38	3	0.286
38	4	0.4
38	5	0.125
38	6	0.143
38	7	0.154
38	9	0.2
38	10	0.5
38	11	0.391
38	12	0.545
38	13	0.576
38	14	0.389
38	15	0.2
38	16	0.6
38	17	0.333
38	18	0.5
38	19	0.533
38	20	0.545
38	21	1
38	22	0.72
38	23	0.692
38	24	0.524
38	25	0
38	26	0
38	27	0
38	28	0
38	29	0
38	30	0.375
38	31	0.25
38	32	0
38	33	0
38	34	0
38	35	0
38	36	0.333
38	37	0
38	38	0.222
38	39	0
38	40	0.25
38	41	0.333
38	42	0.167
38	43	0.5
38	44	0.5
38	45	0.25
38	46	0
38	47	0
38	48	0
38	49	0
38	50	0.143
38	51	0.4
39	0	0.48
39	1	0.5
39	2	0.267
39	3	0.125
39	24	0.739
39	25	0.385
39	26	0.2
39	27	0
39	28	0.2
39	29	0.333
39	30	0.6
39	31	0.25
39	32	0
39	33	0
39	34	0
39	35	0.105
39	36	0
39	37	0.083
39	38	0.067
39	39	0.1
39	40	0
39	41	0.111
39	42	0.2
39	43	0
39	44	0
39	45	0.062
39	46	0.087
39	47	0
39	48	0
39	49	0.333
39	50	0.5
39	51	0.283
39	52	0.375
40	0	0.273
40	1	0.409
40	3	0.5
40	4	0.125
40	5	0.222
40	6	0.375
40	7	0.25
40	8	0.333
40	9	0
40	10	0.417
40	11	0.421
40	12	0.571
40	13	0.409
40	14	0.643
40	15	0.222
40	16	0
40	17	0.286
40	18	0
40	19	0.333
40	20	0.429
40	21	0.333
40	22	0.556
40	23	0.875
40	24	0.677
40	25	0.389
40	26	0.167
40	27	0
40	28	0.2
40	29	0
40	30	0.5
40	31	0.5
40	32	0
40	33	0
40	34	0
40	35	0
40	36	0.091
40	37	0
40	38	0.056
40	39	0.111
40	40	0.111
40	41	0
40	42	0.286
40	43	0.167
40	44	0
40	45	0.143
40	46	0.105
40	47	0.091
40	48	0
40	49	0.1
40	50	0.118
40	51	0.23
40	52	0
41	0	0.5
41	1	0.421
41	2	0.188
41	3	0.294
41	4	0.235
41	5	0.308
41	6	0
41	7	0.273
41	8	0
41	9	0.333
41	10	0.48
41	11	0.5
41	12	0.438
41	13	0.455
41	14	0.294
41	15	0.444
41	16	1
41	17	0.143
41	18	0.25
41	19	0.167
41	20	0.286
41	21	0.125
41	22	0.348
41	23	0.5
41	24	0.514
41	25	0.111
41	26	0.125
41	27	0.2
41	28	0.25
41	29	0
41	30	0.2
41	31	0.167
41	32	0
41	33	0
41	34	0
41	35	0
41	36	0
41	37	0
41	38	0
41	39	0
41	40	0
41	41	0
41	42	0
41	43	0
41	44	0
41	45	0
41	46	0
41	47	0
41	48	0
41	49	0.222
41	50	0.667
41	51	0.4
42	0	0.467
42	1	0.556
42	2	0.5
42	3	0.312
42	4	0.308
42	5	0.091
42	6	0.4
42	7	0.25
42	8	1
42	9	0.429
42	10	0.4
42	11	0.4
42	12	0.444
42	13	0.611
42	14	0.5
42	15	0.4
42	16	1
42	17	0.25
42	18	0.667
42	19	0
42	20	0.25
42	21	0.333
42	22	0.333
42	23	0.667
42	24	0.611
42	25	0.256
42	26	0.091
42	27	1
42	28	0
42	29	0
42	30	0.5
42	31	0.273
42	32	0
42	33	0
42	34	0
42	35	0.036
42	36	0
42	37	0.059
42	38	0
42	39	0.1
42	40	0.167
42	41	0.091
42	42	0.111
42	43	0.143
42	44	0
42	45	0.056
42	46	0.074
42	47	0.071
42	48	0.071
42	49	0.75
42	50	0.391
42	51	0.031
43	0	0.208
43	1	0.333
43	2	0.167
43	3	0.111
43	4	0.143
43	5	0.111
43	6	0.125
43	7	0.143
43	8	0
43	9	0.286
43	10	0.381
43	11	0.375
43	12	0.55
43	13	0.545
43	14	0.556
43	15	0.545
43	16	1
43	17	0.429
43	18	0.2
43	19	0.25
43	20	0.125
43	21	0.286
43	22	0.222
43	23	0.4
43	24	0.25
43	25	0
43	26	0
43	27	0
43	28	0
43	29	0
43	30	0.217
43	31	0.211
43	32	0
43	33	0
43	34	0
43	35	0
43	36	0
43	37	0
43	38	0
43	39	0
43	40	0
43	41	0
43	42	0
43	43	0
43	44	0
43	45	0
43	46	0
43	47	0
43	48	0
43	49	0
43	50	0
43	51	0
43	52	0
44	0	0.611
44	1	0.154
44	2	0.071
44	3	0.231
44	4	0.167
44	5	0.286
44	6	0.222
44	7	0.182
44	8	0
44	9	0.125
44	10	0.364
44	11	0.2
44	12	0.333
44	13	0.136
44	14	0.133
44	15	0
44	16	0
44	17	0
44	18	0
44	19	0.333
44	20	0.083
44	21	0
44	22	0.095
44	23	0
44	24	0.067
44	25	0
44	26	0
44	27	0
44	28	0
44	29	0
44	30	0
44	31	0
44	32	0
44	33	0
44	34	0
44	35	0
44	36	0
44	37	0
44	38	0
44	39	0
44	40	0
44	41	0
44	42	0
44	43	0
44	44	0
44	45	0
44	46	0.105
44	47	0.125
44	48	0
44	49	0
44	50	0.083
44	51	0.012
45	0	0.6
45	1	0.615
45	2	0.5
45	3	0.389
45	4	0.364
45	5	0.562
45	6	0.462
45	7	0.357
45	8	0.125
45	9	0.364
45	10	0.5
45	11	0.531
45	12	0.565
45	13	0.6
45	14	0.462
45	15	0.385
45	16	0
45	17	0.167
45	18	0.25
45	19	0.429
45	20	0.8
45	21	0.75
45	22	0.526
45	23	0.5
45	24	0.571
45	25	0.421
45	26	0.333
45	27	0
45	28	0.5
45	29	0.333
45	30	0.455
45	31	0.364
45	32	0
45	33	0
45	34	0
45	35	0
45	36	0
45	37	0
45	38	0
45	39	0
45	40	0
45	41	0
45	42	0
45	43	0
45	44	0
45	45	0.077
45	46	0.111
45	47	0
45	48	0
45	49	0
45	50	0.154
45	51	0
45	52	0
46	0	0.609
46	1	0.737
46	2	0.143
46	3	0.3
46	4	0.286
46	5	0.5
46	6	0
46	7	0.25
46	8	0.75
46	9	0.444
46	10	0.769
46	11	0.545
46	12	0.7
46	13	0.719
46	14	0.632
46	15	0.273
46	16	1
46	17	0.4
46	18	0.125
46	19	0.25
46	20	0.25
46	21	0.429
46	22	0.333
46	23	0.25
46	24	0.575
46	25	0.25
46	26	0.118
46	27	0
46	28	0
46	29	0.083
46	30	0.231
46	31	0.241
46	32	0.056
46	33	0
46	34	0
46	35	0
46	36	0
46	37	0
46	38	0
46	39	0
46	40	0
46	41	0
46	42	0
46	43	0
46	44	0
46	45	0
46	46	0
46	47	0
46	48	0
46	49	0
46	50	0
46	51	0
47	0	0.51
47	1	0.676
47	2	0.652
47	3	0.15
47	4	0.318
47	5	0
47	6	0.368
47	7	0.429
47	8	0
47	9	0.4
47	10	0.407
47	11	0.303
47	12	0.56
47	13	0.382
47	14	0.385
47	15	0.154
47	16	0.75
47	17	0.1
47	18	0.222
47	19	0.125
47	20	0
47	21	0.417
47	22	0.429
47	23	1
47	24	0.591
47	25	0
47	26	0
47	28	0.2
47	29	0.25
47	30	0.333
47	31	0
47	32	0
47	33	0
47	34	0
47	35	0
47	36	0
47	37	0
47	38	0
47	39	0
47	40	0
47	41	0
47	42	0
47	43	0
47	44	0
47	45	0
47	46	0
47	47	0
47	48	0
47	49	0
47	50	0
47	51	0
48	0	0.273
48	1	0.235
48	2	0.2
48	3	0
48	4	0
48	5	0
48	6	0
48	7	0
48	8	0
48	9	0.25
48	10	0.077
48	11	0
48	12	0.25
48	13	0.5
48	14	0.333
48	15	0.5
48	16	1
48	17	0.2
48	18	0.333
48	19	0.167
48	20	1
48	21	0.333
48	22	0.467
48	23	0.417
48	24	0.5
48	25	0.167
48	26	0.115
48	27	0.25
48	28	0
48	29	0
48	30	0.32
48	31	0.176
48	32	0
48	33	0
48	34	0
48	35	0
48	36	0.059
48	37	0.059
48	38	0.08
48	39	0.077
48	40	0
48	41	0
48	42	0.091
48	43	0
48	44	0.143
48	45	0.045
48	46	0.074
48	47	0.071
48	48	0
48	49	0
48	50	0
48	51	0.07
49	0	0.742
49	1	0.571
49	2	0.429
49	3	0.348
49	4	0.222
49	5	0.364
49	6	0.167
49	7	0.118
49	8	0.444
49	9	0.625
49	10	0.6
49	11	0.515
49	12	0.556
49	13	0.543
49	14	0.556
49	15	0
49	16	0
49	17	0.143
49	18	1
49	19	0.167
49	20	0.4
49	21	0.5
49	22	0.5
49	23	0.667
49	24	0.476
49	25	0
49	26	0.167
49	27	0
49	29	0.125
49	30	0.25
49	31	0.214
49	32	0
49	33	0
49	34	0
49	35	0.067
49	36	0
49	37	0.2
49	38	0.062
49	39	0.167
49	40	0
49	41	0
49	42	0.125
49	43	0
49	44	0.333
49	45	0.091
49	46	0.143
49	47	0
49	48	0.111
49	49	0
49	50	0
49	51	0
50	0	0.533
50	1	0.556
50	2	0.143
50	3	0.167
50	4	0.333
50	5	0.2
50	6	0.25
50	7	0.25
50	9	0.6
50	10	0.778
50	11	0.556
50	12	0.667
50	13	0.6
50	14	0.529
50	15	0.562
50	16	0
50	17	0.455
50	18	0.429
50	19	0.5
50	20	0.5
50	21	0.5
50	22	0.64
50	23	0.812
50	24	0.791
50	25	0.154
50	26	0.158
50	27	0
50	28	0.25
50	29	0.429
50	30	0.675
50	31	0.355
50	32	0
50	33	0
50	34	0
50	35	0
50	36	0
50	37	0
50	38	0
50	39	0
50	40	0
50	41	0
50	42	0
50	43	0
50	44	0
50	45	0
50	46	0
50	47	0
50	48	0
50	49	0
50	50	0
50	51	0
51	0	0.433
51	1	0.432
51	2	0.294
51	3	0.067
51	4	0
51	5	0
51	6	0
51	7	0.067
51	8	0.417
51	9	0.562
51	10	0.318
51	11	0.5
51	12	0.474
51	13	0.56
51	14	0.5
51	15	0.4
51	16	0.667
51	17	0.222
51	18	0.5
51	19	0.5
51	20	0.333
51	21	0.333
51	22	0.375
51	23	0.556
51	24	0.514
51	25	0.125
51	26	0.056
51	27	0.25
51	28	0.2
51	29	0.217
51	30	0.2
51	31	0.304
51	32	0
51	33	0
51	34	0
51	35	0
51	36	0
51	37	0
51	47	0
51	48	0
51	49	0.25
51	50	0.429
51	51	0.667
51	52	0
52	0	0.444
52	1	0.581
52	2	0.5
52	3	0.167
52	4	0.188
52	5	0.385
52	6	0.091
52	7	0.222
52	8	0.2
52	9	0.312
52	10	0.5
52	11	0.368
52	12	0.533
52	13	0.368
52	14	0.308
52	15	0.2
52	17	0
52	18	0.5
52	19	0.286
52	20	0.5
52	21	0.4
52	22	0.5
52	23	0.625
52	24	0.385
52	25	0.077
52	26	0
52	27	0
52	28	0.167
52	29	0
52	30	0.333
52	31	0.333
52	32	0
52	33	0
52	34	0
52	35	0
52	36	0
52	37	0
52	38	0
52	39	0
52	40	0
52	41	0
52	42	0
52	43	0
52	44	0
52	45	0
52	46	0.031
52	47	0
52	48	0
52	49	0
52	50	0
52	51	0
53	0	0.523
53	1	0.754
53	2	0.353
53	3	0.059
53	4	0.235
53	5	0.3
53	6	0.273
53	7	0.5
53	8	0.222
53	9	0.786
53	10	0.586
53	11	0.391
53	12	0.286
53	13	0.582
53	14	0.5
53	15	0.6
53	16	0
53	17	0.143
53	18	0.2
53	19	0.154
53	20	0.429
53	21	0.417
53	22	0.35
53	23	0.333
53	24	0.357
53	25	0
53	26	0
53	27	0
53	28	0
53	29	0
53	30	0
53	31	0
53	32	0
53	33	0
53	34	0
53	35	0
53	36	0
53	37	0
53	38	0
53	39	0
53	40	0
53	41	0
53	42	0
53	43	0
53	44	0
53	45	0.2
53	46	0
53	47	0
53	48	0
53	49	0
53	50	0
53	51	0
53	52	0.045
54	0	0.333
54	1	0.318
54	2	0.1
54	3	0
54	4	0
54	5	0
54	6	0
54	7	0
54	8	0
54	9	0.3
54	10	0.353
54	11	0.2
54	12	0.429
54	13	0.692
54	14	0.5
54	15	0.4
54	16	0.333
54	17	0.6
54	18	1
54	19	0.444
54	20	1
54	21	0.5
54	22	0.45
54	23	0.619
54	24	0.634
54	25	0.1
54	26	0.053
54	27	0
54	28	0
54	29	0.154
54	30	0.091
54	31	0
54	32	0
54	33	0
54	34	0
54	35	0
54	36	0
54	37	0
54	38	0
54	39	0
54	40	0
54	41	0
54	42	0
54	43	0
54	44	0
54	45	0
54	46	0
54	47	0
54	48	0
54	49	0
54	50	0
54	51	0.195
55	0	0.455
55	1	0.718
55	2	0.4
55	3	0.154
55	4	0.273
55	5	0.375
55	6	0.375
55	7	0.444
55	8	0.083
55	9	0.438
55	10	0.625
55	11	0.412
55	12	0.667
55	13	0.48
55	14	0.5
55	15	0.5
55	16	0
55	17	0
55	18	1
55	19	0.25
55	20	0.333
55	21	0.333
55	22	0.5
55	23	0.714
55	24	0.76
55	25	0.444
55	26	0.286
55	27	0
55	28	0.182
55	29	0.611
55	30	0.556
55	31	0.45
55	32	0
55	33	0
55	34	0
55	35	0
55	36	0
55	37	0
55	38	0
55	39	0
55	40	0
55	41	0
55	42	0
55	43	0
55	44	0
55	45	0
55	46	0
55	47	0
55	48	0
55	49	0
55	50	0
55	51	0.077
55	52	0
56	0	0.6
56	1	0.64
56	2	0.429
56	3	0
56	4	0.167
56	5	0.25
56	6	0
56	7	0.2
56	8	0
56	9	0
56	10	0.143
56	11	0.2
56	12	0.4
56	13	0.5
56	14	0.385
56	15	0.357
56	16	0
56	17	0.167
56	18	0.5
56	19	0.182
56	20	0
56	21	0.2
56	22	0.25
56	23	0.462
56	24	0.463
56	25	0.091
56	26	0
56	27	0
56	28	0
56	29	0
56	30	0.407
56	31	0.133
56	32	0
56	33	0
56	34	0
56	35	0
56	36	0
56	37	0
56	38	0
56	39	0
56	40	0
56	41	0
56	42	0
56	43	0
56	44	0
56	45	0
56	46	0
56	47	0
56	48	0
56	49	0
56	50	0
56	51	0.071
57	0	0.235
57	1	0.411
57	2	0.1
57	3	0.111
57	4	0.077
57	5	0.143
57	6	0.25
57	7	0
57	8	0.5
57	9	0.5
57	10	0.667
57	11	0.286
57	12	0.5
57	13	0.167
57	14	0.286
57	15	0
57	17	0
57	18	0.2
57	19	0.2
57	20	0
57	21	0
57	22	0.125
57	23	0.25
57	24	0.091
57	25	0.182
57	26	0
57	27	0
57	28	0
57	29	0
57	30	0
57	31	0.1
57	32	0
57	33	0
57	34	0
57	35	0
57	36	0
57	37	0
57	38	0
57	39	0
57	40	0
57	41	0
57	42	0
57	43	0
57	44	0
57	45	0
57	46	0
57	47	0
57	48	0
57	49	0.2
57	50	0.357
57	51	0.188
57	52	0
58	0	0.514
58	1	0.733
58	2	0.545
58	3	0.375
58	4	0.455
58	5	0.357
58	6	0.25
58	7	0.3
58	8	0.357
58	9	0.333
58	10	0.429
58	11	0.286
58	12	0.375
58	13	0.4
58	14	0.44
58	15	0.333
58	16	0.667
58	17	0.222
58	18	0.4
58	19	0.333
58	20	0.444
58	21	0.429
58	22	0.571
58	23	0.833
58	24	0.824
58	25	0.444
58	26	0
58	27	0.333
58	28	0
58	29	0
58	30	0.412
58	31	0.357
58	32	0.167
58	33	0
58	34	0
58	35	0
58	36	0
58	37	0
58	38	0
58	39	0
58	40	0
58	41	0
58	42	0
58	43	0
58	44	0
58	45	0
58	46	0.222
58	47	0
58	48	0
58	49	0
58	50	0
58	51	0
59	0	0.654
59	1	0.619
59	2	0.333
59	3	0.333
59	4	0.2
59	5	0.4
59	6	0.25
59	7	0.25
59	8	0.5
59	9	0.286
59	10	0.4
59	11	0.25
59	12	0.429
59	13	0.5
59	14	0.5
59	15	0.75
59	17	0.5
59	18	0.5
59	19	0.4
59	20	0
59	21	0.5
59	22	0.625
59	23	0.8
59	24	0.718
59	25	0.409
59	26	0.294
59	27	0.2
59	28	0.25
59	29	0.455
59	30	0.419
59	31	0.35
59	32	0
59	33	0
59	34	0
59	35	0
59	36	0
59	37	0
59	38	0
59	39	0
59	40	0
59	41	0
59	42	0
59	43	0
59	44	0
59	45	0
59	46	0.077
59	47	0.167
59	48	0
59	49	0.143
59	50	0.25
59	51	0.304
59	52	0
60	0	0.487
60	1	0.629
60	2	0.308
60	3	0.091
60	4	0.333
60	5	0
60	6	0.167
60	7	0
60	8	0.286
60	9	0.417
60	10	0.312
60	11	0.167
60	12	0.417
60	13	0.5
60	14	0.2
60	15	0.222
60	16	0.5
60	17	0.125
60	18	0
60	19	0.222
60	20	0
60	21	0
60	22	0.417
60	23	0.636
60	24	0.333
60	25	0.211
60	26	0
60	27	0
60	28	0
60	29	0
60	30	0
60	31	0.1
60	32	0
60	33	0
60	34	0
60	35	0
60	36	0
60	37	0
60	38	0
60	39	0
60	40	0
60	41	0
60	42	0
60	43	0
60	44	0
60	45	0.25
60	46	0
60	47	0
60	48	0
60	49	0
60	50	0.222
60	51	0.125
61	0	0.176
61	1	0.265
61	2	0.118
61	3	0.154
61	4	0.091
61	5	0.3
61	6	0.143
61	7	0.167
61	8	0.2
61	9	0.2
61	10	0.333
61	11	0.125
61	12	0.231
61	13	0.333
61	14	0.25
61	15	0.571
61	16	0
61	17	0.125
61	18	0
61	19	0.143
61	20	0
61	21	0.167
61	22	0.077
61	23	0.462
61	24	0.414
61	25	0.059
61	26	0.067
61	28	0
61	29	0.667
61	30	0.5
61	31	0.056
61	32	0
61	33	0
61	34	0
61	35	0
61	36	0
61	37	0
61	38	0
61	39	0
61	40	0
61	41	0
61	42	0
61	43	0
61	44	0
61	45	0.111
61	46	0.25
61	47	0.143
61	48	0
61	49	0.167
61	50	0.125
61	51	0.462
61	52	0
62	0	0.531
62	1	0.796
62	2	0.625
62	3	0.545
62	4	0.625
62	5	0.538
62	6	0.5
62	7	0.357
62	35	0
62	36	0
62	37	0
62	38	0
62	39	0
62	40	0
62	41	0
62	42	0
62	43	0
62	44	0
62	45	0
62	46	0
62	47	0
62	48	0
62	49	0.2
62	50	0.4
62	51	0.03
63	7	0
63	8	0.2
63	9	0.455
63	10	0.577
63	11	0.545
63	12	0.429
63	13	0.5
63	14	0.286
63	15	0.455
63	16	0.333
63	17	0.5
63	18	0.333
63	19	0.667
63	20	0.5
63	21	0.75
63	22	0.684
63	23	0.667
63	24	0.718
63	25	0.381
63	26	0.2
64	0	0.474
64	1	0.704
64	2	0.538
64	3	0.636
64	4	0.545
64	5	0
64	26	0.333
64	27	0
64	28	0
64	29	0.25
64	30	0.714
64	31	0.368
64	32	0.071
64	33	0
64	34	0
64	35	0
64	36	0
64	37	0
64	38	0
64	39	0
64	40	0
64	41	0
64	42	0
64	43	0
64	44	0
64	45	0
64	46	0
64	47	0
64	48	0
64	49	0
64	50	0
64	51	0.038
64	52	0
65	0	0
65	1	0
65	2	0.2
65	3	0.25
65	4	0
65	5	0
65	6	0.75
65	7	0.3
65	8	0.833
65	9	0.538
65	10	0.647
65	11	0.5
65	12	0.471
65	13	0.475
65	14	0.333
65	15	0.318
65	16	0.286
65	17	0.154
65	18	0.077
65	19	0.2
65	20	0.1
65	21	0.188
65	22	0.147
65	23	0.421
65	24	0.453
65	25	0.057
65	26	0.042
65	27	0
65	28	0.053
65	29	0
65	30	0.25
65	31	0.184
65	32	0
65	33	0
65	34	0
65	35	0
65	36	0
65	37	0
65	38	0.1
65	39	0
65	40	0
65	41	0
65	42	0
65	43	0
65	44	0
65	45	0
65	46	0.2
65	47	0
65	48	0
65	49	0
65	50	0
65	51	0.211
66	0	0.638
66	1	0.711
66	2	0.556
66	3	0.545
66	4	0.267
66	5	0.333
66	6	0.333
66	7	0.2
66	8	0
66	9	0.286
66	10	0.545
66	11	0.533
66	12	0.286
66	13	0.571
66	14	0.5
66	15	0.3
66	16	0.333
66	17	0.5
66	18	0.25
66	19	0.333
66	20	0.333
66	21	0.667
66	22	0.538
66	23	0.75
66	24	0.667
66	25	0.125
66	26	0
66	27	0.167
66	28	0
66	30	0.091
66	31	0
66	32	0
66	33	0
66	34	0
66	35	0
66	36	0
66	37	0
66	38	0
66	39	0
66	40	0
66	41	0
66	42	0
66	43	0
66	44	0
66	45	0.091
66	46	0
66	47	0
66	48	0
66	49	0
66	50	0.028
66	51	0.007
67	0	0.17
67	1	0.217
67	2	0.091
67	3	0.094
67	4	0
67	5	0.111
67	6	0.043
67	7	0.087
67	8	0.083
67	9	0.067
67	10	0.12
67	11	0.087
67	12	0.286
67	13	0.353
67	14	0.154
67	15	0.375
67	16	0
67	17	0.333
67	18	0.75
67	19	0
67	20	0.167
67	21	0.333
67	22	0.333
67	23	0.5
67	24	0.583
67	25	0.154
67	26	0.2
67	27	0
67	28	0
67	30	0.125
67	31	0.2
67	32	0
67	33	0
67	34	0
67	35	0
67	36	0
67	37	0.048
67	38	0
67	39	0
67	40	0
67	41	0
67	42	0
67	43	0
67	44	0
67	45	0
67	46	0.056
67	47	0
67	48	0
67	49	0.333
67	50	0.133
67	51	0.007
67	52	0
68	0	0.154
68	1	0.25
68	2	0.333
68	3	0.5
68	4	0
68	5	0
68	6	0.167
68	7	0.25
68	8	0
68	9	0
68	10	0.25
68	11	0.429
68	12	0.167
68	13	0.13
68	14	0.25
68	15	0
68	16	0
68	17	0
68	18	0.111
68	19	0.1
68	20	0.333
68	21	0
68	22	0.152
68	23	0.091
68	24	0.167
68	25	0
68	26	0
68	27	0
68	28	0
68	29	0
68	30	0
68	31	0
68	32	0
68	33	0
68	34	0
68	35	0
68	36	0
68	37	0
68	38	0
68	39	0
68	40	0
68	41	0
68	42	0
68	43	0
68	44	0
68	45	0
68	46	0
68	47	0
68	48	0
68	49	0.091
68	50	0
68	51	0.012
68	52	0
69	0	0.308
69	1	0.531
69	2	0.304
69	3	0.176
69	4	0.273
69	5	0.167
69	6	0.077
69	7	0.083
69	8	0.2
69	9	0
69	10	0.176
69	11	0.167
69	12	0.444
69	13	0.375
69	14	0.444
69	15	0.5
69	17	0
69	18	0.2
69	19	0.25
69	20	0.167
69	21	0.25
69	22	0.231
69	23	0.2
69	24	0.45
69	25	0.182
69	26	0
69	27	0
69	28	0
69	30	0
69	31	0
69	32	0
69	33	0
69	34	0
69	35	0
69	36	0
69	37	0
69	38	0
69	39	0
69	40	0
69	41	0
69	42	0
69	43	0
69	44	0
69	45	0
69	46	0
69	47	0
69	48	0
69	49	0
69	50	0
69	51	0.006
69	52	0.094
70	0	0.115
70	1	0.165
70	2	0.059
70	3	0.036
70	4	0
70	5	0
70	6	0
70	7	0
70	8	0
70	9	0
70	10	0
70	11	0.128
70	12	0.161
70	13	0.22
70	14	0.136
70	15	0.148
70	16	0
70	17	0.077
70	18	0.071
70	19	0.067
70	20	0.062
70	21	0
70	22	0.167
70	23	0.5
70	24	0.154
70	25	0.19
70	26	0.05
70	27	0
70	28	0
70	29	0
70	30	0.111
70	31	0.111
70	32	0
70	33	0
70	34	0
70	35	0
70	36	0
70	37	0
70	38	0
70	39	0
70	40	0
70	41	0
70	42	0
70	43	0
70	44	0
70	45	0
70	46	0
70	47	0
70	48	0
70	49	0
70	50	0
70	51	0.009
71	0	0.3
71	1	0.591
71	2	0.308
71	3	0.571
71	4	0.4
71	5	0.125
71	6	0.25
71	7	0.125
71	8	0.2
71	9	0
71	10	0.143
71	11	0.353
71	12	0.455
71	13	0.391
71	14	0.357
71	15	0.25
71	16	1
71	17	0.125
71	18	0.5
71	19	0.143
71	20	0.333
71	21	0.25
71	22	0.028
71	23	0.333
71	24	0.196
71	25	0
71	26	0
71	27	0
71	28	0
71	29	0
71	30	0
71	31	0
71	32	0
71	33	0
71	34	0
71	35	0
71	36	0
71	37	0
71	38	0
71	39	0
71	40	0
71	41	0
71	42	0
71	43	0
71	44	0
71	45	0
71	46	0
71	47	0
71	48	0
71	49	0.053
71	50	0.077
71	51	0.048
72	0	0.253
72	1	0.187
72	2	0.059
72	3	0.045
72	4	0.152
72	5	0.167
72	6	0.133
72	7	0.19
72	8	0.091
72	9	0.364
72	10	0.75
72	11	0.353
72	12	0.5
72	13	0.231
72	14	0.375
72	15	0.222
72	16	0.75
72	17	0.357
72	18	0.375
72	19	0.222
72	20	0
72	21	0.25
72	22	0.25
72	23	0.4
72	24	0.5
72	25	0.05
72	26	0
72	27	0
72	28	0
72	29	0
72	30	0
72	31	0.043
72	32	0
72	33	0
72	34	0
72	35	0
72	36	0
72	37	0
72	38	0
72	39	0
72	40	0
72	41	0
72	42	0
72	43	0
72	44	0
72	45	0
72	46	0
72	47	0
72	48	0
72	49	0
72	50	0.072
72	51	0.117
72	52	0
73	0	0.146
73	1	0.1
73	2	0.125
73	3	0.103
73	4	0.087
73	5	0.231
73	6	0
73	7	0.125
73	8	0
73	9	0.133
73	10	0.227
73	11	0.197
73	12	0.227
73	13	0.211
73	14	0.312
73	15	0.2
73	16	0.5
73	17	0.105
73	18	0.2
73	19	0.176
73	20	0.167
73	21	0.214
73	22	0.207
73	23	0.167
73	24	0.225
73	25	0.129
73	26	0
73	27	0
73	28	0
73	29	0
73	30	0.1
73	31	0.097
73	32	0
73	33	0
73	34	0
73	35	0
73	36	0
73	37	0
73	38	0
73	39	0
73	40	0
73	41	0
73	42	0
73	43	0
73	44	0
73	45	0
73	46	0
73	47	0
73	48	0
73	49	0.2
73	50	0.2
73	51	0.143
74	0	0.091
74	1	0
74	2	0
74	3	0
74	4	0
74	5	0
74	6	0
74	7	0
74	8	0
74	9	0
74	10	0.667
74	11	0
74	12	0
74	13	0
74	14	0.053
74	15	0.077
74	16	0.2
74	17	0.154
74	18	0.167
74	19	0.167
74	20	0.2
74	21	0.111
74	22	0.13
74	23	0.286
74	24	0.114
74	25	0
74	26	0
74	27	0
74	28	0
74	29	0
74	30	0
74	31	0
74	32	0
74	33	0
74	34	0
74	35	0
74	36	0
74	37	0
74	38	0
74	39	0
74	40	0
74	41	0
74	42	0
74	43	0
74	44	0
74	45	0
74	46	0
74	47	0
74	48	0
74	49	0
74	50	0.08
74	51	0.133
74	52	0.333
75	0	0.056
75	1	0.145
75	2	0.114
75	3	0.03
75	4	0.1
75	5	0.087
75	6	0.053
75	7	0.103
75	8	0
75	9	0.043
75	10	0
75	11	0.078
75	12	0.091
75	13	0.138
75	14	0.25
75	15	0
75	16	0
75	17	0
75	18	0
75	19	0
75	20	0
75	21	0.167
75	22	0.059
75	23	1
75	24	0.156
75	25	0
75	26	0
75	27	0
75	28	0
75	29	0
75	30	0
75	31	0
75	32	0
75	33	0
75	34	0
75	35	0
75	36	0
75	37	0
75	38	0
75	39	0
75	40	0
75	41	0
75	42	0
75	44	0
75	45	0
75	46	0
75	47	0
75	48	0
75	49	0.2
75	50	0.188
75	51	0.097
75	52	0
76	0	0.262
76	1	0.293
76	2	0.273
76	3	0.25
76	4	0.125
76	5	0.143
76	6	0.143
76	7	0.083
76	8	0
76	9	0.167
76	10	0.333
76	11	0.217
76	12	0.176
76	13	0.203
76	14	0.188
76	15	0.062
76	16	0
76	17	0.042
76	18	0.167
76	19	0.2
76	20	0
76	21	0.062
76	22	0.13
76	23	0.15
76	24	0.171
76	25	0.103
76	26	0.049
76	27	0
76	28	0
76	29	0
76	30	0
76	31	0.048
76	32	0
76	33	0
76	34	0
76	35	0
76	36	0
76	37	0
76	38	0
76	39	0
76	40	0
76	41	0
76	42	0
76	44	0
76	45	0
76	46	0
76	47	0
76	48	0
76	49	0
76	50	0
76	51	0
77	0	0.143
77	1	0
77	2	0
77	3	0
77	4	0
77	5	0
77	6	0
77	7	0
77	8	0
77	9	0
77	10	0
77	11	0
77	12	0
77	13	0
77	14	0
77	15	0
77	17	0
77	18	0
77	19	0.5
77	20	0
77	21	0
77	22	0.333
77	23	0.417
77	24	0.306
77	25	0.129
77	26	0.056
77	27	0
77	28	0
77	29	0
77	30	0.067
77	31	0.036
77	32	0.045
77	33	0
77	34	0
77	35	0
77	36	0
77	37	0
77	38	0
77	39	0
77	40	0
77	41	0
77	42	0
77	43	0
77	44	0
77	45	0
77	46	0
77	47	0
77	48	0
77	49	0.2
77	50	0.3
77	51	0.065
77	52	0.333
78	0	0.106
78	1	0.277
78	2	0.238
78	3	0.2
78	4	0.129
78	5	0.167
78	6	0.05
78	7	0.269
78	8	0.143
78	9	0.208
78	10	0.295
78	11	0.298
78	12	0.333
78	13	0.319
78	14	0.303
78	15	0.333
78	16	0.167
78	17	0.125
78	18	0.267
78	19	0.125
78	20	0.143
78	21	0.1
78	22	0.455
78	23	0.889
78	24	0.417
78	25	0.231
78	26	0.3
78	27	0.03
78	28	0
78	29	0
78	30	0
78	31	0.111
78	32	0
78	33	0
78	34	0
78	35	0
78	36	0
78	37	0
78	38	0
78	39	0
78	40	0
78	41	0
78	42	0
78	43	0
78	44	0
78	45	0
78	46	0
78	47	0
78	48	0
78	49	0
78	50	0
78	51	0.026
78	52	0
79	0	0.222
79	1	0.267
79	2	0.062
79	3	0.083
79	4	0.111
79	5	0.222
79	6	0
79	7	0.286
79	8	0
79	9	0
79	10	0.429
79	11	0.238
79	12	0.333
79	13	0.375
79	14	0.227
79	15	0.444
79	16	0
79	17	0.2
79	18	0.286
79	19	0.182
79	20	0.167
79	21	0.4
79	22	0.179
79	23	0.071
79	24	0.298
79	25	0.028
79	26	0.021
79	27	0
79	28	0
79	29	0
79	30	0
79	31	0
79	32	0
79	33	0
79	34	0
79	35	0
79	36	0
79	37	0
79	38	0
79	39	0
79	40	0
79	41	0
79	42	0
79	43	0
79	44	0
79	45	0
79	46	0
79	47	0
79	48	0
79	49	0.273
79	50	0.174
79	51	0.25
80	0	0.235
80	1	0.378
80	2	0.258
80	3	0.318
80	4	0.316
80	5	0.143
80	6	0.312
80	7	0.167
80	8	0
80	9	0.25
80	10	0.133
80	11	0.19
80	12	0.267
80	13	0.154
80	14	0.176
80	15	0.167
80	16	0
80	17	0
80	18	0.4
80	19	0.154
80	20	0
80	21	0.143
80	22	0.2
80	23	0.286
80	24	0.172
80	25	0
80	26	0
80	27	0
80	28	0
80	29	0
80	30	0
80	31	0
80	32	0
80	33	0
80	34	0
80	35	0
80	36	0
80	37	0
80	38	0
80	39	0
80	40	0
80	41	0
80	42	0
80	43	0
80	44	0
80	45	0
80	46	0
80	47	0
80	48	0
80	49	0.062
80	50	0.074
80	51	0.111
80	52	0.045
81	0	0.071
81	1	0.297
81	2	0.364
81	3	0.2
81	4	0.167
81	5	0.143
81	6	0.133
81	7	0.118
81	8	0.143
81	9	0.4
81	10	0.35
81	11	0.308
81	12	0.367
81	13	0.289
81	14	0.207
81	15	0.4
81	16	0.429
81	17	0.143
81	18	0.133
81	19	0.286
81	20	0.167
81	21	0.364
81	22	0.241
81	23	0.214
81	24	0.321
81	25	0.042
81	26	0
81	27	0
81	28	0
81	29	0
81	30	0
81	31	0.029
81	32	0.087
81	33	0
81	34	0
81	35	0
81	36	0
81	37	0
81	38	0
81	39	0
81	40	0
81	41	0
81	42	0
81	43	0
81	44	0
81	45	0
81	46	0
81	47	0
81	48	0
81	49	0.333
81	50	0.167
81	51	0.073
81	52	0
82	0	0.25
82	1	0.333
82	2	0.389
82	3	0.286
82	4	0.2
82	5	0.444
82	6	0.25
82	7	0.5
82	8	0
82	9	0.2
82	10	0.267
82	11	0.368
82	12	0.462
82	13	0.5
82	14	0.412
82	15	0.571
82	16	0.667
82	17	0.375
82	18	0.125
82	19	0.333
82	20	0.2
82	21	0.429
82	22	0.357
82	23	0.5
82	24	0.31
82	25	0.08
82	26	0.1
82	27	0
82	28	0.167
82	29	0
82	30	0.091
82	31	0.042
82	32	0
82	33	0
82	34	0
82	35	0
82	36	0
82	37	0
82	38	0
82	39	0
82	40	0
82	41	0
82	42	0
82	43	0
82	44	0
82	45	0
82	46	0
82	47	0
82	48	0
82	49	0
82	50	0
82	51	0
82	52	0
83	0	0.188
83	1	0.259
83	2	0.17
83	3	0
83	4	0.024
83	5	0.043
83	6	0
83	7	0.05
83	8	0
83	9	0.222
83	10	0.214
83	11	0.294
83	12	0.267
83	13	0.4
83	14	0.308
83	15	0.125
83	16	0
83	17	0.333
83	18	0.25
83	19	0
83	20	0
83	21	0.286
83	22	0.071
83	23	0.333
83	24	0.35
83	25	0.3
83	26	0
83	27	0
83	28	0
83	29	0
83	30	0.143
83	31	0.176
83	32	0
83	33	0
83	34	0
83	35	0
83	36	0
83	37	0
83	38	0
83	39	0
83	40	0
83	41	0
83	42	0
83	43	0
83	44	0
83	45	0
83	46	0
83	47	0
83	48	0
83	49	0.083
83	50	0.111
83	51	0.059
84	0	0.296
84	1	0.621
84	2	0.647
84	3	0.364
84	4	0
84	5	0.25
84	6	0
84	7	0.167
84	8	0
84	9	0.083
84	10	0.208
84	11	0.061
84	12	0.037
84	13	0.023
84	14	0.036
84	15	0
84	16	0
84	17	0
84	18	0.167
84	19	0.095
84	20	0
84	21	0.143
84	22	0.111
84	23	0.083
84	24	0.1
84	25	0
84	26	0.036
84	27	0
84	28	0
84	29	0.333
84	30	0.067
84	31	0.067
84	32	0
84	33	0
84	34	0
84	35	0
84	36	0
84	37	0
84	38	0
84	39	0
84	40	0
84	41	0
84	42	0
84	43	0
84	44	0
84	45	0
84	46	0
84	47	0
84	48	0
84	49	0
84	50	0
84	51	0
84	52	0
85	0	0.458
85	1	0.65
85	2	0.083
85	3	0.25
85	4	0.077
85	5	0.25
85	6	0.429
85	7	0.4
85	8	0
85	9	0.3
85	10	0.588
85	11	0.368
85	12	0.545
85	13	0.429
85	14	0.667
85	15	0.4
85	17	0.4
85	18	0.167
85	19	0.25
85	20	0
85	21	0.333
85	22	0.2
85	23	0.625
85	24	0.235
85	25	0.25
85	26	0.176
85	27	0
85	28	0
85	29	0
85	30	0.5
85	31	0.2
85	32	0
85	33	0
85	34	0
85	35	0
85	36	0.333
85	37	0
85	38	0.294
85	39	0
85	40	0.4
85	41	0.25
85	42	0.286
85	44	0
85	45	0.333
85	46	0.182
85	47	0.25
85	48	0
85	49	0.05
85	50	0.111
85	51	0.075
85	52	0
86	0	0.349
86	1	0.683
86	2	0.5
86	3	0.37
86	4	0.19
86	5	0.214
86	6	0.143
86	7	0.353
86	8	0.333
86	9	0.412
86	10	0.459
86	11	0.444
86	12	0.455
86	13	0.438
86	14	0.35
86	15	0.3
86	16	0.333
86	17	0.231
86	18	0.5
86	19	0.231
86	20	0.083
86	21	0.4
86	22	0.435
86	23	0.429
86	24	0.484
86	25	0.059
86	26	0
86	27	0
86	28	0
86	29	0
86	30	0
86	31	0
86	32	0
86	33	0
86	34	0
86	35	0.133
86	36	0
86	37	0.188
86	38	0.095
86	39	0.182
86	40	0.25
86	41	0.091
86	42	0.167
86	43	0
86	44	0
86	45	0.312
86	46	0.156
86	47	0.188
86	48	0.25
86	49	0
86	50	0.143
86	51	0.112
86	52	0
87	0	0.362
87	1	0.596
87	2	0.466
87	3	0.421
87	4	0.438
87	5	0.2
87	6	0.312
87	7	0.333
87	8	0.25
87	9	0.73
87	10	0.604
87	11	0.561
87	12	0.72
87	13	0.542
87	14	0.458
87	15	0.263
87	16	0.4
87	17	0.273
87	18	0.25
87	19	0.059
87	20	0.182
87	21	0.25
87	22	0.19
87	23	0.333
87	24	0.278
87	25	0.118
87	26	0.154
87	27	0
87	28	0.333
87	29	0
87	30	0.4
87	31	0.143
87	32	0
87	33	0
87	34	0
87	35	0.125
87	36	0.167
87	37	0.083
87	38	0.091
87	39	0
87	40	0.333
87	41	0
87	42	0.1
87	43	0.25
87	44	0
87	45	0.25
87	46	0.158
87	47	0.2
87	48	0
87	49	0.364
87	50	0.545
87	51	0.224
88	0	0.348
88	1	0.514
88	2	0.471
88	3	0.344
88	4	0.393
88	5	0.364
88	6	0
88	7	0.08
88	8	0.111
88	9	0.346
88	10	0.2
88	11	0.171
88	12	0.111
88	13	0.178
88	14	0.077
88	15	0.105
88	16	0
88	17	0.143
88	18	0
88	19	0.105
88	20	0
88	21	0.111
88	22	0.147
88	23	0.154
88	24	0.254
88	25	0.114
88	26	0.089
88	27	0.143
88	28	0.067
88	29	0
88	30	0.087
88	31	0.083
88	32	0
88	33	0
88	34	0.026
88	35	0.02
88	36	0.028
88	37	0
88	38	0.019
88	39	0.029
88	40	0.059
88	41	0
88	42	0.067
88	43	0
88	44	0
88	45	0.067
88	46	0.037
88	47	0.1
88	48	0.1
88	49	0.2
88	50	0.167
88	51	0.111
88	52	0
89	0	0.464
89	1	0.594
89	2	0.4
89	3	0.167
89	4	0.231
89	5	0.167
89	6	0.182
89	7	0.111
89	8	0.167
89	9	0.5
89	10	0.75
89	11	0.474
89	12	0.357
89	13	0.421
89	14	0.308
89	15	0.286
89	16	0
89	17	0.4
89	18	0
89	19	0.2
89	20	0.143
89	21	0
89	22	0.143
89	23	0.167
89	24	0.4
89	25	0
89	26	0
89	27	0
89	28	0
89	29	0
89	30	0
89	31	0
89	32	0
89	33	0
89	34	0
89	35	0
89	36	0
89	37	0
89	38	0
89	39	0
89	40	0
89	41	0
89	42	0
89	43	0
89	44	0
89	45	0
89	46	0.023
89	47	0.069
89	48	0
89	49	0.4
89	50	0.444
89	51	0.147
89	52	0
90	0	0.217
90	1	0.402
90	2	0.327
90	3	0.143
90	4	0.138
90	5	0.294
90	6	0.107
90	7	0.25
90	8	0.071
90	9	0.308
90	10	0.441
90	11	0.364
90	12	0.29
90	13	0.517
90	14	0.467
90	15	0.6
90	16	1
90	17	0.125
90	18	0.571
90	19	0.25
90	20	0.333
90	21	0.2
90	22	0.32
90	23	0.455
90	24	0.387
90	25	0.045
90	26	0.16
90	27	0
90	28	0.111
90	29	0
90	30	0.077
90	31	0.208
90	32	0
90	33	0
90	34	0
90	35	0
90	36	0
90	37	0
90	38	0
90	39	0
90	40	0
90	41	0
90	42	0
90	43	0
90	44	0
90	45	0
90	46	0
90	47	0
90	48	0
90	49	0
90	50	0
90	51	0.166
91	0	0.381
91	1	0.418
91	2	0.419
91	3	0.16
91	4	0.4
91	5	0.143
91	6	0.2
91	7	0.294
91	8	0.5
91	9	0.435
91	10	0.469
91	11	0.378
91	12	0.48
91	13	0.236
91	14	0.195
91	15	0.167
91	16	0
91	17	0.222
91	18	0.182
91	19	0.053
91	20	0.214
91	21	0.167
91	22	0.167
91	23	0.294
91	24	0.25
91	25	0.111
91	26	0
91	27	0
91	28	0
91	29	0
91	30	0
91	31	0.042
91	32	0
91	33	0
91	34	0
91	35	0
91	36	0
91	37	0
91	38	0
91	39	0
91	40	0
91	41	0
91	42	0
91	43	0
91	44	0
91	45	0
91	46	0
91	47	0
91	48	0
91	49	0.421
91	50	0.406
91	51	0.365
91	52	0
92	0	0.167
92	1	0.301
92	2	0.208
92	3	0.234
92	4	0.241
92	5	0.138
92	6	0.143
92	7	0.13
92	8	0.133
92	9	0.308
92	10	0.357
92	11	0.186
92	12	0.3
92	13	0.216
92	14	0.304
92	15	0.364
92	16	0.5
92	17	0.167
92	18	0.222
92	19	0.5
92	20	0.167
92	21	0.333
92	22	0.35
92	23	0.25
92	24	0.429
92	25	0.086
92	26	0.111
92	27	0
92	28	0
92	29	0
92	30	0
92	31	0
92	32	0.045
92	33	0
92	34	0
92	35	0
92	36	0
92	37	0
92	38	0
92	39	0
92	40	0
92	41	0
92	42	0
92	43	0
92	44	0
92	45	0
92	46	0
92	47	0
92	48	0
92	49	0.111
92	50	0.15
92	51	0.056
93	0	0.511
93	1	0.684
93	2	0.476
93	3	0.28
93	4	0.353
93	5	0.5
93	6	0.333
93	7	0.25
93	8	0.2
93	9	0.412
93	10	0.667
93	11	0.606
93	12	0.611
93	13	0.436
93	14	0.268
93	15	0.179
93	16	0.167
93	17	0.269
93	18	0.19
93	19	0.2
93	20	0.136
93	21	0.316
93	22	0.149
93	23	0.353
93	24	0.333
93	25	0.106
93	26	0.02
93	27	0.125
93	28	0
93	29	0
93	30	0.05
93	31	0.108
93	32	0
93	33	0
93	34	0
93	35	0
93	36	0
93	37	0
93	38	0
93	39	0
93	40	0
93	41	0
93	42	0.05
93	43	0
93	44	0.077
93	45	0
93	46	0.019
93	47	0
93	48	0
93	49	0
93	50	0.029
93	51	0.067
93	52	0
94	0	0.293
94	1	0.434
94	2	0.361
94	3	0.286
94	4	0.308
94	5	0.133
94	6	0.348
94	7	0.227
94	8	0.15
94	9	0.25
94	10	0.581
94	11	0.297
94	12	0.3
94	13	0.25
94	14	0.148
94	15	0.133
94	16	0
94	17	0.105
94	18	0.182
94	19	0.105
94	20	0.077
94	21	0.25
94	22	0.206
94	23	0.167
94	24	0.204
94	25	0
94	26	0
94	27	0
94	28	0
94	29	0
94	30	0
94	31	0.024
94	32	0
94	33	0
94	34	0
94	35	0
94	36	0
94	37	0
94	38	0
94	39	0
94	40	0
94	41	0
94	42	0.037
94	43	0
94	44	0
94	45	0.038
94	46	0.024
94	47	0
94	48	0
94	49	0
94	50	0.083
94	51	0.053
95	0	0.392
95	1	0.302
95	2	0.22
95	3	0.122
95	4	0.067
95	5	0.118
95	6	0.04
95	7	0.167
95	8	0.143
95	9	0.136
95	10	0.28
95	11	0.146
95	12	0.222
95	13	0.265
95	14	0.345
95	15	0.308
95	16	0.5
95	17	0.077
95	18	0.364
95	19	0.333
95	20	0.375
95	21	0.1
95	22	0.261
95	23	0.4
95	24	0.429
95	25	0.04
95	26	0.136
95	27	0
95	28	0
95	29	0
95	30	0.167
95	31	0.05
95	32	0
95	33	0
95	34	0
95	35	0
95	36	0
95	37	0
95	38	0
95	39	0
95	40	0
95	41	0
95	42	0
95	43	0
95	44	0
95	45	0
95	46	0
95	47	0
95	48	0
95	49	0
95	50	0
95	51	0.347
95	52	0
96	0	0.257
96	1	0.286
96	2	0.259
96	3	0.28
96	4	0.158
96	5	0.188
96	6	0.25
96	7	0.25
96	8	0.143
96	9	0.5
96	10	0.5
96	11	0.333
96	12	0.542
96	13	0.444
96	14	0.292
96	15	0.333
96	16	0.667
96	17	0.273
96	18	0.75
96	19	0.143
96	20	0.2
96	21	0.2
96	22	0.296
96	23	0.6
96	24	0.375
96	25	0
96	26	0
96	27	0
96	28	0
96	29	0
96	30	0
96	31	0.167
96	32	0.083
96	33	0
96	34	0
96	35	0
96	36	0
96	37	0
96	38	0
96	39	0
96	40	0
96	41	0
96	42	0
96	43	0
96	44	0
96	45	0
96	46	0
96	47	0
96	48	0
96	49	0
96	50	0
96	51	0
97	0	0.172
97	1	0.346
97	2	0.263
97	3	0.286
97	4	0.176
97	5	0.111
97	6	0.1
97	7	0.222
97	8	0.333
97	9	0.125
97	10	0.273
97	11	0.25
97	12	0.273
97	13	0.192
97	14	0.357
97	15	0.125
97	17	0
97	18	0.125
97	19	0.111
97	20	0.5
97	21	0.2
97	22	0.2
97	23	0.286
97	24	0.348
97	25	0
97	26	0
97	27	0
97	28	0
97	29	0
97	30	0
97	31	0
97	32	0
97	33	0
97	34	0
97	35	0
97	36	0
97	37	0
97	38	0
97	39	0
97	40	0
97	41	0
97	42	0
97	43	0
97	44	0
97	45	0
97	46	0
97	47	0
97	48	0
97	49	0
97	50	0
97	51	0.035
98	0	0.8
98	1	0.889
98	2	0.375
98	3	0.25
98	4	0.25
98	5	0.333
98	6	0.667
98	7	0.2
98	8	0
98	10	0.857
98	11	0.571
98	12	1
98	13	0.4
98	14	0.6
98	15	0.333
98	17	0
98	18	1
98	19	0
98	20	1
98	21	0
98	22	0.6
98	23	0
98	24	0.667
98	25	0
98	26	0
98	27	0
98	28	0
98	30	0
98	31	0
98	32	0
98	33	0
98	34	0
98	35	0
98	36	0
98	37	0
98	38	0
98	39	0
98	40	0
98	41	0
98	42	0
98	43	0
98	44	0
98	45	0
98	46	0
98	47	0
98	48	0
98	49	0.083
98	50	0.321
98	51	0.12
98	52	0
99	0	0.553
99	1	0.651
99	2	0.571
99	3	0.571
99	4	0.429
99	5	0.5
99	6	0.25
99	7	0.385
99	8	0
99	9	0.125
99	10	0.7
99	11	0.548
99	12	0.5
99	13	0.641
99	14	0.556
99	15	0.364
99	16	0
99	17	0.2
99	18	0.333
99	19	0.2
99	20	0.2
99	21	0.5
99	22	0.2
99	23	1
99	24	0.7
99	25	0.091
99	26	0.125
99	27	0
99	28	0
99	29	0
99	30	0.143
99	31	0.091
99	32	0
99	33	0
99	34	0
99	35	0
99	36	0
99	37	0
99	38	0
99	39	0
99	40	0
99	41	0
99	42	0
99	43	0
99	44	0
99	45	0
99	46	0
99	47	0
99	48	0
99	49	0.4
99	50	0.125
99	51	0.075
99	52	0
100	0	0.303
100	1	0.152
100	2	0.211
100	3	0.133
100	4	0.167
100	5	0.4
100	6	0.5
100	7	0
100	8	1
100	9	0
100	10	0.444
100	11	0.286
100	12	0.2
100	13	0.222
100	14	0.143
100	15	0.333
100	16	0.5
100	17	0.25
100	18	0.5
100	19	0.2
100	20	0
100	21	0.2
100	22	0.19
100	23	0.25
100	24	0.367
100	25	0
100	26	0
100	27	0
100	28	0
100	29	0
100	30	0
100	31	0.048
100	32	0
100	33	0
100	34	0
100	35	0
100	36	0
100	37	0
100	38	0
100	39	0
100	40	0
100	41	0
100	42	0
100	43	0
100	44	0
100	45	0
100	46	0.042
100	47	0
100	48	0
100	49	0.091
100	50	0.1
100	51	0.097
101	0	0.125
101	1	0.368
101	2	0.188
101	3	0.222
101	4	0.158
101	5	0.4
101	6	0.067
101	7	0.214
101	8	0.333
101	9	0.2
101	10	0.062
101	11	0.241
101	12	0.35
101	13	0.25
101	14	0.333
101	15	0
101	16	0
101	17	0
101	18	0
101	19	0.133
101	20	0.143
101	21	0.25
101	22	0.111
101	23	0.308
101	24	0.394
101	25	0.045
101	26	0
101	27	0
101	28	0
101	30	0
101	31	0
101	32	0
101	33	0
101	34	0
101	35	0
101	36	0
101	37	0
101	38	0
101	39	0
101	40	0
101	41	0
101	42	0
101	43	0
101	44	0
101	45	0
101	46	0
101	47	0
101	48	0
101	49	0.286
101	50	0.6
101	51	0.127
102	0	0.278
102	1	0.325
102	2	0.095
102	3	0
102	4	0
102	5	0
102	6	0
102	7	0.067
102	8	0
102	9	0
102	10	0.211
102	11	0.25
102	12	0.333
102	13	0.185
102	14	0.176
102	15	0.143
102	16	0
102	17	0.1
102	18	0.333
102	19	0
102	21	0
102	22	0
102	23	0
102	24	0.286
102	25	0.333
102	26	0
102	27	0
102	28	0
102	29	0
102	30	0
102	31	0
102	32	0
102	33	0
102	34	0
102	35	0
102	36	0
102	37	0
102	38	0
102	39	0
102	40	0
102	41	0
102	42	0
102	43	0
102	44	0
102	45	0
102	46	0.048
102	47	0
102	48	0
102	49	0.1
102	50	0.059
102	51	0.071
103	0	0.067
103	1	0.087
103	2	0
103	3	0
103	4	0
103	5	0
103	6	0
103	7	0
103	8	0
103	9	0
103	10	0
103	17	1
103	18	0
103	19	0.167
103	20	0.167
103	21	0
103	22	0.133
103	23	0.538
103	24	0.435
103	25	0.062
103	26	0.071
103	27	0.143
103	28	0
103	29	0
103	30	0.143
103	31	0
103	32	0
103	33	0
103	34	0
103	35	0
103	36	0
103	37	0
103	38	0
103	39	0
103	40	0
103	41	0
103	42	0
103	43	0
103	44	0
103	45	0
103	46	0
103	47	0
103	48	0
103	49	0.4
103	50	0.114
103	51	0.034
104	0	0.308
104	1	0.375
104	2	0.143
104	3	0.25
104	4	0
104	6	0
104	8	0
104	10	0.5
104	11	0.105
104	12	0.133
104	13	0.111
104	14	0.133
104	15	0.125
104	16	0.667
104	17	0.125
104	18	0
104	19	0.1
104	20	0
104	21	0
104	22	0.133
104	23	0.143
104	24	0.2
104	25	0.062
104	26	0.105
104	27	0
104	28	0.167
104	29	0
104	30	0
104	31	0.1
104	32	0.077
104	33	0
104	34	0
104	35	0
104	36	0
104	37	0
104	38	0
104	39	0
104	40	0
104	41	0
104	42	0
104	43	0
104	44	0
104	45	0
104	46	0
104	47	0
104	48	0
104	49	0.273
104	50	0.333
104	51	0.186
104	52	0.5
105	0	0.143
105	1	0.375
105	2	0.125
105	3	0.083
105	4	0.333
105	5	0.1
105	6	0.25
105	7	0.167
105	8	0
105	9	0
105	10	0.2
105	11	0.211
105	12	0.211
105	13	0.105
105	14	0.118
105	15	0
105	16	0
105	17	0
105	18	0
105	19	0
105	20	0
105	21	0
105	22	0.056
105	23	0
105	24	0.276
105	25	0.043
105	26	0.077
105	27	0
105	28	0
105	29	0
105	30	0.111
105	31	0.05
105	32	0
105	33	0
105	34	0
105	35	0
105	36	0
105	37	0
105	38	0
105	39	0
105	40	0
105	41	0
105	42	0
105	43	0
105	44	0
105	45	0
105	46	0
105	47	0
105	48	0
105	49	0.1
105	50	0
105	51	0.122
106	0	0.111
106	1	0.13
106	2	0.235
106	3	0.154
106	4	0.2
106	5	0.25
106	6	0.182
106	7	0.143
106	8	0
106	9	0
106	10	0.111
106	11	0.167
106	12	0.118
106	13	0.452
106	14	0.524
106	15	0.188
106	16	0
106	17	0
106	18	0
106	19	0.125
106	20	0
106	21	0
106	22	0.444
106	23	0
106	24	0.6
106	25	0.556
106	26	0.25
106	29	0
106	30	0
106	31	0.333
106	32	0
106	33	0
106	34	0
106	35	0
106	36	0
106	37	0
106	38	0.1
106	39	0
106	40	0
106	41	0
106	42	0
106	43	0
106	44	0
106	45	0.286
106	46	0.1
106	47	0.25
106	48	0.167
106	49	0
106	50	0.095
106	51	0.099
106	52	0
107	0	0
107	1	0.231
107	2	0.2
107	3	0
107	4	0.2
107	5	0.2
107	6	0
107	7	0
107	8	0
107	9	0
107	10	0.167
107	11	0.222
107	12	0.5
107	13	0.273
107	14	0.333
107	15	0
107	16	0
107	17	0
107	18	0.25
107	19	0
107	20	0.167
107	21	0
107	22	0.125
107	23	0.333
107	24	0.368
107	25	0.083
107	26	0
107	27	0
107	28	0
107	29	0
107	30	0
107	31	0.059
107	32	0.077
107	33	0
107	34	0
107	35	0
107	36	0
107	37	0
107	38	0
107	39	0
107	40	0
107	41	0
107	42	0
107	43	0
107	44	0
107	45	0
107	46	0
107	47	0
107	48	0
107	49	0.4
107	50	0.242
107	51	0.009
108	0	0.067
108	1	0.129
108	2	0.125
108	3	0.167
108	4	0.214
108	5	0.429
108	6	0
108	7	0.111
108	8	0.2
108	9	0
108	10	0.182
108	11	0.208
108	12	0.429
108	13	0.263
108	14	0.375
108	15	0
108	16	0
108	17	0.5
108	19	0.3
108	20	0
108	21	0.25
108	22	0.308
108	23	0.833
108	24	0.273
108	25	0
108	26	0
108	27	0
108	28	0
108	29	0
108	30	0
108	31	0
108	32	0
108	33	0
108	34	0
108	35	0
108	36	0
108	37	0
108	38	0.071
108	39	0
108	40	0
108	41	0
108	42	0
108	43	0
108	44	0
108	45	0.091
108	46	0.111
108	51	0.231
108	52	0.111
109	0	0.244
109	1	0.22
109	2	0.154
109	3	0.167
109	4	0.125
109	5	0.25
109	6	0.5
109	7	0.333
109	9	0
109	10	1
109	11	0.333
109	12	0.6
109	13	0.5
109	14	0.5
109	15	0.333
109	17	0
109	19	0
109	21	0
109	22	0.25
109	23	0.5
109	24	0.75
109	25	0.5
109	26	0.333
109	27	1
109	28	0
109	30	0.5
109	31	0
109	32	0
109	33	0
109	34	0
109	35	0
109	36	0
109	37	0
109	38	0
109	39	0
109	40	0
109	41	0
109	43	0
109	44	0
109	45	0
109	46	0
109	47	0.071
109	48	0.111
109	49	0.167
109	50	0.294
109	51	0.152
109	52	0.15
110	5	0.125
110	6	0.1
110	7	0.059
110	8	0
110	9	0
110	10	0.095
110	11	0.147
110	12	0.133
110	13	0.243
110	14	0.304
110	15	0
110	16	0
110	17	0
110	18	0.429
110	19	0
110	20	0.6
110	21	0.357
110	22	0.053
110	23	0.222
110	24	0.293
110	25	0
110	26	0
110	27	0
110	28	0
110	29	0
110	30	0
110	31	0
110	32	0
110	33	0
110	34	0
110	35	0
110	36	0
110	37	0
110	38	0
110	39	0
110	40	0
111	0	0.25
111	1	0.222
111	2	0.125
111	3	0.3
111	4	0
111	5	0.429
111	6	0
111	7	0.125
111	8	0
111	9	0
111	10	0.25
111	11	0.222
111	12	0.6
111	13	0.312
111	14	0.125
111	15	0
111	16	0
111	17	0
111	18	0.333
111	19	0
111	20	0
111	21	0
111	22	0
111	23	0
111	24	0.235
111	25	0
111	26	0
111	27	0
111	28	0
111	29	0
111	30	0
111	31	0
111	32	0
111	33	0
111	34	0
111	35	0
111	36	0
111	37	0
111	38	0
111	39	0
111	40	0
111	41	0
111	42	0
111	43	0
111	44	0
111	45	0
111	46	0
111	47	0
111	48	0
111	49	0.692
111	50	0.706
111	51	0.13
112	0	0.25
112	1	0.333
112	2	0.062
112	3	0.067
112	4	0.077
112	5	0
112	6	0
112	7	0
112	8	0
112	9	0
112	10	0.1
112	11	0.04
112	12	0
112	13	0.034
112	14	0
112	15	0
112	16	0
112	17	0
112	18	0.111
112	19	0
112	20	0
112	21	0
112	22	0
112	23	0.333
112	24	0.192
112	25	0.056
112	26	0.091
112	27	0
112	28	0.1
112	29	0
112	30	0
112	31	0
112	32	0
112	33	0
112	34	0
112	35	0
112	36	0
112	37	0
112	38	0
112	39	0
112	40	0
112	42	0
112	45	0
112	46	0
112	47	0
112	48	0
112	49	0.2
112	50	0.111
112	51	0
112	52	0
113	0	0.238
113	1	0.158
113	2	0.125
113	3	0.083
113	4	0
113	5	0
113	6	0
113	7	0
113	8	0
113	9	0.5
113	10	0.286
113	11	0.444
113	12	0.375
113	13	0.526
113	14	0.417
113	15	0.3
113	16	0.5
113	17	0.4
113	18	1
113	35	0
113	36	0
113	37	0
113	38	0
113	39	0
113	40	0
113	41	0
113	42	0
113	43	0
113	44	0
113	45	0
113	46	0
113	47	0
113	48	0.091
113	49	0.111
113	50	0
113	51	0.038
113	52	0
114	0	0.143
114	1	0.091
114	2	0.167
114	3	0.1
114	4	0
114	5	0.5
114	6	0
114	7	0.5
114	8	0
114	9	0.5
114	10	0
114	11	0.5
114	12	0.333
114	13	0.4
114	14	0.333
114	15	0
114	17	0
114	18	0.333
114	19	0.4
114	20	0.667
114	21	0.2
114	22	0.643
114	23	0.6
114	24	0.742
114	25	0.222
114	26	0.333
114	27	0
114	28	0.5
114	30	0.182
114	31	0.067
114	32	0
114	33	0
114	34	0
114	35	0
114	36	0
114	37	0
114	38	0
114	39	0
114	40	0
114	41	0
114	42	0
114	43	0
114	44	0
114	45	0
114	46	0
114	47	0
114	48	0
114	49	0
114	50	0
114	51	0
115	0	0.192
115	1	0.167
115	2	0.25
115	3	0.083
115	4	0
115	5	0.077
115	6	0.083
115	7	0.091
115	8	0
115	9	0
115	10	0.091
115	11	0
115	12	0.143
115	13	0
115	14	0
115	15	0
115	16	0
115	17	0
115	18	0
115	19	0
115	20	0
115	21	0
115	22	0
115	23	0
115	24	0
115	25	0
115	26	0
115	28	0
115	29	0
115	30	0
115	31	0
115	32	0
115	33	0
115	34	0
115	35	0
115	36	0
115	37	0
115	38	0
115	39	0
115	40	0
115	41	0
115	42	0
115	43	0
115	44	0
115	45	0
115	46	0
115	47	0
115	48	0
115	49	0.167
115	50	0
115	51	0.103
116	10	0.143
116	11	0.048
116	12	0.182
116	13	0.136
116	14	0.077
116	15	0
116	16	0
116	17	0
116	18	0.25
116	19	0.1
116	20	0
116	21	0.111
116	22	0.182
116	23	0.333
116	24	0.25
116	25	0.083
116	26	0
116	27	0.2
116	28	0
116	29	0
116	30	0
116	31	0.133
116	32	0
116	33	0
116	34	0
116	35	0
116	36	0
116	37	0
116	38	0
116	39	0
116	40	0
116	41	0
116	42	0
116	43	0
116	44	0
116	45	0
116	46	0
116	47	0
116	48	0
116	49	0.125
117	0	0.318
117	1	0.474
117	2	0.455
117	3	0.385
117	4	0.625
117	5	0.2
117	6	0.667
117	7	0
117	8	0.5
117	9	0.333
117	10	0.25
117	11	0.538
117	12	0.667
117	13	0.462
117	14	0.3
117	15	0.167
117	16	0
117	17	0
117	18	0.333
117	19	0
117	20	0.143
117	21	0
117	22	0.364
117	23	1
117	24	0.3
117	25	0
117	26	0
117	27	0
117	28	0
117	30	0
117	31	0
117	32	0
117	33	0
117	34	0
117	35	0
117	36	0
117	37	0
117	38	0
117	39	0
117	49	0
117	50	0
117	51	0.102
118	0	0.5
118	1	0.433
118	2	0.231
118	3	0.2
118	4	0.214
118	5	0.3
118	6	0.125
118	7	0.182
118	8	0.25
118	9	0
118	10	0.444
118	11	0.391
118	12	0.312
118	13	0.37
118	14	0.333
118	15	0.333
118	16	0.429
118	17	0.167
118	18	0.1
118	19	0.1
118	20	0.1
118	21	0
118	39	0
118	40	0
118	41	0
118	42	0
118	43	0
118	44	0
118	45	0
118	46	0
118	47	0
118	48	0
118	49	0
118	50	0
118	51	0
119	21	0
119	22	0.389
119	23	0.455
119	24	0.576
119	25	0
119	26	0
119	27	0
119	28	0
119	29	0
119	30	0
119	31	0.056
119	32	0
119	33	0
119	34	0
119	35	0
119	36	0
119	37	0
119	38	0
119	39	0
119	40	0
119	41	0
119	42	0
119	43	0
119	44	0
119	45	0
119	46	0
119	47	0
119	48	0
120	0	0.25
120	1	0.312
120	2	0.5
120	3	0.333
120	4	0.6
120	5	0.25
120	6	0.333
120	7	0.286
120	8	0
120	9	0
120	10	0.5
120	11	0.25
120	12	0.4
120	13	0.214
120	14	0.222
120	15	0
120	16	0
120	17	0
120	18	0
120	19	0.2
120	20	0
120	21	0.5
120	22	0.111
120	23	0.333
120	24	0.294
120	25	0
120	26	0
120	27	0
120	28	0
120	29	0
120	30	0
120	31	0
120	32	0
120	33	0
120	34	0
120	35	0
120	36	0
120	37	0
120	38	0
120	39	0
120	40	0
120	41	0
120	42	0
120	43	0
120	44	0
120	45	0
120	46	0
120	48	0
120	49	0.25
120	50	0.15
120	51	0.154
121	0	0.4
121	1	0.583
121	2	0
121	3	0.143
121	4	0
121	5	0.125
121	6	0.25
121	7	0
121	8	0.5
121	9	0
121	10	0.25
121	11	0.333
121	12	0.273
121	13	0.385
121	14	0.556
121	15	0
121	16	0
121	17	0
121	18	0
121	19	0.333
121	20	0
121	21	0.333
121	22	0.167
121	23	0.75
121	24	0.357
121	25	0.162
121	26	0
121	27	0
121	28	0
121	29	0
121	30	0
121	31	0
121	32	0
121	33	0
121	34	0
121	35	0
121	36	0
121	37	0
121	38	0
121	39	0
121	40	0
121	41	0
121	42	0
121	43	0
121	44	0
121	45	0
121	46	0
121	47	0
121	48	0
121	49	0
121	50	0
121	51	0
122	0	0.359
122	1	0.364
122	2	0.286
122	3	0.125
122	4	0
122	5	0.5
122	6	0.333
122	7	0
122	8	0
122	9	0
122	10	0.167
122	11	0.25
122	12	0.167
122	13	0.071
122	14	0
122	15	0
122	16	0
122	17	0
122	18	0
122	19	0
122	20	0
122	21	0
122	22	0
122	23	0
122	24	0
122	25	0
122	26	0
122	28	0
122	29	0
122	30	0
122	31	0
122	32	0
122	33	0
122	34	0
122	35	0
122	36	0
122	37	0
122	38	0
122	39	0
122	40	0
122	41	0
122	42	0
122	43	0
122	44	0
122	45	0
122	46	0
122	47	0
122	48	0
122	49	0
122	50	0
122	51	0
122	52	0
123	1	0.214
123	2	0.273
123	3	0.071
123	4	0.077
123	5	0
123	6	0.143
123	7	0.083
123	8	0
123	9	0
123	10	0.091
123	11	0.15
123	12	0.143
123	13	0.211
123	14	0
123	15	0
123	17	0
123	18	0
123	19	0.2
123	20	0
123	21	0.333
123	22	0.167
123	23	0.4
123	24	0.52
123	25	0
123	26	0
123	27	0
123	28	0
123	29	0
123	30	0
123	31	0
123	32	0
124	0	0
124	1	0
124	2	0
124	3	0
124	4	0
124	5	0
124	6	0
124	7	0
124	8	0
124	10	0
124	11	0
124	12	0
124	13	0.143
124	14	0
124	15	0
124	18	0
124	19	0
124	20	0
124	21	0
124	22	0.5
124	23	0.333
124	24	0.4
124	25	0.25
124	26	0
124	29	0
124	30	0
124	31	0.667
124	32	0
124	33	0
124	34	0
124	35	0
124	36	0
124	37	0
124	38	0
124	39	0
124	40	0
124	41	0
124	42	0
124	43	0
124	44	0
124	45	0
124	46	0
124	47	0
124	48	0
124	49	0
124	50	0
124	51	0.077
125	0	0.314
125	1	0.462
125	2	0.308
125	3	0.231
125	4	0.214
125	5	0.375
125	6	0.286
125	7	0.2
125	8	0.5
125	9	0
125	10	0.1
125	11	0.5
125	12	0
125	13	0
125	14	0.333
125	15	0
125	17	0.5
125	18	0
125	19	0
125	20	0
125	21	0.5
125	22	0.333
125	24	0.286
125	25	0.5
125	26	0.333
125	28	0
125	30	0.5
125	31	0.25
125	32	0
125	33	0
125	34	0
125	35	0
125	36	0
125	37	0
125	38	0
125	39	0
125	40	0
125	41	0
125	42	0
125	43	0
125	44	0
125	45	0
125	46	0
125	47	0
125	48	0
125	49	0
125	50	0
125	51	0
126	11	0.273
126	12	0.5
126	13	0.5
126	14	0.364
126	15	0
126	16	0
126	17	0.167
126	18	0
126	19	0
126	20	0.167
126	21	0.2
126	22	0.111
126	23	0.8
126	24	0.381
126	25	0.167
126	26	0.25
126	27	0.2
126	28	0.2
126	30	0.143
126	31	0.3
126	32	0.1
126	33	0.091
126	34	0.083
126	35	0.118
126	36	0.143
126	37	0
126	38	0.062
126	39	0.111
126	40	0
126	41	0
126	42	0.1
126	43	0.333
126	44	0
126	45	0.2
126	46	0.056
126	47	0
127	0	0.5
127	1	0.704
127	2	0.562
127	3	0.364
127	4	0.429
127	5	0.375
127	6	0.2
127	7	0.273
127	8	0
127	9	0
127	10	0.4
127	11	0.533
127	12	0.538
127	13	0.45
127	14	0.462
127	15	0
127	47	0.333
127	48	0.125
127	49	0.333
127	50	0.071
127	51	0.018
128	15	0
128	16	0.5
128	17	0.167
128	18	0.5
128	19	0
128	20	0
128	21	0.4
128	22	0.25
128	23	1
128	24	0.5
128	25	0.091
128	26	0
128	27	0
128	28	0
128	29	0
128	30	0.167
128	31	0
128	32	0
128	33	0
128	34	0
128	35	0
128	36	0
128	37	0
128	38	0
128	39	0
128	40	0
128	41	0
128	42	0
128	43	0
128	44	0
128	45	0
128	46	0
128	47	0
128	48	0
129	0	0.556
129	1	0.533
129	2	0.8
129	3	0.667
129	4	0.286
129	5	0
129	6	0.25
129	7	0
129	8	0
129	9	0
129	10	0.333
129	11	0.6
129	12	0.75
129	13	0.6
129	14	0.25
129	15	0.167
129	17	0
129	18	1
129	19	0
129	20	0
129	21	0
129	22	0.143
129	23	0.5
129	24	0.8
129	25	0.5
129	26	0.333
129	28	0
129	29	0
129	30	0.4
129	31	0.2
129	32	0
129	33	0
129	34	0
129	35	0
129	36	0
129	37	0
129	38	0
129	39	0
129	41	0
129	42	0
129	43	0
129	44	0
129	45	0
129	46	0
129	48	0
129	49	0.125
129	50	0
129	51	0.029
130	0	0
130	1	0.043
130	2	0
130	3	0
130	4	0
130	5	0
130	6	0
130	7	0
130	8	0
130	9	0
130	10	0
130	11	0
130	12	0
130	13	0
130	14	0
130	15	0
130	16	0
130	17	0
130	18	0
130	19	0
130	20	0
130	21	0
130	22	0.111
130	23	0.25
130	24	0.25
130	25	0.333
130	38	0
130	39	0
130	40	0
130	41	0
130	42	0
130	43	0
130	44	0
130	45	0
130	46	0
130	47	0
130	48	0
130	49	0
130	50	0.25
130	51	0
131	25	0.111
131	26	0.25
131	28	0
131	29	0
131	30	0.667
131	31	0.133
131	32	0.2
131	33	0.125
131	34	0.071
131	35	0.095
131	36	0
131	37	0.125
131	38	0
131	39	0.143
131	40	0
131	41	0
131	42	0.167
131	43	0
131	44	0.333
131	45	0
131	46	0.167
131	47	0.111
131	48	0.143
131	49	0.2
131	50	0.1
131	51	0.016
132	0	0.643
132	1	0.333
132	2	0.176
132	3	0.214
132	4	0
132	5	0
132	6	0.1
132	7	0.111
132	9	0
132	10	0.25
132	11	0.19
132	12	0.4
132	13	0.565
132	14	0.312
132	15	0
132	51	0.128
132	52	0
133	15	0.375
133	16	0
133	17	0
133	18	0.333
133	19	0.125
133	20	0
133	21	0.333
133	22	0.375
133	23	0.375
133	24	0.438
133	25	0.111
133	26	0.083
133	27	0
133	28	0
133	29	0
133	30	0
133	31	0
133	32	0
133	33	0
133	34	0
133	35	0
133	36	0
133	37	0
133	38	0
134	38	0
134	39	0
134	40	0
134	41	0
134	42	0
134	43	0
134	44	0
134	45	0
134	46	0
134	47	0
134	48	0
134	49	0
134	50	0
134	51	0
135	0	0.222
135	1	0
135	2	0
135	3	0
135	4	0
135	6	0
135	7	0
135	8	0
135	9	0
135	10	0.5
135	11	0
135	12	0.667
135	13	0.143
135	14	0
135	15	0.25
135	16	0
135	17	0
135	18	0
135	19	0.167
135	21	1
135	22	0.25
135	24	0.125
135	25	0
135	26	0
135	27	0
135	28	0
135	30	0
135	31	0
135	32	0
135	33	0
135	34	0
135	35	0
135	36	0
135	37	0
135	38	0
135	39	0
135	40	0
135	41	0
135	42	0
135	43	0
135	44	0
135	45	0
135	46	0
135	47	0
135	48	0
135	49	0
135	50	0
135	51	0.096
135	52	0
136	0	0.6
136	1	0.571
136	2	0.438
136	3	0.4
136	4	0.333
136	5	0.111
136	6	0.333
136	7	0.4
136	8	0
136	9	0.25
136	10	0.5
136	11	0.462
136	12	0.5
136	13	0.522
136	14	0.545
136	15	1
136	17	0
136	19	0
136	21	0
136	22	0
136	24	0.333
136	25	0
136	27	0
136	30	0
136	31	0
136	32	0
136	34	0
136	35	0
136	36	0
136	38	0
136	39	0
136	41	0
136	51	0.049
136	52	0
137	14	0.6
137	15	0.222
137	16	0.667
137	17	0.2
137	18	0.6
137	19	0.4
137	20	0
137	21	0.4
137	22	0.467
137	23	0.6
137	24	0.652
137	25	0.125
137	26	0.133
137	27	0
137	28	0
137	30	0.333
137	31	0.231
137	32	0
137	33	0
137	34	0
137	35	0
137	36	0
137	37	0
137	38	0
137	39	0
137	40	0
137	41	0
138	0	0.167
138	1	0
138	2	0
138	3	0
138	4	0
138	5	0
138	6	0
138	7	0
138	8	0
138	9	0
138	10	0.25
138	41	0
138	42	0
138	43	0
138	44	0
138	45	0
138	46	0
138	47	0
138	48	0
138	49	0.364
138	50	0.3
138	51	0.09
139	10	0.25
139	11	0.125
139	12	0.125
139	13	0.227
139	14	0.083
139	15	0
139	17	0.5
139	18	0.167
139	19	0.429
139	20	0.25
139	21	0.4
139	22	0.357
139	23	0.571
139	24	0.727
139	25	0.353
139	26	0.111
139	27	0
139	28	0
139	29	0
139	30	0.143
139	31	0.375
139	32	0
139	33	0
139	34	0
139	35	0
139	36	0
139	37	0
139	38	0
139	39	0
139	40	0
139	41	0
139	42	0
140	0	0.4
140	1	0.4
140	2	0.167
140	3	0.2
140	4	0.429
140	5	0.5
140	6	0.5
140	7	0.25
140	9	0.333
140	10	0.5
140	11	0.2
140	12	0
140	13	0.4
140	14	0.4
140	15	0.2
140	16	0
140	17	0
140	18	0.5
140	19	0.333
140	20	0.5
140	21	0.5
140	22	0.4
140	23	0.333
140	24	0.6
140	25	0.167
140	26	0
140	30	0
140	31	0
140	32	0
140	34	0
140	35	0
140	36	0
140	37	0
140	38	0
140	39	0
140	41	0
140	42	0
140	43	0
140	44	0
140	45	0
140	46	0
140	47	0
140	48	0
140	49	0
140	50	0.059
140	51	0
141	0	0.238
141	1	0.154
141	2	0.111
141	3	0
141	4	0
141	5	0
141	6	0.125
141	7	0.125
141	8	0
141	9	0.2
141	10	0.429
141	11	0.167
141	12	0.4
141	13	0.25
141	26	0
141	29	0
141	30	0.6
141	31	0.143
141	32	0
141	33	0
141	34	0
141	35	0
141	36	0
141	37	0
141	38	0
141	39	0
141	40	0
141	41	0
141	42	0
141	43	0
141	44	0
141	45	0
141	46	0
141	47	0
141	48	0
141	49	0
141	50	0
141	51	0.4
142	13	0.385
142	14	0.154
142	15	0.25
142	16	0
142	17	0
142	18	0.143
142	19	0.25
142	20	0.5
142	21	0
142	22	0.182
142	23	0.5
142	24	0.227
142	25	0.077
142	26	0
142	28	0
142	29	0
142	30	0
142	31	0
142	32	0
142	33	0
142	34	0
142	35	0
142	36	0
142	37	0
143	0	0.1
143	37	0
143	38	0
143	39	0
143	40	0
143	41	0
143	42	0
143	43	0
143	44	0
143	45	0
143	46	0
143	47	0
143	48	0
143	49	0
143	50	0.154
143	51	0.109
