"time"	"distance"	"value"
36	0	0.417
36	1	0.574
36	2	0.833
36	3	1
36	4	0.667
36	5	0
36	6	1
36	7	1
36	8	1
36	9	1
36	10	1
36	11	0.667
36	12	1
36	13	1
36	14	1
36	15	1
36	16	1
36	17	0.333
36	18	0.192
36	19	0.091
36	20	0.167
36	21	0.2
36	22	0.143
36	23	0.091
36	24	0.143
36	25	0.091
36	26	0
36	27	0
36	28	0
36	29	0.077
36	30	0.083
36	31	0
36	32	0.111
36	33	1
36	34	0.545
37	2	0.391
37	3	0.158
37	4	0.235
37	5	0.25
37	6	0.222
37	7	0.267
37	8	0.2
37	9	0.308
37	10	0.273
37	11	0.455
37	12	0.405
37	13	0.535
37	14	0.433
37	15	0.444
37	16	0.32
37	17	0.297
37	18	0.278
37	19	0.286
37	20	0.261
37	21	0.25
38	0	0.667
38	1	0.636
38	2	0.429
38	3	0.333
38	4	0.143
38	5	1
38	6	0.333
38	7	0.333
38	8	0.2
38	9	0
38	10	0.333
38	11	0.333
38	12	0.75
38	13	0.636
38	14	0.429
38	15	0.5
38	16	0.5
38	17	0.571
38	18	0.444
38	19	0.4
38	20	0.25
38	21	0.278
38	22	0.259
38	23	0.24
38	24	0.385
38	25	0.292
38	26	0.182
38	27	0
38	28	0
38	29	0
38	30	0
38	31	0
38	32	0
38	33	0.214
38	34	0.194
39	0	0.316
39	1	0.471
39	2	0.44
39	3	0.333
39	4	0.333
39	5	0.438
39	6	0.556
39	7	0.462
39	8	0.357
39	9	0.4
39	10	0.5
39	11	0.5
39	12	0.525
39	13	0.605
39	14	0.586
39	15	0.542
39	16	0.708
39	17	0.25
39	18	0.5
39	19	0.5
39	20	0
39	21	0
39	22	0.25
39	23	0.286
39	24	1
39	25	0.5
39	26	0.333
39	28	0
39	29	0
39	31	0
39	32	0.2
39	33	0
39	34	0.215
40	0	0
40	1	0
40	2	0
40	3	0
40	4	0
40	5	0
40	6	0
40	7	0
40	8	0
40	9	0
40	11	0
40	12	0
40	13	0.333
40	14	0
40	15	0
40	16	0.167
40	17	0.2
40	18	0.2
40	19	0.118
40	20	0.087
40	21	0.05
40	22	0
40	23	0.121
40	24	0.077
40	25	0.111
40	26	0.059
40	27	0
40	28	0
40	29	0
40	30	0
40	31	0
40	32	0
40	33	0
40	34	0.225
41	0	0.269
41	1	0.267
41	2	0.312
41	3	0.25
41	4	0.333
41	5	0.182
41	6	0.312
41	7	0.3
41	8	0.3
41	9	0.273
41	10	0
41	11	0.333
41	12	0.435
41	13	0.281
41	14	0.389
41	15	0.389
41	16	0.364
41	17	0.15
41	18	0.05
41	19	0
41	20	0
41	21	0
41	22	0.143
41	23	0.176
41	24	0.091
41	25	0.083
41	26	0.167
41	27	0
41	28	0
41	29	0
41	30	0
41	31	0
41	32	0
41	33	0.545
41	34	0.29
42	0	0.75
42	1	0.727
42	2	0.4
42	3	0.5
42	4	0.455
42	5	0.571
42	6	0.4
42	7	0.5
42	8	0.667
42	9	0.429
42	10	0.4
42	11	0.6
42	12	0.632
42	13	0.762
42	14	0.833
42	15	0.667
42	16	0.643
42	17	0.308
42	18	0.353
42	19	0.429
42	20	0.231
42	21	0.3
42	22	0.273
42	23	0.25
42	24	0.143
42	25	0.143
42	26	0.222
42	27	0
42	28	0
42	29	0
42	30	0
42	31	0
42	32	0.273
42	33	0.333
42	34	0.396
43	0	0.447
43	1	0.419
43	2	0.364
43	3	0.368
43	4	0.217
43	5	0.273
43	6	0.28
43	7	0.5
43	8	0.267
43	9	0.333
43	10	0.25
43	11	0.5
43	12	0.485
43	13	0.619
43	14	0.56
43	15	0.548
43	16	0.474
43	17	0.3
43	18	0.429
43	19	0.333
43	20	0.333
43	21	0.5
43	22	0.714
43	23	0.455
43	24	0.667
43	25	0.5
43	26	0.5
43	27	0
43	28	0
43	29	0
43	30	0
43	31	0
43	32	0.2
43	33	0.667
43	34	0.631
44	0	0.652
44	1	0.842
44	2	0.6
44	3	0.444
44	4	0.222
44	5	0.5
44	6	0.333
44	7	0.5
44	8	0.4
44	9	1
44	10	0.25
44	11	0.2
44	12	0.143
44	13	0.4
44	14	0.5
44	15	0.222
44	16	0.429
44	17	0.179
44	18	0.069
44	19	0.062
44	20	0.12
44	21	0.059
44	22	0.042
44	23	0.105
44	24	0.111
44	25	0
44	26	0.045
44	27	0
44	28	0
44	29	0
44	30	0
44	31	0.1
44	32	0.167
44	33	0.571
44	34	0.622
45	0	0.069
45	1	0.174
45	2	0.222
45	3	0.143
45	4	0.231
45	5	0.222
45	6	0.154
45	7	0
45	8	0.182
45	9	0.333
45	10	0.25
45	11	0.524
45	12	0.429
45	13	0.511
45	14	0.48
45	15	0.5
45	16	0.667
45	17	0.1
45	18	0.071
45	19	0.087
45	20	0.062
45	21	0
45	22	0.118
45	23	0.056
45	24	0
45	25	0
45	26	0
45	27	0
45	28	0
45	29	0
45	30	0
45	31	0
45	32	0
45	33	0
45	34	0.6
46	0	0.414
46	1	0.333
46	2	0.438
46	3	0.188
46	4	0.158
46	5	0.286
46	6	0.158
46	7	0.111
46	8	0.182
46	9	0
46	10	0.167
46	11	0.136
46	12	0.115
46	13	0.206
46	14	0.292
46	15	0.3
46	16	0.188
46	17	0.125
46	18	0.172
46	19	0.077
46	20	0
46	21	0.077
46	22	0.143
46	23	0.118
46	24	0.357
46	25	0.071
46	26	0.235
46	27	0
46	28	0
46	29	0
46	30	0
46	31	0
46	32	0.053
46	33	0.111
46	34	0.342
47	0	0.419
47	1	0.378
47	2	0.312
47	3	0.118
47	4	0.174
47	5	0
47	6	0.167
47	7	0.167
47	8	0.167
47	9	0.154
47	10	0.286
47	11	0.286
47	12	0.412
47	13	0.568
47	14	0.474
47	15	0.455
47	16	0.474
47	17	0.056
47	18	0.077
47	19	0
47	20	0.118
47	21	0.067
47	22	0
47	23	0.182
47	24	0.133
47	25	0.071
47	26	0.059
47	27	0
47	28	0
47	29	0
47	30	0
47	31	0
47	32	0.111
47	33	0
47	34	0.386
48	0	0.125
48	1	0.17
48	2	0.15
48	3	0.091
48	4	0.1
48	5	0.111
48	6	0.115
48	7	0
48	8	0
48	9	0.077
48	10	0
48	11	0.071
48	12	0.184
48	13	0.143
48	14	0.148
48	15	0.12
48	16	0.115
48	17	0.043
48	18	0.074
48	19	0.05
48	20	0.045
48	21	0.056
48	22	0.091
48	23	0.044
48	24	0.067
48	25	0
48	26	0.048
48	27	0
48	28	0
48	29	0
48	30	0
48	31	0
48	34	0.438
49	0	0.312
49	1	0.688
49	2	0.4
49	3	0.167
49	4	0.25
49	5	0
49	6	0.25
49	7	0.4
49	8	0.333
49	9	0.5
49	10	0.25
49	11	0.643
49	12	0.714
49	13	0.688
49	14	0.714
49	15	0.438
49	16	0.5
49	17	0.25
49	18	0.214
49	19	0.286
49	20	0.083
49	21	0.111
49	22	0.357
49	23	0.316
49	24	0.444
49	25	0
49	26	0.273
49	27	0
49	28	0
49	29	0
49	30	0
49	31	0
49	32	0.033
49	33	0.125
49	34	0.339
50	0	0.429
50	1	0.375
50	2	0.25
50	3	0.133
50	4	0.167
50	5	0.2
50	6	0.214
50	7	0.167
50	8	0.2
50	9	0.111
50	10	0
50	11	0.2
50	12	0.348
50	13	0.444
50	14	0.357
50	15	0.619
50	16	0.25
50	17	0.4
50	18	0.296
50	19	0.167
50	20	0.263
50	21	0.125
50	22	0.176
50	23	0.346
50	24	0.455
50	25	0.091
50	26	0.167
50	27	0
50	28	0
50	29	0
50	30	0
50	31	0
50	32	0
50	33	0.571
50	34	0.486
51	0	0.281
51	1	0.259
51	2	0.1
51	3	0.077
51	4	0.167
51	5	0.125
51	6	0.357
51	7	0.154
51	8	0.125
51	9	0.143
51	10	0.333
51	11	0.222
51	12	0.538
51	13	0.5
51	14	0.435
51	15	0.476
51	16	0.5
51	17	0.318
51	18	0.25
51	19	0.455
51	20	0.368
51	21	0.267
51	22	0.316
51	23	0.268
51	24	0.125
51	25	0.077
51	26	0.1
51	27	0
51	28	0
51	29	0
51	30	0
51	31	0
51	32	0.118
51	33	0.286
51	34	0.571
52	0	0.36
52	1	0.355
52	2	0.636
52	3	0.417
52	4	0.273
52	5	0.5
52	6	0.583
52	7	0.364
52	8	0.167
52	9	0.6
52	10	0.333
52	11	0.579
52	12	0.625
52	13	0.706
52	14	0.688
52	15	0.778
52	16	0.647
52	17	0.412
52	18	0.208
52	19	0.167
52	20	0.062
52	21	0.2
52	22	0.133
52	23	0.257
52	24	0.077
52	25	0.273
52	26	0.2
52	27	0
52	28	0
52	29	0
52	30	0
52	31	0
52	32	0
52	33	0.667
52	34	0.618
53	0	0.292
53	1	0.347
53	2	0.37
53	3	0.095
53	4	0.172
53	5	0.417
53	6	0.25
53	7	0.133
53	8	0.118
53	9	0.2
53	10	0
53	11	0.222
53	12	0.545
53	13	0.688
53	14	0.455
53	15	0.1
53	16	0
53	17	0
53	18	0.214
53	19	0.111
53	20	0.143
53	21	0
53	22	0.222
53	23	0.19
53	24	0.2
53	25	0.333
53	26	0.143
53	27	0
53	28	0
53	29	0
53	30	0
53	31	0
53	32	0.143
53	33	0.5
53	34	0.614
54	8	0
54	9	0.4
54	10	0.5
54	11	0.333
54	12	0.419
54	13	0.5
54	14	0.25
54	15	0.417
54	16	0.333
54	17	0.348
54	18	0.281
54	19	0.143
54	20	0.2
54	21	0.105
54	22	0.25
54	23	0.25
54	24	0.25
54	25	0.125
54	26	0.059
54	27	0
54	28	0
54	29	0
54	30	0
54	31	0
54	32	0.118
54	33	0.5
54	34	0.567
55	0	0.532
55	1	0.49
55	2	0.476
55	3	0.318
55	4	0.269
55	5	0.1
55	6	0.238
55	7	0.312
55	8	0.333
55	9	0.353
55	10	0.5
55	11	0.4
55	12	0.517
55	13	0.882
55	14	0.8
55	15	0.778
55	16	0.75
55	17	0.5
55	18	0.385
55	19	0.556
55	20	0.125
55	21	0.143
55	22	0.125
55	23	0.263
55	24	0.375
55	25	0.4
55	26	0
55	27	0
55	28	0
55	29	0
55	30	0
55	31	0
55	32	0
55	33	0.75
55	34	0.518
56	0	0.6
56	1	0.714
56	2	0.75
56	3	0.667
56	4	1
56	5	0.25
56	6	0.5
56	7	0.333
56	8	0.667
56	9	0.5
56	10	0.5
56	11	0.833
56	12	0.545
56	13	0.575
56	14	0.464
56	15	0.565
56	16	0.462
56	17	0.115
56	18	0.189
56	19	0.214
56	20	0.111
56	21	0.136
56	22	0.16
56	23	0.192
56	24	0.286
56	25	0.136
56	26	0.053
56	27	0
56	28	0
56	29	0
56	30	0
56	31	0
56	32	0.125
56	33	0.6
56	34	0.389
57	0	0.292
57	1	0.353
57	2	0.385
57	3	0.357
57	4	0.4
57	5	0.25
57	6	0.267
57	7	0.571
57	8	0.273
57	9	0.429
57	10	0.444
57	11	0.368
57	12	0.55
57	13	0.485
57	14	0.625
57	15	0.5
57	16	0.474
57	17	0.375
57	18	0.094
57	19	0.2
57	20	0
57	21	0
57	22	0.167
57	23	0.323
57	24	0.333
57	25	0.222
57	26	0.222
57	27	0
57	28	0
57	29	0
57	30	0
57	31	0
57	32	0.176
57	33	0.5
57	34	0.105
58	0	0.462
58	1	0.65
58	2	0.6
58	3	0.545
58	4	0.455
58	5	0.5
58	6	0.5
58	7	0.625
58	8	0.5
58	9	0.667
58	10	0.4
58	11	0.688
58	12	0.765
58	13	0.667
58	14	0.727
58	15	0.4
58	16	0.5
58	17	0.294
58	18	0.412
58	19	0.357
58	20	0.364
58	21	0.353
58	22	0.357
58	23	0.414
58	24	0.462
58	25	0.111
58	26	0.154
58	27	0
58	28	0
58	29	0
58	30	0
58	31	0
58	32	0.091
58	33	0
58	34	0.27
59	0	0.458
59	1	0.479
59	2	0.348
59	3	0.3
59	4	0.227
59	5	0.214
59	6	0.231
59	7	0.267
59	8	0.118
59	9	0.412
59	10	0.5
59	11	0.378
59	12	0.5
59	13	0.433
59	14	0.375
59	15	0.625
59	16	0.333
59	17	0.375
59	18	0.364
59	19	0.286
59	20	0
59	21	0.2
59	22	0.2
59	23	0.4
59	24	0.25
59	25	0.167
59	26	0.2
59	27	0.25
59	28	0.2
59	29	0.167
59	30	0
59	31	0
59	32	0.143
59	33	0
59	34	0.151
60	13	0.68
60	14	0.542
60	15	0.583
60	16	0.588
60	17	0.133
60	18	0.207
60	19	0.227
60	20	0.053
60	21	0.118
60	22	0.182
60	23	0.14
60	24	0.067
60	25	0.053
60	26	0.059
60	27	0.105
60	28	0.067
60	29	0.042
60	30	0
60	31	0
60	32	0.1
60	33	0.25
60	34	0.349
61	0	0.12
61	1	0.261
61	2	0.154
61	3	0
61	4	0
61	5	0
61	6	0
61	7	0
61	8	0
61	9	0
61	10	0
61	11	0.056
61	12	0.25
61	13	0.462
61	14	0.368
61	15	0.286
61	16	0.316
61	17	0.278
61	18	0.217
61	19	0.167
61	20	0.071
61	21	0.231
61	22	0.467
61	23	0.25
61	24	0.333
61	25	0.25
61	26	0.286
61	27	0
61	28	0
61	29	0
61	30	0
61	31	0
61	32	0.118
61	33	0
61	34	0.057
62	0	0.224
62	1	0.261
62	2	0.2
62	3	0.273
62	4	0.167
62	5	0
62	6	0.071
62	7	0.2
62	8	0
62	9	0.333
62	10	0
62	11	0.2
62	12	0.318
62	13	0.316
62	14	0.353
62	15	0.235
62	16	0.125
62	17	0.062
62	18	0.037
62	19	0
62	20	0.077
62	21	0
62	22	0.133
62	23	0.034
62	24	0
62	25	0
62	26	0
62	27	0
62	28	0
62	29	0
62	30	0
62	31	0
62	32	0.077
62	33	0.6
62	34	0.286
63	0	0.222
63	1	0.172
63	2	0.156
63	3	0.167
63	4	0.095
63	5	0.071
63	6	0.036
63	7	0.222
63	8	0.111
63	9	0.125
63	10	0
63	11	0.188
63	12	0.222
63	13	0.3
63	14	0.222
63	15	0.267
63	16	0.417
63	17	0.267
63	18	0.143
63	19	0.071
63	20	0.273
63	21	0.286
63	22	0.385
63	23	0.258
63	24	0.111
63	25	0.1
63	26	0.077
63	27	0
63	28	0
63	29	0
63	30	0
63	31	0
63	32	0.2
63	33	0
63	34	0.125
64	0	0.333
64	1	0.6
64	2	0.5
64	3	0.667
64	4	0.5
64	5	1
64	6	0.5
64	7	0
64	8	0.182
64	9	0.25
64	10	0.167
64	11	0.25
64	12	0.375
64	13	0.512
64	14	0.417
64	15	0.409
64	16	0.435
64	17	0.2
64	18	0.125
64	19	0.067
64	20	0.111
64	21	0.083
64	22	0.182
64	23	0.263
64	24	0.263
64	25	0.077
64	26	0.188
64	27	0
64	28	0
64	29	0
64	30	0
64	31	0
64	32	0.105
64	33	0.333
64	34	0.241
65	0	0.525
65	1	0.522
65	2	0.323
65	3	0.4
65	4	0.154
65	5	0.429
65	6	0.091
65	7	0.333
65	8	0.25
65	9	0.429
65	10	0
65	11	0.222
65	12	0.333
65	13	0.3
65	14	0.235
65	15	0.158
65	16	0.25
65	17	0
65	18	0.2
65	19	0.091
65	20	0.059
65	21	0.214
65	22	0.294
65	23	0.303
65	24	0.067
65	25	0
65	26	0
65	27	0
65	28	0
65	29	0
65	30	0
65	31	0
65	32	0
65	33	0.5
65	34	0.2
66	0	0.333
66	1	0.368
66	2	0.556
66	3	0.45
66	4	0.375
66	5	0.286
66	6	0.292
66	7	0.333
66	8	0.278
66	9	0.357
66	10	0.3
66	11	0.529
66	12	0.519
66	13	0.731
66	14	0.684
66	15	0.778
66	16	0.667
66	17	0.3
66	18	0.231
66	19	0.4
66	20	0.118
66	21	0.273
66	22	0.25
66	23	0.188
66	24	0.375
66	25	0.2
66	26	0.231
66	27	0.083
66	28	0.077
66	29	0
66	30	0
66	31	0.2
66	32	0.235
66	33	0
66	34	0
67	0	0.364
67	1	0.692
67	2	0.615
67	3	0.545
67	4	0.417
67	5	0.167
67	6	0.571
67	7	0
67	8	0.556
67	9	0.25
67	10	1
67	11	0.433
67	12	0.463
67	13	0.619
67	14	0.467
67	15	0.562
67	16	0.565
67	17	0.481
67	18	0.486
67	19	0.278
67	20	0.286
67	21	0.158
67	22	0.308
67	23	0.4
67	24	0.714
67	25	0.3
67	26	0.2
67	27	0.111
67	28	0.091
67	29	0
67	30	0.167
67	31	0
67	32	0.154
67	33	0
67	34	0
68	0	0.464
68	1	0.406
68	2	0.263
68	3	0.071
68	4	0.3
68	5	0.2
68	6	0.176
68	7	0.143
68	8	0.333
68	9	0.286
68	10	0.111
68	11	0.3
68	12	0.32
68	13	0.375
68	14	0.304
68	15	0.261
68	16	0.462
68	17	0.222
68	18	0.077
68	19	0.5
68	20	0.25
68	21	0.667
68	22	0.5
68	23	0.526
68	24	0.267
68	25	0.3
68	26	0.25
68	27	0
68	28	0
68	29	0
68	30	0
68	31	0
68	32	0.056
68	33	0.143
68	34	0.167
69	0	0.346
69	1	0.414
69	2	0.389
69	3	0.462
69	4	0.45
69	5	0.25
69	6	0.583
69	7	0.333
69	8	0.6
69	9	0.5
69	10	0.25
69	11	0.556
69	12	0.481
69	13	0.581
69	14	0.4
69	15	0.478
69	16	0.556
69	17	0.13
69	18	0.056
69	19	0.167
69	20	0
69	21	0
69	22	0.188
69	23	0.2
69	24	0.118
69	25	0
69	26	0.214
69	27	0
69	28	0
69	29	0
69	30	0
69	31	0
69	32	0.059
69	33	0
69	34	0.1
70	0	0.4
70	1	0.455
70	2	0.364
70	3	0.25
70	4	0.25
70	5	0.25
70	6	0.182
70	7	0.333
70	8	0.375
70	9	0.333
70	10	0.2
70	11	0.636
70	12	0.667
70	13	0.75
70	14	0.471
70	15	0.5
70	16	0.5
70	17	0.231
70	18	0.094
70	19	0.4
70	20	0.222
70	21	0.3
70	22	0.167
70	23	0.25
70	24	0.217
70	25	0.043
70	26	0.16
70	27	0
70	28	0
70	29	0
70	30	0
70	31	0
70	32	0.037
70	33	0
70	34	0.458
71	0	0.548
71	1	0.607
71	2	0.368
71	3	0.294
71	4	0.5
71	5	0.2
71	6	0.533
71	7	0.556
71	8	0.571
71	9	0.429
71	10	0.667
71	11	0.69
71	12	0.81
71	13	0.788
71	14	0.913
71	15	0.806
71	16	0.848
71	17	0.3
71	18	0.222
71	19	0.125
71	20	0.158
71	21	0.2
71	22	0.118
71	23	0.278
71	24	0.357
71	25	0.438
71	26	0.294
71	27	0
71	28	0
71	29	0
72	0	0.206
72	1	0.241
72	2	0.25
72	3	0.2
72	4	0.15
72	5	0.1
72	6	0.235
72	7	0
72	8	0.158
72	9	0.364
72	10	0.429
72	11	0.423
72	12	0.3
72	13	0.405
72	14	0.296
72	15	0.458
72	16	0.519
72	17	0.083
72	18	0.091
72	19	0.071
72	20	0
72	21	0
72	22	0
72	23	0
72	24	0
72	25	0
72	26	0
72	27	0
72	28	0
72	29	0
72	30	0
72	31	0
72	32	0
72	33	0.182
72	34	0.273
73	0	0.424
73	1	0.529
73	2	0.429
73	3	0.75
73	4	0.385
73	5	0.143
73	6	0.667
73	7	0.5
73	8	0.545
73	9	0.5
73	10	0.4
73	11	0.533
73	12	0.643
73	13	0.722
73	14	0.643
73	15	0.632
73	16	0.812
73	17	0.545
73	18	0.556
73	19	0.25
73	20	0.091
73	21	0.222
73	22	0.308
73	23	0.362
73	24	0.294
73	25	0.118
73	26	0.36
73	27	0.217
73	28	0.211
73	29	0.304
73	30	0.167
73	31	0.25
73	32	0.25
73	33	0.2
73	34	0.4
74	3	0.167
74	4	0.333
74	5	0.273
74	6	0.308
74	7	0.429
74	8	0.444
74	9	0.385
74	10	0.667
74	11	0.5
74	12	0.607
74	13	0.647
74	14	0.682
74	15	0.679
74	16	0.682
74	17	0.263
74	18	0.323
74	19	0.2
74	20	0.188
74	21	0.143
74	22	0.316
74	23	0.457
74	24	0.263
74	25	0.412
74	26	0.5
74	27	0.158
74	28	0.105
74	29	0.133
74	30	0.111
74	31	0.3
74	32	0.375
74	33	0.333
74	34	0.393
75	0	0.345
75	1	0.355
75	2	0.333
75	3	0.176
75	4	0.438
75	5	0.286
75	6	0.286
75	7	0.364
75	8	0.188
75	9	0.333
75	10	0.6
75	11	0.4
75	12	0.688
75	13	0.524
75	14	0.5
75	15	0.684
75	16	0.538
75	17	0.25
75	18	0.188
75	19	0.2
75	20	0.143
75	21	0.111
75	22	0.25
75	23	0.25
75	24	0.333
75	25	0.1
75	26	0.125
75	27	0
75	28	0
75	29	0
75	30	0
75	31	0
75	32	0.222
75	33	0.4
75	34	0.203
76	0	0.56
76	1	0.55
76	2	0.273
76	3	0.111
76	4	0.111
76	5	0
76	6	0.083
76	7	0.333
76	8	0.286
76	9	0.286
76	10	0
76	11	0.385
76	12	0.296
76	13	0.447
76	14	0.577
76	15	0.571
76	16	0.4
76	17	0.371
76	18	0.188
76	19	0.095
76	20	0
76	21	0
76	22	0.182
76	23	0.158
76	24	0.1
76	25	0.2
76	26	0.267
76	27	0.1
76	28	0.1
76	29	0
76	30	0
76	31	0
76	32	0
76	33	0
76	34	0
77	0	0.449
77	1	0.577
77	2	0.607
77	3	0.375
77	4	0.4
77	5	0.333
77	6	0.143
77	7	0.5
77	8	0.375
77	9	0.5
77	10	0.5
77	11	0.5
77	12	0.7
77	13	0.625
77	14	0.4
77	15	0.5
77	16	0.583
77	17	0.5
77	18	0.308
77	19	0.375
77	20	0.143
77	21	0.125
77	22	0.6
77	23	0.516
77	24	0.368
77	25	0.412
77	26	0.333
77	27	0.04
77	28	0.143
77	29	0.095
77	30	0.062
77	31	0.143
77	32	0.111
77	33	0
77	34	0.111
78	4	0.833
78	5	0.154
78	6	0.381
78	7	0.5
78	8	0.526
78	9	0.357
78	10	0.333
78	11	0.667
78	12	0.765
78	13	0.806
78	14	0.654
78	15	0.774
78	16	0.679
78	17	0.385
78	18	0.354
78	19	0.346
78	20	0.292
78	21	0.526
78	22	0.323
78	23	0.333
78	24	0.333
78	25	0.25
78	26	0.231
78	27	0
79	0	0.422
79	1	0.308
79	2	0.111
79	3	0.167
79	4	0
79	5	0
79	6	0.167
79	7	0
79	8	0.167
79	9	0.167
79	10	0
79	11	0.182
79	12	0.222
79	13	0.267
79	14	0.2
79	15	0.111
79	16	0.25
79	17	0.125
79	18	0
79	19	0
79	20	0
79	21	0
79	22	0
79	23	0.118
79	24	0.429
79	25	0
79	26	0
79	27	0.136
79	28	0.048
79	29	0
79	30	0
79	31	0
79	32	0.05
79	33	0.167
79	34	0.258
80	0	0.378
80	1	0.357
80	2	0.3
80	3	0.238
80	4	0.176
80	5	0.267
80	6	0.3
80	7	0.2
80	8	0.389
80	9	0.231
80	10	0.167
80	11	0.345
80	12	0.233
80	13	0.364
80	14	0.444
80	15	0.333
80	16	0.5
80	17	0.364
80	18	0.25
80	19	0.2
80	20	0.4
80	21	0.2
80	22	0.333
80	23	0.333
80	24	0.167
80	25	0.25
80	26	0.071
80	27	0.062
80	28	0.062
80	29	0.167
80	30	0.1
80	31	0.111
80	32	0.077
80	33	0.143
80	34	0.417
81	12	1
81	13	0.25
81	14	0.312
81	15	0.24
81	16	0.5
81	17	0.087
81	18	0.16
81	19	0.083
81	20	0.167
81	21	0.077
81	22	0.053
81	23	0.222
81	24	0.133
81	25	0.182
81	26	0.118
81	27	0
81	28	0
81	29	0
81	30	0
81	31	0
81	32	0.133
81	33	0.5
81	34	0.241
82	0	0.391
82	1	0.458
82	2	0.625
82	3	0.2
82	4	0.417
82	5	0.286
82	6	0.438
82	7	0.6
82	8	0.625
82	9	0.375
82	10	0.571
82	11	0.45
82	12	0.429
82	13	0.621
82	14	0.467
82	15	0.625
82	16	0.462
82	17	0.214
82	18	0.15
82	19	0.286
82	20	0.214
82	21	0.182
82	22	0.125
82	23	0.556
82	24	0.625
82	25	0.333
82	26	0.308
82	27	0
82	28	0
82	29	0
82	30	0
82	31	0
82	32	0.25
82	33	0
82	34	0.224
83	0	0.233
83	1	0.08
83	2	0
83	3	0
83	4	0
83	5	0
83	6	0.077
83	7	0
83	8	0.111
83	9	0.111
83	10	0.333
83	11	0.133
83	12	0.1
83	13	0.091
83	14	0.053
83	15	0.053
83	16	0.071
83	17	0.053
83	18	0
83	19	0
83	20	0
83	21	0
83	22	0.048
83	23	0.25
83	24	0.286
83	25	0
83	26	0.333
83	27	0
83	28	0
83	29	0
83	30	0
83	31	0
83	32	0
83	33	0.5
83	34	0.264
84	0	0.261
84	1	0.417
84	2	0.429
84	3	0.333
84	4	0.2
84	5	0.217
84	6	0.2
84	7	0.429
84	8	0.25
84	9	0.333
84	10	0.333
84	11	0.533
84	12	0.5
84	13	0.444
84	14	0.353
84	15	0.526
84	16	0.412
84	17	0.318
84	23	0
84	24	0
84	25	0
84	26	0
84	27	0
84	28	0
84	29	0
84	30	0
84	31	0
84	32	0
84	33	0
84	34	0.326
85	0	0.364
85	1	0.375
85	2	0.214
85	3	0.2
85	4	0.25
85	5	0.333
85	6	0.308
85	7	0.5
85	8	0.25
85	9	0
85	10	0
85	11	0
85	12	0.333
85	13	0.286
85	14	0.286
85	15	0.333
85	16	0.375
85	17	0.5
85	18	0.385
85	19	0.231
85	20	0.25
85	21	0.3
85	22	0.381
85	23	0.462
85	24	0.353
85	25	0.312
85	26	0.375
85	27	0
85	28	0.059
85	29	0.05
85	30	0
85	31	0
85	32	0.067
85	33	0.143
85	34	0.281
86	0	0.522
86	1	0.533
86	2	0.4
86	3	0.25
86	4	0.375
86	5	0.222
86	6	0.2
86	7	0.25
86	8	0.235
86	9	0.364
86	10	0.375
86	11	0.238
86	12	0.45
86	13	0.478
86	14	0.429
86	15	0.486
86	16	0.474
86	17	0.455
86	18	0.286
86	19	0
86	20	0.125
86	21	0.286
86	22	0.077
86	23	0.048
86	24	0.222
86	25	0
86	26	0
86	27	0.1
86	28	0
86	29	0.125
86	30	0
86	31	0
86	32	0.375
86	33	0.714
86	34	0.571
87	0	0.364
87	1	0.731
87	2	0.727
87	3	0.429
87	4	0.375
87	5	0.429
87	6	0.556
87	7	0.4
87	8	0.875
87	9	0.25
87	10	0.4
87	11	0.556
87	12	0.8
87	13	0.765
87	14	0.733
87	15	0.778
87	16	0.615
87	17	0.419
87	18	0.435
87	19	0.481
87	20	0.25
87	21	0.273
87	22	0.389
87	23	0.419
87	24	0.615
87	25	0.154
87	26	0.438
87	27	0.053
87	28	0
87	29	0
87	30	0
87	31	0
87	32	0.056
87	33	0.25
87	34	0.447
88	0	0.352
88	1	0.457
88	2	0.308
88	3	0.192
88	4	0.095
88	5	0.071
88	6	0.192
88	7	0.238
88	8	0.19
88	9	0.375
88	10	0.462
88	11	0.303
88	12	0.432
88	13	0.449
88	14	0.5
88	20	0
88	21	0
88	22	0.5
88	23	0.45
88	24	0.538
88	25	0.5
88	26	0.333
88	27	0.143
88	28	0.143
88	29	0.1
88	30	0
88	31	0
88	32	0
88	33	0
88	34	0.125
89	14	1
89	15	0.417
89	16	0.5
89	17	0.222
89	18	0.175
89	19	0.111
89	20	0.032
89	21	0.091
89	22	0.065
89	23	0.048
89	24	0.136
89	25	0.036
89	26	0.107
89	27	0.059
89	28	0.033
89	29	0
89	30	0
89	31	0
89	32	0.167
90	0	0.531
90	1	0.578
90	2	0.467
90	3	0.429
90	4	0.385
90	5	0.154
90	6	0.632
90	7	0.5
90	8	0.5
90	9	0.167
90	10	0.375
90	11	0.619
90	12	0.679
90	13	0.595
90	14	0.688
90	15	0.621
90	16	0.692
90	17	0.188
90	18	0.265
90	19	0.067
90	20	0
90	21	0.083
90	22	0.133
90	23	0
90	24	0.222
90	25	0
90	26	0
90	27	0
90	28	0.167
90	29	0
90	30	0
90	31	0
90	32	0.107
90	33	0.143
90	34	0.429
91	0	0.647
91	1	0.6
91	2	0.556
91	3	0.4
91	4	0.364
91	5	0.667
91	6	0.375
91	7	0.571
91	8	0
91	9	0.6
91	10	0.4
91	11	0.6
91	12	0.417
91	13	0.667
91	14	0.444
91	15	0.583
91	16	0.6
91	17	0.4
91	18	0.385
91	19	0.429
91	20	0.143
91	21	0
91	22	0.3
91	23	0.5
91	24	0.333
91	25	0.235
91	26	0.111
91	27	0
91	28	0
91	29	0
91	30	0
91	31	0
91	32	0.105
91	33	0.154
91	34	0.104
92	0	0.478
92	1	0.537
92	2	0.37
92	3	0.118
92	4	0.143
92	5	0.353
92	6	0.333
92	7	0.5
92	8	0.4
92	9	0.45
92	10	0.8
92	11	0.485
92	12	0.55
92	13	0.545
92	14	0.4
92	15	0.6
92	16	0.533
92	17	0.182
92	18	0.143
92	19	0
92	20	0.125
92	21	0
92	22	0.182
92	23	0.368
92	24	0.125
92	25	0.125
92	26	0.6
92	27	0
92	28	0
92	29	0
92	30	0
92	31	0
92	32	0.333
92	33	0.8
92	34	1
93	0	0.579
93	1	0.857
93	2	0.556
93	3	0.4
93	4	0.429
93	5	0.333
93	6	0.333
93	7	0.5
93	8	0.333
93	9	0.5
93	10	0.5
93	11	0.3
93	12	0.571
93	13	0.636
93	14	0.643
93	15	0.647
93	16	0.646
93	17	0.211
93	18	0.289
93	19	0.103
93	20	0.08
93	21	0.217
93	22	0.182
93	23	0.345
93	24	0.2
93	25	0.067
93	26	0.158
93	27	0
93	28	0
93	29	0
93	30	0
93	31	0
93	32	0
93	33	0.273
93	34	0.348
94	0	0.444
94	1	0.576
94	2	0.45
94	3	0.375
94	4	0.13
94	5	0.167
94	6	0.385
94	7	0.417
94	8	0.364
94	9	0.462
94	10	0.727
94	11	0.5
94	12	0.5
94	13	0.619
94	14	0.552
94	15	0.606
94	16	0.667
94	17	0.5
94	18	0.75
94	19	0.636
94	20	0.364
94	21	0.375
94	22	0.333
94	23	0.4
94	24	0.526
94	25	0.429
94	26	0.368
94	27	0.143
94	28	0.214
94	29	0.091
94	30	0
94	31	0
94	32	0.133
94	33	0.3
94	34	0.5
95	0	0.259
95	1	0.206
95	2	0.222
95	3	0.125
95	4	0.25
95	5	0.25
95	6	0.125
95	7	0.143
95	8	0.308
95	9	0.2
95	10	0.333
95	11	0.333
95	12	0.385
95	13	0.421
95	14	0.538
95	15	0.738
95	16	0.704
95	17	0.265
95	18	0.273
95	19	0.219
95	20	0.053
95	21	0.095
95	22	0.219
95	23	0.338
95	24	0.233
95	25	0.062
95	26	0.071
95	27	0
95	28	0.067
95	29	0
95	30	0.154
95	31	0.111
95	32	0.231
95	33	0.333
95	34	0.5
96	0	0.298
96	1	0.612
96	2	0.24
96	3	0.062
96	4	0
96	5	0
96	6	0.095
96	7	0.3
96	8	0.2
96	9	0.364
96	10	0.3
96	11	0.316
96	12	0.368
96	13	0.231
96	14	0.286
96	15	0.182
96	16	0.25
96	17	0.111
96	18	0.192
96	19	0.1
96	20	0
96	21	0
96	22	0
96	23	0.235
96	24	0.25
96	25	0.067
96	26	0.087
96	27	0.12
96	28	0.056
96	29	0.13
96	30	0.056
96	31	0.1
96	32	0.238
96	33	0.5
96	34	0.19
97	0	0.568
97	1	0.722
97	2	0.6
97	3	0.333
97	4	0.111
97	5	0.5
97	6	0.385
97	7	0.375
97	8	0.273
97	9	0.286
97	10	0
97	11	0.2
97	12	0.429
97	13	0.486
97	14	0.3
97	15	0.4
97	16	0.286
97	17	0.429
97	18	0.216
97	19	0.467
97	20	0.19
97	21	0
97	22	0.348
97	23	0.556
97	24	0.2
97	25	0.25
97	26	0.348
97	27	0.158
97	28	0.111
97	29	0.15
97	30	0.125
97	31	0.154
97	32	0.312
97	33	0.3
97	34	0.349
98	0	0.6
98	1	0.564
98	2	0.27
98	3	0.148
98	4	0.125
98	5	0.25
98	6	0.229
98	7	0.308
98	8	0.355
98	9	0.36
98	10	0.474
98	11	0.391
98	12	0.524
98	13	0.521
98	14	0.481
98	15	0.593
98	16	0.706
98	17	0.5
98	18	0.314
98	19	0.333
98	20	0.188
98	21	0.176
98	22	0.333
98	23	0.233
98	24	0.4
98	25	0.667
98	26	0.222
98	27	0
98	28	0
98	29	0
98	30	0
98	31	0
98	32	0.286
98	33	0.2
98	34	0.208
99	0	0.381
99	1	0.467
99	2	0.4
99	3	0.129
99	4	0.115
99	5	0.125
99	6	0.333
99	7	0.3
99	8	0.188
99	9	0.417
99	10	0.111
99	11	0.255
99	12	0.452
99	13	0.472
99	14	0.536
99	15	0.5
99	16	0.481
99	17	0.244
99	18	0.204
99	19	0.172
99	20	0.122
99	21	0.038
99	22	0.2
99	23	0.275
99	24	0.143
99	25	0.115
99	26	0.136
99	27	0
99	28	0
99	29	0
99	30	0
99	31	0
99	32	0.061
99	33	0.442
99	34	0.183
100	0	0.106
100	1	0.259
100	2	0.143
100	3	0.091
100	4	0
100	5	0.091
100	6	0.027
100	7	0
100	8	0.118
100	9	0.038
100	10	0
100	11	0.058
100	12	0.086
100	13	0.09
100	14	0.06
100	15	0.08
100	16	0.25
100	17	0.14
100	18	0.016
100	19	0
100	20	0
100	21	0
100	22	0.032
100	23	0.204
100	24	0.148
100	25	0.088
100	26	0.066
100	27	0
100	28	0.054
100	29	0.062
100	30	0.095
100	31	0.043
100	32	0.125
100	33	0.263
100	34	0.153
101	0	0.3
101	1	0.363
101	2	0.308
101	3	0.244
101	4	0.238
101	5	0.214
101	6	0.317
101	7	0.294
101	8	0.4
101	9	0.35
101	10	0.308
101	11	0.5
101	12	0.49
101	13	0.5
101	14	0.385
101	15	0.472
101	16	0.69
101	17	0.425
101	18	0.34
101	19	0.28
101	20	0.208
101	21	0.286
101	22	0.256
101	23	0.468
101	24	0.294
101	25	0.115
101	26	0.12
101	27	0.027
101	28	0.049
101	29	0
101	30	0.033
101	31	0.04
101	32	0.105
101	33	0.273
101	34	0.306
102	0	0.433
102	1	0.429
102	2	0.379
102	3	0.233
102	4	0.059
102	5	0.083
102	6	0.333
102	7	0.25
102	8	0.265
102	9	0.259
102	10	0.231
102	11	0.302
102	12	0.32
102	13	0.365
102	14	0.417
102	15	0.364
102	16	0.375
102	17	0.304
102	18	0.314
102	19	0.143
102	20	0.15
102	21	0.091
102	22	0.19
102	23	0.413
102	24	0.356
102	25	0.3
102	26	0.293
102	27	0.075
102	28	0.038
102	29	0.05
102	30	0.065
102	31	0.032
102	32	0.14
102	33	0.167
102	34	0.117
103	0	0.409
103	1	0.419
103	2	0.286
103	3	0.2
103	4	0.32
103	5	0.125
103	6	0.114
103	7	0.286
103	8	0.258
103	9	0.269
103	10	0.353
103	11	0.317
103	12	0.393
103	13	0.519
103	14	0.475
103	15	0.429
103	16	0.426
103	17	0.149
103	18	0.143
103	19	0.103
103	20	0.105
103	21	0.114
103	22	0.156
103	23	0.194
103	24	0.222
103	25	0.147
103	26	0.094
103	27	0
103	28	0
103	29	0.027
103	30	0.038
103	31	0.04
103	32	0.143
103	33	0.318
103	34	0.256
104	0	0.309
104	1	0.371
104	2	0.304
104	3	0.158
104	4	0.37
104	5	0.238
104	6	0.34
104	7	0.226
104	8	0.414
104	9	0.345
104	10	0.278
104	11	0.455
104	12	0.429
104	13	0.485
104	14	0.471
104	15	0.5
104	16	0.421
104	17	0.224
104	18	0.173
104	19	0.273
104	20	0.143
104	21	0.222
104	22	0.25
104	23	0.325
104	24	0.278
104	25	0.143
104	26	0.238
104	27	0.214
104	28	0.118
104	29	0.158
104	30	0.133
104	31	0
104	32	0.2
104	33	0.333
104	34	0.143
105	0	0.347
105	1	0.436
105	2	0.269
105	3	0.217
105	4	0.312
105	5	0.125
105	6	0.154
105	7	0.158
105	8	0.333
105	9	0.188
105	10	0.308
105	11	0.357
105	12	0.386
105	13	0.581
105	14	0.415
105	15	0.417
105	16	0.489
105	17	0.256
105	18	0.244
105	19	0.194
105	20	0.073
105	21	0.156
105	22	0.109
105	23	0.165
105	24	0.2
105	25	0.093
105	26	0.212
105	27	0
105	28	0.038
105	29	0
105	30	0
105	31	0
105	32	0.049
105	33	0.105
105	34	0.177
106	0	0.183
106	1	0.196
106	2	0.143
106	3	0.205
106	4	0.03
106	5	0.118
106	6	0.143
106	7	0.087
106	8	0.111
106	9	0.048
106	10	0.111
106	11	0.14
106	12	0.136
106	13	0.305
106	14	0.244
106	15	0.241
106	16	0.288
106	17	0.118
106	18	0.077
106	19	0.032
106	20	0.024
106	21	0
106	22	0.122
106	23	0.303
106	24	0.294
106	25	0.286
106	26	0.217
106	27	0.125
106	28	0.227
106	29	0.062
106	30	0
106	31	0.133
106	32	0.261
106	33	0.5
106	34	0.31
107	0	0.356
107	1	0.465
107	2	0.105
107	3	0.357
107	4	0.136
107	5	0.059
107	6	0.045
107	7	0.13
107	8	0.118
107	9	0.167
107	10	0.2
107	11	0.114
107	12	0.308
107	13	0.356
107	14	0.4
107	15	0.393
107	16	0.292
107	17	0.143
107	18	0.214
107	19	0
107	20	0.067
107	21	0.167
107	22	0.333
107	23	0.241
107	24	0.071
107	25	0.091
107	26	0.088
107	27	0.027
107	28	0.024
107	29	0.032
107	30	0.074
107	31	0
107	32	0.073
107	33	0.105
107	34	0.146
108	0	0.247
108	1	0.368
108	2	0.344
108	3	0.23
108	4	0.233
108	5	0.091
108	6	0.147
108	7	0.115
108	8	0.097
108	9	0.182
108	10	0.188
108	11	0.238
108	12	0.302
108	13	0.361
108	14	0.328
108	15	0.302
108	16	0.32
108	17	0.284
108	18	0.366
108	19	0.208
108	20	0.179
108	21	0.136
108	22	0.296
108	23	0.273
108	24	0.364
108	25	0.208
108	26	0.15
108	27	0.056
108	28	0
108	29	0.045
108	30	0
108	31	0.067
108	32	0.158
108	33	0.25
108	34	0.231
109	0	0.603
109	1	0.537
109	2	0.484
109	3	0.25
109	4	0.276
109	5	0.308
109	6	0.269
109	7	0.263
109	8	0.2
109	9	0.385
109	10	0.429
109	11	0.448
109	12	0.615
109	13	0.517
109	14	0.5
109	15	0.375
109	16	0.367
109	17	0.333
109	18	0.34
109	19	0.167
109	20	0.152
109	21	0.25
109	22	0.276
109	23	0.352
109	24	0.28
109	25	0.318
109	26	0.242
109	27	0.129
109	28	0.2
109	29	0.185
109	30	0.227
109	31	0.19
109	32	0.205
109	33	0.357
109	34	0.199
110	0	0.692
110	1	0.386
110	2	0.31
110	3	0.333
110	4	0.6
110	5	0.167
110	6	0.417
110	7	0.429
110	8	0.5
110	9	0.545
110	10	0
110	11	0.611
110	12	0.731
110	13	0.82
110	14	0.65
110	15	0.75
110	16	0.667
110	17	0.632
110	18	0.486
110	19	0.556
110	20	0.2
110	21	0.238
110	22	0.368
110	23	0.345
110	24	0.333
110	25	0.176
110	26	0.261
110	27	0.043
110	28	0.125
110	29	0.091
110	30	0.059
110	31	0.143
110	32	0.185
110	33	0.2
110	34	0.396
111	0	0.361
111	1	0.375
111	2	0.25
111	3	0.182
111	4	0.068
111	5	0.067
111	6	0.083
111	7	0.143
111	8	0.083
111	9	0.125
111	10	0.136
111	11	0.148
111	12	0.29
111	13	0.36
111	14	0.183
111	15	0.259
111	16	0.298
111	17	0.079
111	18	0.015
111	19	0
111	20	0.024
111	21	0.032
111	22	0.026
111	23	0.043
111	24	0.152
111	25	0
111	26	0.056
111	27	0
111	34	0
112	0	0.143
112	1	0.138
112	2	0.316
112	3	0.214
112	4	0.077
112	5	0
112	6	0.059
112	7	0.091
112	8	0.143
112	9	0
112	10	0.143
112	11	0.208
112	12	0.143
112	13	0.324
112	14	0.158
112	15	0.15
112	16	0.429
112	17	0
112	18	0.042
112	19	0.091
112	20	0
112	21	0
112	22	0
112	23	0.021
112	24	0.057
112	25	0
112	26	0
112	27	0.023
112	28	0.021
112	29	0
112	30	0
112	31	0.038
112	32	0.098
112	33	0.214
112	34	0.121
113	0	0.368
113	1	0.607
113	2	0.511
113	3	0.208
113	4	0.292
113	5	0.227
113	6	0.368
113	7	0.333
113	8	0.368
113	9	0.385
113	10	0.154
113	11	0.44
113	12	0.344
113	13	0.518
113	14	0.5
113	15	0.447
113	16	0.414
113	17	0.237
113	18	0.235
113	19	0.167
113	20	0.111
113	21	0.222
113	22	0
113	23	0.294
113	24	0.243
113	25	0.125
113	26	0.2
113	27	0
113	28	0
113	29	0
113	30	0
113	31	0
113	32	0.04
113	33	0.1
113	34	0.125
114	0	0.154
114	1	0
114	2	0.125
114	3	0.36
114	4	0.16
114	5	0.385
114	6	0.226
114	7	0.364
114	8	0.409
114	9	0.467
114	10	0.353
114	11	0.629
114	12	0.547
114	13	0.569
114	14	0.571
114	15	0.538
114	16	0.579
114	17	0.243
114	18	0.197
114	19	0.125
114	20	0.102
114	21	0.148
114	22	0.206
114	23	0.265
114	24	0.308
114	25	0.083
114	26	0.062
114	27	0
114	28	0
114	29	0
114	30	0
114	31	0
114	32	0.059
114	33	0.125
114	34	0.122
115	0	0.543
115	1	0.67
115	2	0.568
115	3	0.333
115	4	0.353
115	5	0.5
115	6	0.4
115	7	0.571
115	8	0.6
115	9	0.375
115	10	0
115	11	0.615
115	12	0.5
115	13	0.565
115	14	0.625
115	15	0.667
115	16	0.562
115	17	0.444
115	18	0.429
115	19	0.4
115	20	0
115	21	0
115	22	0.25
115	23	0.204
115	24	0.088
115	25	0.042
115	26	0.032
115	27	0.086
115	28	0.024
115	29	0.038
115	30	0.05
115	31	0.043
115	32	0.118
115	33	0.077
115	34	0.149
116	0	0
116	1	0
116	2	0
116	3	0
116	4	0
116	5	0.167
116	6	0.1
116	7	0.12
116	8	0.1
116	9	0.214
116	10	0.267
116	11	0.25
116	12	0.303
116	13	0.359
116	14	0.314
116	15	0.282
116	16	0.593
116	17	0.317
116	18	0.324
116	19	0.222
116	20	0.091
116	21	0.25
116	22	0
116	23	0.2
116	24	0
116	25	0
116	26	0.2
116	27	0
116	28	0
116	29	0
116	30	0
116	31	0
116	32	0.25
116	33	0
116	34	0.061
117	0	0.316
117	1	0
117	16	0
117	17	0
117	18	0.038
117	19	0
117	20	0.042
117	21	0.115
117	22	0.152
117	23	0.127
117	24	0.25
117	25	0.2
117	26	0.2
117	27	0.216
117	28	0.163
117	29	0
117	30	0.103
117	31	0.053
117	32	0.143
117	33	0.05
117	34	0.232
118	0	0.575
118	1	0.639
118	2	0.432
118	3	0.316
118	4	0.278
118	5	0.188
118	6	0.207
118	7	0.214
118	8	0.348
118	9	0.471
118	10	0.5
118	11	0.576
118	12	0.595
118	13	0.489
118	14	0.476
118	15	0.421
118	16	0.448
118	17	0.292
118	18	0.318
118	19	0.2
118	20	0.25
118	21	0.375
118	22	0.235
118	23	0.4
118	24	0.146
118	25	0.273
118	26	0.154
118	27	0
118	28	0
118	29	0
118	30	0
118	31	0
118	32	0.077
118	33	0
118	34	0.1
119	0	0.154
119	1	0.308
119	2	0.105
119	3	0.056
119	4	0.045
119	5	0
119	6	0.115
119	7	0.091
119	8	0.222
119	9	0.176
119	10	0.125
119	11	0.333
119	12	0.37
119	13	0.558
119	14	0.548
119	15	0.424
119	16	0.484
119	17	0.231
119	18	0.152
119	19	0.133
119	20	0.158
119	21	0.273
119	22	0.143
119	23	0.172
119	24	0.077
119	25	0.176
119	26	0.133
119	27	0
119	28	0
119	29	0
119	30	0
119	31	0
119	32	0.111
119	33	0.167
119	34	0.102
120	0	0.41
120	1	0.623
120	2	0.294
120	3	0.167
120	4	0.182
120	5	0.273
120	6	0.143
120	7	0.125
120	8	0.25
120	9	0.273
120	10	0
120	11	0.389
120	12	0.476
120	13	0.367
120	14	0.556
120	15	0.409
120	16	0.235
120	17	0.087
120	18	0
120	19	0
120	20	0.04
120	21	0.077
120	22	0.048
120	23	0.125
120	24	0.143
120	25	0
120	26	0.105
120	27	0
120	28	0
120	29	0
120	30	0
120	31	0
120	32	0.045
120	33	0.111
120	34	0.1
121	0	0.107
121	1	0.531
121	2	0.486
121	3	0.238
121	4	0.316
121	5	0.357
121	6	0.143
121	7	0.421
121	8	0.222
121	9	0.267
121	10	0.75
121	11	0.471
121	12	0.5
121	13	0.483
121	14	0.543
121	15	0.472
121	16	0.4
121	17	0.286
121	18	0
121	19	0
121	20	0
121	21	0
121	22	0
121	23	0.167
121	24	0.111
121	25	0
121	26	0
121	27	0
121	28	0
121	29	0
121	30	0
121	31	0
121	32	0
121	33	0.5
121	34	0.091
122	0	0.109
122	1	0.519
122	2	0.105
122	3	0.143
122	4	0
122	5	0.333
122	6	0.077
122	7	0.135
122	8	0
122	9	0
122	10	0
122	11	0
122	12	0.222
122	13	0.118
122	14	0
122	15	0.1
122	16	0
122	17	0.368
122	18	0.436
122	19	0.312
122	20	0.345
122	21	0.438
122	22	0.381
122	23	0.49
122	24	0.367
122	25	0.45
122	26	0.375
122	27	0.348
122	28	0.36
122	29	0.118
122	30	0.333
122	31	0.333
122	32	0.348
122	33	0.4
122	34	0.125
123	0	0.667
123	1	0.837
123	2	0.471
123	3	0.333
123	4	0.176
123	5	0
123	6	0.154
123	7	0.071
123	8	0.067
123	9	0.071
123	10	0.125
123	11	0.143
123	12	0.212
123	13	0.182
123	14	0.207
123	15	0.121
123	16	0.115
123	17	0.188
123	18	0.08
123	19	0.125
123	20	0.042
123	21	0.091
123	22	0.095
123	23	0.135
123	24	0.167
123	25	0.154
123	26	0.214
123	27	0.5
123	28	0.25
123	29	0.667
123	30	0.333
123	31	0.2
123	32	0.429
124	0	0.077
124	1	0.182
124	2	0.652
124	3	0.333
124	4	0.238
124	5	0.25
124	6	0.444
124	7	0.25
124	8	0.211
124	9	0.2
124	10	0.231
124	11	0.345
124	12	0.537
124	13	0.52
124	14	0.483
124	15	0.469
124	16	0.48
124	17	0.387
124	18	0.091
124	19	0
124	20	0
124	21	0
124	22	0
124	23	0
124	24	0.167
124	25	0
124	26	0.1
124	27	0
124	28	0
124	29	0
124	30	0
124	31	0
124	32	0
124	33	0
124	34	0.179
125	0	0.296
125	1	0.457
125	2	0.074
125	3	0.087
125	4	0.095
125	5	0
125	6	0.222
125	7	0.333
125	8	0.273
125	9	0.222
125	10	0.3
125	11	0.6
125	12	0.6
125	13	0.545
125	14	0
125	15	0.25
125	16	0.2
125	17	0
125	18	0.36
125	19	0.3
125	20	0.348
125	21	0.385
125	22	0.368
125	23	0.423
125	24	0.4
125	25	0.188
125	26	0.45
125	27	0.143
125	28	0.273
125	29	0.235
125	30	0.111
125	31	0.214
125	32	0.227
125	33	0
125	34	0.054
126	0	0
126	1	0.75
126	2	0.333
126	3	0.091
126	4	0.25
126	5	0.3
126	6	0.2
126	7	0.182
126	8	0.273
126	9	0
126	10	0.429
126	11	0.361
126	12	0.3
126	13	0.305
126	14	0.417
126	15	0.324
126	16	0.312
126	17	0.152
126	18	0.263
126	19	0.167
126	20	0.133
126	21	0.133
126	22	0.24
126	23	0.349
126	24	0.2
126	25	0.083
126	26	0
126	27	0
126	28	0
126	29	0
126	30	0
126	31	0
126	32	0.077
126	33	0
126	34	0.167
127	0	0.273
127	1	0.558
127	2	0.5
127	3	0.235
127	4	0.167
127	5	0.2
127	6	0.333
127	7	0.125
127	8	0
127	9	0.214
127	10	0.111
127	11	0.167
127	12	0.296
127	13	0.463
127	14	0.346
127	15	0.222
127	16	0.2
127	17	0.167
127	18	0.077
127	19	0
127	20	0
127	21	0
127	22	0
127	23	0
127	24	0.273
127	25	0.25
127	26	0.182
127	27	0.095
127	28	0.111
127	29	0.111
127	30	0
127	31	0.222
127	32	0.227
127	33	0.333
127	34	0.23
128	0	0
128	1	0.214
128	2	0.385
128	3	0
128	4	0.077
128	5	0.4
128	6	0.182
128	7	0.167
128	8	0
128	9	0.167
128	10	0
128	11	0.2
128	12	0.15
128	13	0.231
128	14	0.455
128	15	0.435
128	16	0.5
128	17	0.267
128	18	0.25
128	19	0.114
128	20	0.294
128	21	0.308
128	22	0.286
128	23	0.286
128	24	0.1
128	25	0.188
128	26	0.188
128	27	0
128	28	0
128	29	0
128	30	0
128	31	0
128	32	0.133
128	33	0
128	34	0
129	0	0.43
129	1	0.511
129	2	0.357
129	3	0.211
129	4	0.25
129	5	0.375
129	6	0.222
129	7	0.214
129	8	0.077
129	9	0.333
129	10	0
129	11	0.318
129	12	0.478
129	13	0.333
129	14	0.353
129	15	0.5
129	16	0.417
129	17	0.188
129	18	0.05
129	19	0.143
129	20	0.133
129	21	0.286
129	22	0.125
129	23	0.182
129	24	0.2
129	25	0.091
129	26	0.222
129	27	0
129	28	0.1
129	29	0.1
129	30	0.111
129	31	0
129	32	0.1
129	33	0.5
129	34	0.705
130	1	0.688
130	2	0.633
130	3	0.368
130	4	0.579
130	5	0.308
130	6	0.48
130	7	0.438
130	8	0.5
130	9	0.125
130	10	0.571
130	11	0.321
130	12	0.5
130	13	0.692
130	14	0.364
130	15	0.565
130	16	0.333
130	17	0.263
130	18	0.083
130	19	0
130	20	0.059
130	21	0.143
130	22	0.083
130	23	0.045
130	24	0
130	25	0
130	26	0.083
130	27	0
130	28	0
130	29	0
130	30	0
130	31	0
130	32	0.143
130	33	0.286
130	34	0.308
131	0	0.8
131	1	1
131	2	1
131	3	1
131	4	1
131	6	1
131	7	1
131	8	1
131	10	1
131	11	1
131	12	1
131	13	0.568
131	14	0.469
131	15	0.513
131	16	0.548
131	17	0.211
131	18	0.3
131	19	0.154
131	20	0.138
131	21	0.385
131	22	0.227
131	23	0.37
131	24	0
131	25	0
131	26	0
131	27	0
131	28	0
131	29	0
131	30	0
131	32	0.5
131	33	0.5
131	34	0.112
132	0	0.154
132	1	0.375
132	2	0.286
132	3	0.125
132	4	0.5
132	5	0.167
132	6	0.125
132	7	0
132	8	0
132	9	0.667
132	10	0.167
132	11	0.333
132	12	0.25
132	13	0.333
132	14	0.25
132	15	0.182
132	16	0.222
132	17	0
132	18	0
132	19	0
132	20	0
132	21	0
132	22	0
132	23	0.409
132	24	0.323
132	25	0.211
132	26	0.321
132	27	0.3
132	28	0.107
132	29	0.133
132	30	0.056
132	31	0.2
132	32	0.324
132	33	0.615
132	34	0.549
133	0	0.233
133	1	0.375
133	2	0.222
133	3	0
133	4	0
133	5	0
133	6	0
133	7	0
133	8	0
133	9	0
133	10	0
133	11	0
133	12	0
133	13	0
133	14	0
133	15	0
133	16	0
133	17	0
133	18	0
133	19	0
133	20	0
133	21	0
133	22	0
133	23	0
133	24	0
133	25	0
133	26	0
133	27	0
133	28	0
133	29	0
133	30	0
133	31	0
133	32	0
133	33	0
133	34	0.658
134	3	0.667
134	4	0.286
134	5	0.333
134	6	0.7
134	7	0.8
134	8	0.4
134	9	0.375
134	10	0.333
134	11	0.219
134	12	0.405
134	13	0.388
134	14	0.316
134	15	0.342
134	16	0.19
134	17	0.143
134	18	0.161
134	19	0
134	20	0
134	21	0
134	22	0.05
134	23	0.289
134	24	0.136
134	25	0.214
134	26	0.12
134	27	0.2
134	28	0.138
134	29	0
134	30	0
135	0	0.4
135	1	0.491
135	2	0
135	3	0
135	4	0.333
135	5	0
135	6	1
135	7	0
135	8	0.5
135	9	0.5
135	10	0
135	11	1
135	12	1
135	13	1
135	14	1
135	15	1
135	16	1
135	19	1
135	20	1
135	21	1
135	22	1
135	23	1
135	24	1
135	25	1
135	26	1
135	28	0
135	29	0.4
135	30	0.3
135	31	0.059
135	32	0.227
135	33	0.333
135	34	0.326
136	1	1
136	2	0.393
136	3	0.261
136	4	0.118
136	5	0.2
136	6	0.1
136	7	0.333
136	8	0.286
136	9	0.214
136	10	0.364
136	11	0.565
136	12	0.417
136	13	0.485
136	14	0.455
136	15	0.414
136	16	0.423
136	17	0.12
136	18	0.095
136	19	0
136	20	0
136	21	0
136	22	0
136	23	0
136	24	0
136	25	0
136	26	0
136	27	0
136	28	0
136	29	0
136	30	0
136	31	0
136	32	0
136	33	0
136	34	0.067
137	0	0.074
137	1	0.4
137	2	0
137	3	0.333
137	4	0.5
137	5	0
137	6	0.25
137	7	0.333
137	8	0.2
137	9	0
137	10	0.333
137	11	0.333
137	12	0.75
137	13	0.455
137	14	0.667
137	15	0.429
137	16	0.5
137	17	0.143
137	18	0.286
137	19	0.167
137	20	0.05
137	21	0.1
137	22	0.125
137	23	0.167
137	24	0.154
137	25	0.267
137	26	0.235
137	27	0
137	28	0
137	29	0
137	30	0
137	31	0
137	32	0.056
137	33	0.333
137	34	0.202
138	0	0.382
138	1	0.442
138	2	0.32
138	3	0.083
138	4	0.05
138	5	0.083
138	6	0.143
138	7	0.188
138	8	0.25
138	9	0.278
138	10	0.231
138	11	0.333
138	12	0.333
138	13	0.125
138	14	0.167
138	15	0.067
138	16	0.167
138	17	0
138	18	0
138	19	0
138	20	0
138	21	0
138	22	0.111
138	23	0
138	24	0
138	25	0.5
138	26	0
138	27	0
138	28	0
138	29	0
138	30	0
138	32	0
138	33	0.5
138	34	0.167
139	0	0.129
139	1	0.053
139	2	0.143
139	3	0.067
139	4	0.118
139	5	0.143
139	6	0
139	7	0.143
139	8	0
139	9	0
139	10	0
139	11	0
139	12	0.25
139	13	0.468
139	14	0.423
139	15	0.4
139	16	0.333
139	17	0.172
139	18	0.115
139	19	0.294
139	20	0.045
139	21	0
139	22	0.1
139	23	0.1
139	24	0.133
139	25	0.067
139	26	0.167
139	27	0
139	28	0
139	29	0.077
139	30	0
139	31	0
139	32	0
139	34	0
140	0	0.184
140	1	0.297
140	2	0.154
140	3	0.125
140	4	0.111
140	5	0
140	6	0.083
140	7	0.375
140	8	0
140	9	0.111
140	10	0.167
140	11	0.2
140	12	0.261
140	13	0.343
140	14	0
140	15	0
140	16	0.111
140	17	0
140	18	0
140	19	0
140	20	0
140	21	0
140	22	0
140	24	0
140	30	0.125
140	31	0
140	32	0.083
140	33	0.217
140	34	0.228
141	0	0.5
141	13	0.2
141	14	0.5
141	15	0.333
141	16	0.333
141	17	0.333
141	18	0.188
141	19	0.5
141	20	0
141	21	0.75
141	22	0.182
141	23	0.214
141	24	0.2
141	25	0
141	26	0.333
141	27	0
141	28	0
141	29	0
141	30	0
141	31	0
141	32	0
141	33	0.231
141	34	0.154
142	0	0.318
142	1	0.412
142	2	0.4
142	3	0.2
142	4	0.308
142	5	0.333
142	6	0.375
142	7	0.222
142	8	0.375
142	9	0.364
142	10	0.429
142	11	0.389
142	12	0.421
143	12	0.75
143	13	0.516
143	14	0.579
143	15	0.562
143	16	0.5
143	17	0.091
