"time"	"distance"	"value"
36	0	0.229
36	1	0.233
36	2	0.053
36	3	0.143
36	4	0.062
36	5	0.167
36	6	0.105
36	7	0
36	8	0
36	9	0.111
36	10	0.154
36	11	0.143
36	12	0.333
36	13	0.306
36	14	0.185
36	15	0.16
36	16	0.087
36	17	0
36	18	0
36	19	0
36	20	0
36	21	0
36	22	0
36	23	0
36	24	0
36	25	0
36	26	0.083
36	27	0.059
36	28	0
36	29	0
36	30	0
36	31	0
36	32	0
36	33	0
36	34	0
36	35	0
36	36	0
36	37	0
36	38	0.029
36	39	0.2
36	40	0.167
36	41	0.111
36	42	0.315
37	0	0.421
37	1	0.474
37	2	0.4
37	3	0.286
37	4	0.143
37	5	0.5
37	6	0.333
37	7	0.333
37	8	0.125
37	9	0.25
37	10	0
37	11	0.273
37	12	0.467
37	13	0.4
37	14	0.333
37	15	0.455
37	16	0.385
37	17	0.375
37	18	0.429
37	19	0.167
37	20	0
37	21	0.4
37	22	0.167
37	23	0.2
37	24	0.083
37	25	0
37	26	0
37	27	0
37	28	0
37	29	0
37	30	0
37	31	0
37	32	0
37	33	0.25
37	34	0
37	35	0
37	36	0
37	37	0.091
37	38	0.333
37	39	0.286
37	40	0.2
37	41	0
37	42	0.091
38	0	0.3
38	1	0.312
38	2	0.2
38	3	0.25
38	4	0.333
38	5	0.2
38	6	0.231
38	7	0.2
38	8	0.25
38	9	0.2
38	10	0.2
38	11	0.214
38	12	0.312
38	13	0.286
38	14	0.4
38	15	0.357
38	16	0.176
38	17	0
38	18	0
38	19	0
38	20	0
38	21	0
38	22	0
38	23	0
38	24	0
38	25	0
38	26	0
38	27	0.2
38	28	0
38	29	0
38	30	0
38	31	0
38	32	0
38	33	0
38	34	0
38	35	0
38	36	0
38	37	0
38	38	0.115
38	39	0.667
38	40	0
38	41	0.4
38	42	0.118
39	0	0.227
39	1	0.2
39	2	0.1
39	3	0.083
39	4	0.143
39	5	0.143
39	6	0
39	7	0.143
39	8	0.333
39	9	0.111
39	10	0.333
39	11	0.083
39	12	0.294
39	13	0.531
39	14	0.333
39	15	0.333
39	16	0
39	17	0
39	18	0
39	19	0
39	20	0
39	21	0
39	22	0
39	23	0
39	24	0
39	25	0
39	26	0
39	27	0
39	28	0
39	29	0
39	30	0
39	31	0
39	32	0
39	33	0.25
39	34	0
39	35	0
39	36	0
39	37	0.1
39	38	0.222
39	39	0.111
39	40	0
39	41	0
39	42	1
40	0	0.378
40	1	0.455
40	2	0.421
40	3	0.278
40	4	0.308
40	5	0.3
40	6	0.238
40	7	0.417
40	8	0.357
40	9	0.444
40	10	0.5
40	11	0.524
40	12	0.559
40	13	0.727
40	14	0.593
40	15	0.577
40	16	0.35
40	17	0.333
40	18	0.211
40	19	0.2
40	20	0.188
40	21	0.182
40	22	0.091
40	23	0.167
40	24	0
40	25	0
40	26	0
40	27	0.1
40	28	0
40	29	0
40	30	0
40	31	0
40	32	0
40	33	0
40	34	0
40	35	0
40	36	0
40	37	0
40	38	0.054
40	39	0
40	40	0
40	41	0
40	42	0.25
41	0	0.4
41	1	0.382
41	2	0.267
41	3	0.308
41	4	0.111
41	5	0.1
41	6	0.2
41	7	0.111
41	8	0.167
41	9	0.167
41	10	0.286
41	11	0.263
41	12	0.476
41	13	0.357
41	14	0.4
41	15	0.4
41	16	0.222
41	17	0.125
41	18	0.083
41	19	0
41	20	0.125
41	21	0
41	22	0.111
41	23	0.143
41	24	0
41	25	0
41	26	0
41	27	0
41	28	0
41	29	0
41	30	0
41	31	0
41	32	0
41	33	0
41	34	0
41	35	0
41	36	0
41	37	0
41	38	0.12
41	39	0.143
41	40	0
41	41	0
41	42	0
42	0	0.35
42	1	0.667
42	2	0.455
42	3	0.286
42	4	0.3
42	5	0.4
42	6	0.318
42	7	0.455
42	8	0.143
42	9	0.308
42	10	0.455
42	11	0.417
42	12	0.531
42	13	0.585
42	14	0.586
42	15	0.4
42	16	0.455
42	17	0.182
42	18	0.05
42	19	0
42	20	0.267
42	21	0.118
42	22	0.154
42	23	0.2
42	24	0
42	25	0
42	26	0.143
42	27	0.071
42	28	0
42	29	0
42	30	0
42	31	0
42	32	0
42	33	0
42	34	0
42	35	0
42	36	0
42	37	0
42	38	0.096
42	39	0.235
42	40	0.17
42	41	0.111
42	42	0.667
43	0	0.308
43	1	0.29
43	2	0.176
43	3	0.188
43	4	0
43	5	0.125
43	6	0.2
43	7	0.182
43	8	0.071
43	9	0.167
43	10	0.2
43	11	0.125
43	12	0.406
43	13	0.379
43	14	0.36
43	15	0.429
43	16	0.417
43	17	0.182
43	18	0.176
43	19	0.2
43	20	0.143
43	21	0
43	22	0.364
43	23	0.091
43	24	0.042
43	25	0
43	26	0.071
43	27	0.083
43	28	0
43	29	0
43	30	0
43	31	0
43	32	0
43	33	0
43	34	0
43	35	0
43	36	0
43	37	0.053
43	38	0.188
43	39	0.25
43	40	0.25
43	41	0.429
43	42	0.658
44	0	0.292
44	1	0.364
44	2	0.222
44	3	0.3
44	4	0.167
44	5	0.143
44	6	0.4
44	7	0.4
44	8	0.4
44	9	0.5
44	10	0.2
44	11	0.417
44	12	0.471
44	13	0.522
44	14	0.5
44	15	0.5
44	16	0.235
44	17	0
44	18	0
44	19	0
44	20	0
44	21	0
44	22	0
44	23	0
44	24	0
44	25	0
44	26	0.286
44	27	0.1
44	28	0
44	29	0
44	30	0
44	31	0
44	32	0
44	33	0
44	34	0
44	35	0
44	36	0
44	37	0
44	38	0.059
44	39	0
44	40	0
44	41	0
44	42	0.333
45	0	0.425
45	1	0.614
45	2	0.7
45	3	0.529
45	4	0.375
45	5	0.333
45	6	0.52
45	7	0.3
45	8	0.786
45	9	0.571
45	10	0.545
45	11	0.68
45	12	0.556
45	13	0.625
45	14	0.594
45	15	0.5
45	16	0.586
45	17	0.333
45	18	0.333
45	19	0.2
45	20	0.286
45	21	0
45	22	0.154
45	23	0.071
45	24	0.129
45	26	0.071
45	27	0.2
45	28	0.167
45	29	0.056
45	30	0.091
45	31	0.067
45	32	0.071
45	33	0.2
45	34	0.125
45	35	0.091
45	36	0.083
45	37	0.1
45	38	0.205
45	39	0.083
45	40	0.091
45	41	0
45	42	0.1
46	0	0.439
46	1	0.509
46	2	0.436
46	3	0.379
46	4	0.421
46	5	0.389
46	6	0.333
46	7	0.25
46	8	0.5
46	9	0.435
46	10	0.538
46	11	0.417
46	12	0.679
46	13	0.565
46	14	0.511
46	15	0.553
46	16	0.514
46	17	0.136
46	18	0.032
46	19	0.25
46	20	0.115
46	21	0
46	22	0.136
46	23	0.045
46	24	0.026
46	25	0
46	26	0.111
46	27	0.083
46	28	0
46	29	0
46	30	0
46	31	0
46	32	0
46	33	0
46	34	0
46	35	0
46	36	0
46	37	0
46	38	0.039
46	39	0.111
46	40	0.056
46	41	0
46	42	0.271
47	0	0.5
47	1	0.571
47	2	0.4
47	3	0.375
47	4	0.333
47	5	0
47	6	0.286
47	7	0.25
47	8	0.333
47	9	0.125
47	10	0.5
47	11	0.429
47	12	0.357
47	13	0.357
47	14	0.214
47	15	0.2
47	16	0.265
47	17	0.2
47	18	0
47	19	0
47	20	0.2
47	21	0
47	22	0.167
47	23	0.2
47	24	0
47	26	0
47	27	0
47	28	0
47	29	0
47	30	0
47	31	0
47	32	0
47	33	0
47	34	0
47	35	0
47	36	0
47	37	0
47	38	0
47	39	0.4
47	41	0.333
47	42	0
48	0	0.347
48	1	0.432
48	2	0.273
48	3	0.235
48	4	0.286
48	5	0
48	6	0.318
48	7	0.3
48	8	0.25
48	9	0.25
48	10	0.1
48	11	0.4
48	12	0.5
48	13	0.378
48	14	0.448
48	15	0.3
48	16	0.385
48	17	0.091
48	18	0.091
48	19	0
48	20	0
48	21	0.167
48	22	0.125
48	23	0
48	24	0.097
48	25	0
48	26	0
48	27	0.059
48	28	0
48	29	0
48	30	0
48	31	0
48	32	0
48	33	0
48	34	0
48	35	0
48	36	0
48	37	0
48	38	0
48	39	0.1
48	40	0.156
48	41	0
49	0	0.361
49	1	0.471
49	2	0.333
49	3	0.4
49	4	0.4
49	5	0.333
49	6	0.312
49	7	0.4
49	8	0.2
49	9	0.231
49	10	0.143
49	11	0.318
49	12	0.581
49	13	0.6
49	14	0.346
49	15	0.391
49	16	0.536
49	17	0.2
49	18	0.333
49	19	0.5
49	20	0.2
49	21	0.111
49	22	0.429
49	23	0.25
49	24	0.08
49	25	0
49	26	0
49	27	0.143
49	28	0
49	29	0
49	30	0
49	31	0
49	32	0
49	33	0
49	34	0
49	35	0
49	36	0
49	37	0.059
49	38	0.086
49	39	0.214
49	40	0.333
49	41	0
49	42	0
50	0	0.256
50	1	0.238
50	2	0.2
50	3	0.167
50	4	0.2
50	5	0.111
50	6	0.261
50	7	0.25
50	8	0.188
50	9	0.083
50	10	0.2
50	11	0.192
50	12	0.333
50	13	0.378
50	14	0.241
50	15	0.267
50	16	0.333
50	17	0.077
50	18	0.263
50	19	0
50	20	0.15
50	21	0.071
50	22	0.235
50	23	0.182
50	24	0.03
50	25	0
50	26	0
50	27	0.143
50	28	0
50	29	0
50	30	0
50	31	0
50	32	0
50	33	0
50	34	0
50	35	0
50	36	0
50	37	0.083
50	38	0.359
50	39	0.235
50	40	0.2
50	41	0
50	42	0.076
51	0	0.154
51	1	0.091
51	2	0.143
51	3	0.222
51	4	0.125
51	5	0.2
51	6	0.125
51	7	0.333
51	8	0.143
51	9	0
51	10	0
51	11	0.333
51	12	0.5
51	13	0.417
51	14	0.556
51	15	0.556
51	16	0.25
51	17	0.333
51	18	0
51	19	0.333
51	20	0.143
51	21	0.333
51	22	0
51	23	0.167
51	24	0
51	25	0
51	26	0
51	27	0.333
51	28	0
51	29	0
51	30	0
51	31	0
51	32	0
51	33	0
51	34	0
51	35	0
51	36	0
51	37	0
51	38	0.077
51	39	0.167
51	40	0
51	41	0
51	42	0.018
52	0	0.462
52	1	0.545
52	2	0.2
52	3	0.278
52	4	0.333
52	5	0.091
52	6	0.318
52	7	0.25
52	8	0.125
52	9	0.231
52	10	0.375
52	11	0.5
52	12	0.531
52	13	0.468
52	14	0.412
52	15	0.517
52	16	0.364
52	17	0.15
52	18	0.1
52	19	0.125
52	20	0.278
52	21	0.188
52	22	0.182
52	23	0.25
52	24	0.04
52	25	0
52	26	0.062
52	27	0.05
52	28	0
52	29	0
52	30	0
52	31	0
52	32	0
52	33	0
52	34	0
52	35	0
52	36	0
52	37	0
52	38	0.089
52	39	0.059
52	40	0
52	41	0.25
52	42	0.423
53	0	0.294
53	1	0.375
53	2	0.217
53	3	0.364
53	4	0.321
53	5	0.067
53	6	0.32
53	7	0.375
53	8	0.222
53	9	0.333
53	10	0.222
53	11	0.333
53	12	0.452
53	13	0.357
53	14	0.257
53	15	0.5
53	16	0.308
53	17	0.261
53	18	0.043
53	19	0.2
53	20	0.077
53	21	0.25
53	22	0.105
53	23	0.111
53	24	0.054
53	25	0
53	26	0.037
53	27	0.091
53	28	0
53	29	0
53	30	0
53	31	0
53	32	0.053
53	33	0
53	34	0
53	35	0.042
53	36	0
53	37	0.057
53	38	0.089
53	39	0
53	40	0
53	41	0
53	42	0.136
54	0	0.667
54	1	0.5
54	2	0.75
54	3	0.667
54	4	0.667
54	5	0.5
54	6	1
54	7	0
54	8	0.75
54	9	1
54	10	0.667
54	11	0.667
54	12	0.667
54	13	0.75
54	14	0.667
54	15	0.857
54	16	0.812
54	17	0
54	18	0.25
54	19	0
54	20	0.25
54	21	0
54	22	0
54	23	0
54	24	0
54	25	0
54	26	0
54	27	0.2
54	28	0
54	29	0
54	30	0
54	31	0
54	32	0
54	33	0
54	34	0
54	35	0
54	37	0
54	38	0
54	39	0.167
54	40	0
54	42	0
55	0	0.389
55	1	0.378
55	2	0.211
55	3	0.267
55	4	0.059
55	5	0.091
55	6	0.25
55	7	0.333
55	8	0.417
55	9	0.214
55	10	0.25
55	11	0.444
55	12	0.52
55	13	0.417
55	14	0.36
55	15	0.515
55	16	0.564
55	17	0.211
55	18	0.05
55	19	0.2
55	20	0.133
55	21	0.143
55	22	0.182
55	23	0.091
55	24	0.043
55	25	0
55	26	0.056
55	27	0
55	28	0
55	29	0
55	30	0
55	31	0.071
55	32	0
55	33	0
55	34	0.091
55	35	0
55	36	0.1
55	37	0.1
55	38	0.143
55	39	0.235
55	40	0
55	41	0
55	42	0.176
56	0	0.2
56	1	0.304
56	2	0.273
56	3	0.222
56	4	0.5
56	5	0
56	6	0.091
56	7	0.222
56	8	0.167
56	9	0
56	10	0
56	11	0.2
56	12	0.286
56	13	0.368
56	14	0.267
56	15	0.385
56	16	0.35
56	17	0.3
56	18	0.133
56	19	0
56	20	0
56	21	0
56	22	0.1
56	23	0.125
56	24	0.143
56	25	0
56	26	0
56	27	0
56	28	0
56	29	0
56	30	0
56	31	0
56	32	0
56	33	0
56	34	0
56	35	0
56	36	0
56	37	0
56	38	0
56	39	0.125
56	40	0.5
56	41	0
56	42	0.188
57	0	0.667
57	1	0.63
57	2	0.5
57	3	0.231
57	4	0.077
57	5	0.222
57	6	0.286
57	7	0.5
57	8	0.5
57	9	0.625
57	10	0
57	11	0.636
57	12	0.632
57	13	0.615
57	14	0.52
57	15	0.6
57	16	0.579
57	17	0.308
57	18	0.125
57	19	0
57	20	0.091
57	21	0
57	22	0.133
57	23	0.286
57	24	0.091
57	25	0
57	26	0
57	27	0
57	28	0
57	29	0
57	30	0
57	31	0
57	32	0
57	33	0
57	34	0
57	35	0
57	36	0
57	37	0
57	38	0.034
57	39	0.1
57	40	0.25
57	41	0
57	42	0.043
58	0	0.588
58	1	0.737
58	2	0.667
58	3	0.375
58	4	0.333
58	5	0.4
58	6	0.375
58	7	0.429
58	8	0.333
58	9	0.625
58	10	0.5
58	11	0.455
58	12	0.562
58	13	0.75
58	14	0.733
58	15	0.75
58	16	0.688
58	17	0.4
58	18	0.5
58	19	0.25
58	20	0.556
58	21	0.4
58	22	0.364
58	23	0.222
58	24	0.095
58	25	0
58	26	0
58	27	0
58	28	0
58	29	0
58	30	0
58	31	0
58	32	0
58	33	0
58	34	0
58	35	0
58	36	0
58	37	0
58	38	0.158
58	39	0.444
58	40	0.75
58	41	0.5
58	42	0.361
59	0	0.395
59	1	0.606
59	2	0.474
59	3	0.214
59	4	0.188
59	5	0.4
59	6	0.389
59	7	0.222
59	8	0.368
59	9	0.333
59	10	0.4
59	11	0.571
59	12	0.586
59	13	0.605
59	14	0.619
59	15	0.531
59	16	0.615
59	17	0.438
59	18	0.19
59	19	0
59	20	0.2
59	21	0.111
59	22	0.118
59	23	0
59	24	0.077
59	25	0
59	26	0.091
59	27	0.043
59	28	0
59	29	0
59	30	0
59	31	0
59	32	0
59	33	0
59	34	0
59	35	0
59	36	0
59	37	0
59	38	0.147
59	39	0.308
59	40	0.167
59	41	0.143
59	42	0.362
60	0	0.36
60	1	0.455
60	2	0.273
60	3	0.3
60	4	0.417
60	5	0
60	6	0.4
60	7	0.286
60	8	0.3
60	9	0.5
60	10	0.333
60	11	0.429
60	12	0.412
60	13	0.417
60	14	0.353
60	15	0.5
60	16	0.421
60	17	0.444
60	18	0.238
60	19	0
60	20	0.2
60	21	0.091
60	22	0.3
60	23	0.111
60	24	0.105
60	25	0.25
60	26	0
60	27	0.2
60	28	0
60	29	0
60	30	0.125
60	31	0.111
60	32	0
60	33	0.091
60	34	0.1
60	35	0.111
60	36	0.125
60	37	0.083
60	38	0.292
60	39	0.5
60	40	0.25
60	41	0.167
60	42	0.24
61	0	0.52
61	1	0.444
61	2	0.182
61	3	0.091
61	4	0.091
61	5	0
61	6	0.077
61	7	0.25
61	8	0.222
61	9	0.286
61	10	0.375
61	11	0.357
61	12	0.444
61	13	0.619
61	14	0.467
61	15	0.55
61	16	0.583
61	17	0.462
61	18	0.15
61	19	0
61	20	0.222
61	21	0
61	22	0
61	23	0
61	24	0.083
61	25	0
61	26	0.125
61	27	0
61	28	0
61	29	0.091
61	30	0
61	31	0.111
61	32	0
61	33	0.111
61	34	0.2
61	35	0
61	36	0.143
61	37	0.25
61	38	0.227
61	39	0.125
61	40	0.667
61	41	0.25
61	42	0.6
62	0	0.1
62	1	0.107
62	2	0.222
62	3	0.182
62	4	0.238
62	5	0.222
62	6	0.231
62	7	0.222
62	8	0.5
62	9	0.333
62	10	0.429
62	11	0.5
62	12	0.28
62	13	0.387
62	14	0.421
62	15	0.333
62	16	0.375
62	17	0.5
62	18	0.304
62	19	0.5
62	20	0.083
62	21	0.417
62	22	0.25
62	23	0.2
62	24	0.16
62	25	0
62	26	0.071
62	27	0.071
62	28	0.077
62	29	0
62	30	0.111
62	31	0.071
62	32	0.111
62	33	0.091
62	34	0.071
62	35	0.067
62	36	0
62	37	0.133
62	38	0.207
62	39	0.333
62	40	0.364
62	41	0
62	42	0.25
63	0	0.556
63	1	0.585
63	2	0.571
63	3	0.333
63	4	0.136
63	5	0
63	6	0.286
63	7	0.538
63	8	0.462
63	9	0.429
63	10	0.286
63	11	0.577
63	12	0.667
63	13	0.5
63	14	0.538
63	15	0.63
63	16	0.611
63	17	0.28
63	18	0.211
63	19	0
63	20	0.125
63	21	0.4
63	22	0.133
63	23	0.133
63	24	0.259
63	25	0
63	26	0.083
63	27	0.118
63	28	0
63	29	0
63	30	0.083
63	31	0.059
63	32	0.077
63	33	0.176
63	34	0.083
63	35	0.077
63	36	0.1
63	37	0.217
63	38	0.303
63	39	0.125
63	40	0
63	41	0
63	42	0.375
65	0	0.211
65	1	0.25
65	2	0
65	3	0.154
65	4	0
65	5	0
65	6	0.091
65	7	0
65	8	0.1
65	9	0.2
65	10	0.2
65	11	0.267
65	12	0.385
65	13	0.368
65	14	0.4
65	15	0.467
65	16	0.308
65	17	0.111
65	18	0.267
65	19	0.5
65	20	0.167
65	21	0.2
65	22	0.333
65	23	0.143
65	24	0
65	25	0
65	26	0
65	27	0.167
65	28	0
65	29	0
65	30	0
65	31	0
65	32	0
65	33	0
65	34	0
65	35	0
65	36	0
65	37	0
65	38	0
65	39	0
65	40	0
65	41	0.2
65	42	0.222
66	0	0.583
66	1	0.525
66	2	0.429
66	3	0.304
66	4	0.4
66	5	0.312
66	6	0.5
66	7	0.462
66	8	0.5
66	9	0.467
66	10	0.643
66	11	0.667
66	12	0.689
66	13	0.754
66	14	0.703
66	15	0.791
66	16	0.778
66	17	0.75
66	18	0.472
66	19	0.4
66	20	0.6
66	21	0.421
66	22	0.478
66	23	0.368
66	24	0.238
66	25	0.143
66	26	0.154
66	27	0.185
66	28	0.158
66	29	0.059
66	30	0
66	31	0
66	32	0.059
66	33	0.182
66	34	0.062
66	35	0
66	36	0
66	37	0.071
66	38	0.229
66	39	0.235
66	40	0.273
66	41	0
66	42	0
67	0	0.526
67	1	0.333
67	2	0.25
67	3	0.2
67	4	0.444
67	5	0.2
67	6	0.3
67	7	0.5
67	8	0.375
67	9	0.5
67	10	0.4
67	11	0.6
67	12	0.538
67	13	0.632
67	14	0.375
67	15	0.688
67	16	0.6
67	17	0.222
67	18	0.308
67	19	0
67	20	0.222
67	21	0.429
67	22	0.429
67	23	0.25
67	24	0
67	25	0
67	26	0.167
67	27	0.3
67	28	0
67	29	0
67	30	0
67	31	0
67	32	0
67	33	0
67	34	0
67	35	0
67	36	0
67	37	0
67	38	0.071
67	39	0
67	40	0
67	41	0
67	42	0
68	0	0.25
68	1	0.3
68	2	0.714
68	3	0.2
68	4	0.429
68	5	0.5
68	6	0.4
68	7	0.4
68	8	0.5
68	9	0.667
68	10	0.75
68	11	0.571
68	12	0.7
68	13	0.909
68	14	0.714
68	15	0.867
68	16	0.643
68	17	0.75
68	18	0.3
68	19	0
68	20	0.333
68	21	0.4
68	22	0
68	23	0.167
68	24	0.273
68	25	0
68	26	0.125
68	27	0.333
68	28	0.167
68	29	0
68	30	0
68	31	0
68	32	0
68	33	0
68	34	0
68	35	0
68	36	0
68	37	0
68	38	0.067
68	39	0
68	40	0
68	41	0
68	42	0.25
69	0	0.167
69	1	0.265
69	2	0
69	3	0
69	4	0
69	5	0.125
69	6	0.167
69	7	0.25
69	8	0.077
69	9	0
69	10	0.2
69	11	0.111
69	12	0.15
69	13	0.147
69	14	0.222
69	15	0.208
69	16	0.174
69	17	0
69	18	0
69	19	0
69	20	0.062
69	21	0.1
69	22	0.077
69	23	0.1
69	24	0.083
69	25	0
69	26	0.091
69	27	0.071
69	28	0.083
69	29	0
69	30	0
69	31	0
69	32	0
69	33	0
69	34	0
69	35	0
69	36	0
69	37	0
69	38	0
69	39	0.222
69	40	0
69	41	0
69	42	0.034
70	0	0.321
70	1	0.524
70	2	0.643
70	3	0.308
70	4	0.182
70	5	0.333
70	6	0.333
70	7	0.2
70	8	0.429
70	9	0.3
70	10	0
70	11	0.412
70	12	0.609
70	13	0.586
70	14	0.65
70	15	0.565
70	16	0.458
70	17	0.5
70	18	0.364
70	19	0
70	20	0.067
70	21	0
70	22	0.125
70	23	0.364
70	24	0.125
70	26	0.154
70	27	0.083
70	28	0
70	29	0.1
70	30	0
70	31	0
70	32	0.083
70	33	0.1
70	34	0
70	35	0
70	36	0
70	37	0.059
70	38	0.143
70	39	0.286
70	40	0
70	41	0
70	42	0.148
71	0	0.467
71	1	0.686
71	2	0.5
71	3	0.133
71	4	0.176
71	5	0.111
71	6	0.158
71	7	0.182
71	8	0.235
71	9	0.222
71	10	0.4
71	11	0.348
71	12	0.367
71	13	0.459
71	14	0.381
71	15	0.486
71	16	0.485
71	17	0.118
71	18	0.214
71	19	0
71	20	0
71	21	0
71	22	0.062
71	23	0.143
71	24	0.036
71	25	0
71	26	0
71	27	0.048
71	28	0.083
71	29	0
71	30	0
71	31	0.083
71	32	0
71	33	0.062
71	34	0
71	35	0
71	36	0.1
71	37	0.125
71	38	0.324
71	39	0.143
71	40	0
71	41	0
71	42	1
73	0	0.4
73	1	0.654
73	2	0.6
73	3	0.45
73	4	0.278
73	5	0.286
73	6	0.315
73	7	0.364
73	8	0.48
73	9	0.636
73	10	0.5
73	11	0.643
73	12	0.675
73	13	0.639
73	14	0.533
73	15	0.69
73	16	0.75
73	17	0.459
73	18	0.533
73	19	0.25
73	20	0.188
73	21	0.357
73	22	0.167
73	23	0.188
73	24	0.148
73	25	0
73	26	0.053
73	27	0.05
73	28	0.077
73	29	0.067
73	30	0.077
73	31	0.067
73	32	0.071
73	33	0.056
73	34	0.182
73	35	0.071
73	36	0.3
73	37	0.143
73	38	0.31
73	39	0.357
73	40	0.143
73	41	0
73	42	0.75
74	0	0.312
74	1	0.385
74	2	0.429
74	3	0.167
74	4	0.111
74	5	0
74	6	0.286
74	7	0.25
74	8	0.2
74	9	0
74	10	0
74	11	0.364
74	12	0.444
74	13	0.714
74	14	0.778
74	15	0.867
74	16	0.467
74	17	0.625
74	18	0.3
74	19	0.4
74	20	0.167
74	21	0.25
74	22	0.286
74	23	0.25
74	24	0.214
74	26	0.167
74	27	0.286
74	28	0
74	29	0.4
74	30	0
74	31	0.2
74	32	0.167
74	33	0.25
74	34	0.5
74	35	0.4
74	36	0.25
74	37	0.286
74	38	0.4
74	39	0.25
74	40	0.5
74	41	0
74	42	0.222
75	0	0.192
75	1	0.385
75	2	0.25
75	3	0.222
75	4	0.182
75	5	0.222
75	6	0.333
75	7	0.5
75	8	0.417
75	9	0.5
75	10	0.333
75	11	0.412
75	12	0.412
75	13	0.458
75	14	0.375
75	15	0.4
75	16	0.481
75	17	0.238
75	18	0.071
75	19	0.167
75	20	0.091
75	21	0
75	22	0
75	23	0
75	24	0
75	25	0
75	26	0
75	27	0
75	28	0
75	29	0
75	30	0
75	31	0
75	32	0
75	33	0
75	34	0
75	35	0
75	36	0
75	37	0
75	38	0
75	39	0
75	40	0
75	41	0
76	0	0.625
76	1	0.591
76	2	0.222
76	3	0.286
76	4	0.222
76	5	0.25
76	6	0.6
76	7	0.25
76	8	0.2
76	9	0.4
76	10	0.333
76	11	0.727
76	12	0.8
76	13	0.824
76	14	0.583
76	15	0.938
76	16	0.667
76	17	0.125
76	18	0.176
76	19	0.333
76	20	0.167
76	21	0.333
76	22	0.25
76	23	0.286
76	24	0
76	25	0
76	26	0
76	27	0.125
76	28	0
76	29	0
76	30	0
76	31	0
76	32	0
76	33	0
76	34	0
76	35	0
76	36	0
76	37	0
76	38	0
76	39	0
76	40	0
76	41	0
76	42	0.333
77	0	0.282
77	1	0.45
77	2	0.4
77	3	0.143
77	4	0.2
77	5	0.3
77	6	0.2
77	7	0.556
77	8	0.214
77	9	0.5
77	10	0.625
77	11	0.5
77	12	0.478
77	13	0.562
77	14	0.526
77	15	0.567
77	16	0.452
77	17	0.071
77	18	0.077
77	19	0
77	20	0
77	21	0.071
77	22	0
77	23	0.067
77	24	0.053
77	25	0
77	26	0.25
77	27	0.118
77	28	0
77	29	0
77	30	0
77	31	0
77	32	0
77	33	0
77	34	0
77	35	0
77	36	0
77	37	0
77	38	0
77	39	0.143
77	40	0.167
77	41	0
77	42	0.274
78	0	0.4
78	1	0.69
78	2	0.625
78	3	0.25
78	4	0.4
78	5	0.286
78	6	0.417
78	7	0.5
78	8	0.556
78	9	0.444
78	10	0.5
78	11	0.455
78	12	0.471
78	13	0.55
78	14	0.5
78	15	0.6
78	16	0.545
78	17	0.438
78	18	0.235
78	19	0
78	20	0.333
78	21	0.143
78	22	0.286
78	23	0.333
78	24	0.053
78	26	0.1
78	27	0.222
78	28	0
78	29	0
78	30	0
78	31	0
78	32	0
78	33	0
78	34	0
78	35	0
78	36	0
78	37	0
78	38	0.231
78	39	0.2
78	40	0.2
78	41	0
78	42	0.108
79	0	0.474
79	1	0.577
79	2	0.455
79	3	0.429
79	4	0.333
79	5	0
79	6	0.231
79	7	0.429
79	8	0.25
79	9	0.286
79	10	0.4
79	11	0.385
79	12	0.45
79	13	0.478
79	14	0.417
79	15	0.72
79	16	0.619
79	17	0.75
79	18	0.462
79	19	0.111
79	20	0.25
79	21	0.222
79	22	0.222
79	23	0.333
79	24	0.176
79	25	0
79	26	0.111
79	27	0
79	28	0
79	29	0
79	30	0
79	31	0
79	32	0
79	33	0
79	34	0
79	35	0
79	36	0
79	37	0
79	38	0
79	39	0
79	40	0
79	41	0
79	42	0.333
80	0	0.308
80	1	0.733
80	2	0.5
80	3	0.25
80	4	0.25
80	5	0.111
80	6	0.2
80	7	0
80	8	0.545
80	9	0.571
80	10	0.333
80	11	0.611
80	12	0.684
80	13	0.667
80	14	0.688
80	15	0.839
80	16	0.643
80	17	0.5
80	18	0.455
80	19	0
80	20	0.167
80	21	0.364
80	22	0.455
80	23	0.4
80	24	0.2
80	26	0
80	27	0
80	28	0
80	29	0
80	30	0
80	31	0
80	32	0
80	33	0
80	34	0
80	35	0
80	36	0
80	37	0
80	38	0
80	39	0
80	40	0
80	41	0
80	42	0.12
82	0	0.36
82	1	0.541
82	2	0.294
82	3	0.3
82	4	0.417
82	5	0.375
82	6	0.231
82	7	0.5
82	8	0.154
82	9	0.333
82	10	0.333
82	11	0.357
82	12	0.4
82	13	0.318
82	14	0.429
82	15	0.583
82	16	0.5
82	17	0.053
82	18	0.25
82	19	0
82	20	0
82	21	0
82	22	0
82	23	0
82	24	0.062
82	25	0
82	26	0.167
82	27	0.333
82	28	0
82	29	0
82	30	0
82	31	0
82	32	0
82	33	0
82	34	0
82	35	0
82	36	0
82	37	0
82	38	0.176
82	39	0.333
82	40	0
82	41	0.25
83	0	0.353
83	1	0.5
83	2	0.286
83	3	0.143
83	4	0
83	5	0
83	6	0
83	7	0.4
83	8	0.125
83	9	0.5
83	10	0.333
83	11	0.222
83	12	0.333
83	13	0.222
83	14	0.167
83	15	0.062
83	16	0.263
83	17	0.333
83	18	0.267
83	19	0
83	20	0
83	21	0
83	22	0
83	23	0.111
83	24	0
83	25	0
83	26	0
83	27	0
83	28	0
83	29	0
83	30	0
83	31	0
83	32	0
83	33	0
83	34	0
83	35	0
83	36	0
83	37	0
83	38	0.053
83	39	0
83	40	0
83	41	0.25
83	42	0.342
84	0	0.574
84	1	0.551
84	2	0.458
84	3	0.208
84	4	0.222
84	5	0.214
84	6	0.222
84	7	0.083
84	8	0.259
84	9	0.214
84	10	0.2
84	11	0.407
84	12	0.447
84	13	0.468
84	14	0.5
84	15	0.62
84	16	0.568
84	17	0.351
84	18	0.105
84	19	0.111
84	20	0.048
84	21	0.211
84	22	0.148
84	23	0.2
84	24	0.061
84	25	0
84	26	0.1
84	27	0.048
84	28	0
84	29	0
84	30	0
84	31	0
84	32	0
84	33	0
84	34	0
84	35	0.05
84	36	0.2
84	37	0.036
84	38	0.122
84	39	0.208
84	40	0.25
84	41	0
84	42	0.69
85	13	1
85	14	1
85	15	1
85	16	0.4
85	17	0
85	18	0
85	19	0
85	20	0
85	22	0
85	23	0
85	24	0
85	26	0
85	27	0
85	29	0
85	30	0
85	32	0
85	33	0
85	34	0
85	35	0
85	37	0
85	38	0
85	39	0
86	0	0.724
86	1	0.862
86	2	0.667
86	3	0.4
86	4	0.167
86	5	0.6
86	6	0.526
86	7	0.333
86	8	0.7
86	9	1
86	10	0.429
86	11	0.692
86	12	0.6
86	13	0.722
86	14	0.571
86	15	0.706
86	16	0.8
86	17	0.8
86	18	0.208
86	19	0
86	20	0.286
86	21	0.375
86	22	0.143
86	23	0.25
86	24	0.25
86	25	0
86	26	0
86	27	0.143
86	28	0
86	29	0
86	30	0
86	31	0
86	32	0
86	33	0
86	34	0
86	35	0
86	36	0
86	37	0
86	38	0.231
86	39	0.143
86	40	0.25
86	41	0
86	42	0.545
87	0	0.303
87	1	0.483
87	2	0.294
87	3	0.1
87	4	0
87	5	0
87	6	0.062
87	7	0
87	8	0.1
87	9	0
87	10	0.4
87	11	0.312
87	12	0.263
87	13	0.292
87	14	0.231
87	15	0.312
87	16	0.471
87	17	0.167
87	18	0
87	19	0
87	20	0
87	21	0
87	22	0
87	23	0
87	24	0
87	25	0
87	26	0.143
87	27	0.167
87	28	0
87	29	0
87	30	0
87	31	0
87	32	0
87	33	0
87	34	0
87	35	0
87	36	0
87	37	0
87	38	0.095
87	39	0.286
87	40	0
87	41	0
87	42	0.556
88	0	0.595
88	1	0.611
88	2	0.4
88	3	0.429
88	4	0.333
88	5	0.125
88	6	0.25
88	7	0.444
88	8	0.6
88	9	0.333
88	10	0.5
88	11	0.5
88	12	0.5
88	13	0.593
88	14	0.529
88	15	0.5
88	16	0.647
88	17	0.333
88	18	0.263
88	19	0.111
88	20	0.214
88	21	0.2
88	22	0.267
88	23	0.333
88	24	0.111
88	25	0
88	26	0.091
88	27	0.182
88	28	0
88	29	0
88	30	0
88	31	0
88	32	0
88	33	0
88	34	0
88	35	0
88	36	0
88	37	0
88	38	0.136
88	39	0
88	40	0.2
88	41	0
88	42	0.161
89	0	0.575
89	1	0.714
89	2	0.778
89	3	0.5
89	4	0.357
89	5	0.167
89	6	0.429
89	7	0.2
89	8	0.267
89	9	0.333
89	10	0.571
89	11	0.368
89	12	0.65
89	13	0.517
89	14	0.562
89	15	0.375
89	16	0.25
89	17	0.1
89	18	0.143
89	19	0.333
89	20	0.062
89	21	0.3
89	22	0.2
89	23	0.375
89	24	0
89	25	0
89	26	0
89	27	0
89	28	0
89	29	0
89	30	0
89	31	0
89	32	0
89	33	0
89	34	0
89	35	0
89	36	0
89	37	0
89	38	0
89	39	0
89	40	0
89	41	0.167
89	42	0
90	0	0.588
90	1	0.545
90	2	0.273
90	3	0.105
90	4	0.077
90	5	0.3
90	6	0.188
90	7	0.111
90	8	0.375
90	9	0.273
90	10	0.143
90	11	0.3
90	12	0.429
90	13	0.436
90	14	0.409
90	15	0.52
90	16	0.3
90	17	0.231
90	18	0.033
90	19	0
90	20	0.095
90	21	0.133
90	22	0.214
90	23	0.133
90	24	0.158
90	25	0
90	26	0.1
90	27	0.154
90	28	0.071
90	29	0
90	30	0
90	31	0
90	32	0
90	33	0
90	34	0
90	35	0
90	36	0
90	37	0.062
90	38	0.107
90	39	0.154
90	40	0.167
90	41	0.25
90	42	0.28
91	0	0.516
91	1	0.414
91	2	0.462
91	3	0.312
91	4	0.25
91	5	0.5
91	6	0.235
91	7	0.167
91	8	0.455
91	9	0.375
91	10	0.5
91	11	0.5
91	12	0.583
91	13	0.7
91	14	0.682
91	15	0.6
91	16	0.56
91	17	0.385
91	18	0.391
91	19	0
91	20	0.2
91	21	0.154
91	22	0.4
91	23	0.083
91	24	0.167
91	25	0
91	26	0.417
91	27	0.077
91	28	0.231
91	29	0
91	30	0
91	31	0
91	32	0
91	33	0
91	34	0
91	35	0
91	36	0
91	37	0.167
91	38	0.292
91	39	0.182
91	40	0
91	41	0.4
91	42	0
92	0	0.556
92	1	0.531
92	2	0.529
92	3	0.357
92	4	0.5
92	5	0.286
92	6	0.412
92	7	0.143
92	8	0.3
92	9	0.4
92	10	0.286
92	11	0.412
92	12	0.667
92	13	0.586
92	14	0.438
92	15	0.45
92	16	0.476
92	17	0.083
92	18	0.318
92	19	0.167
92	20	0.364
92	21	0.333
92	22	0.294
92	23	0.25
92	24	0.105
92	25	0
92	26	0
92	27	0
92	28	0
92	29	0
92	30	0
92	31	0
92	32	0
92	33	0
92	34	0
92	35	0
92	36	0
92	37	0
92	38	0.048
92	39	0
92	40	0
92	41	0
92	42	0
93	0	0.192
93	1	0.143
93	2	0.182
93	3	0.062
93	4	0.125
93	5	0.091
93	6	0.091
93	7	0.091
93	8	0.091
93	9	0
93	10	0.25
93	11	0.053
93	12	0.238
93	13	0.371
93	14	0.217
93	15	0.294
93	16	0.227
93	17	0.188
93	18	0.133
93	19	0.1
93	20	0.267
93	21	0.167
93	22	0.25
93	23	0.077
93	24	0.05
93	25	0
93	26	0.091
93	27	0.083
93	28	0
93	29	0
93	30	0
93	31	0
93	32	0
93	33	0
93	34	0
93	35	0
93	36	0
93	37	0
93	38	0.043
93	39	0
93	40	0
93	41	0
93	42	0.26
94	0	0.233
94	1	0.345
94	2	0.143
94	3	0.188
94	4	0.2
94	5	0.25
94	6	0.211
94	7	0.222
94	8	0.357
94	9	0.143
94	10	0.3
94	11	0.282
94	12	0.368
94	13	0.292
94	14	0.149
94	15	0.24
94	16	0.297
94	17	0.12
94	18	0.312
94	19	0
94	20	0.073
94	21	0.133
94	22	0.207
94	23	0.074
94	24	0.071
94	25	0
94	26	0.056
94	27	0
94	28	0
94	29	0
94	30	0
94	31	0
94	32	0
94	33	0
94	34	0
94	35	0
94	36	0
94	37	0
94	38	0.053
94	39	0.069
94	40	0.1
94	41	0.133
94	42	0.24
95	0	0.233
95	1	0.253
95	2	0.269
95	3	0.323
95	4	0.314
95	5	0.167
95	6	0.231
95	7	0.25
95	8	0.24
95	9	0.25
95	10	0.25
95	11	0.327
95	12	0.424
95	13	0.526
95	14	0.542
95	15	0.426
95	16	0.535
95	17	0.2
95	18	0.214
95	19	0.118
95	20	0.282
95	21	0.208
95	22	0.208
95	23	0.208
95	24	0.1
95	25	0
95	26	0.034
95	27	0.033
95	28	0
95	29	0
95	30	0
95	31	0
95	32	0
95	33	0
95	34	0
95	35	0
95	36	0
95	37	0
95	38	0.063
95	39	0.062
95	40	0
95	41	0
95	42	0.17
96	0	0.694
96	1	0.302
96	2	0.167
96	3	0.286
96	4	0.1
96	5	0.167
96	6	0.304
96	7	0.385
96	8	0.071
96	9	0.438
96	10	0.364
96	11	0.375
96	12	0.571
96	13	0.651
96	14	0.5
96	15	0.444
96	16	0.435
96	17	0.333
96	18	0.333
96	19	0.25
96	20	0.278
96	21	0.308
96	22	0.235
96	23	0.083
96	24	0.071
96	25	0
96	26	0.154
96	27	0.118
96	28	0
96	29	0
96	30	0
96	31	0
96	32	0
96	33	0
96	34	0
96	35	0
96	36	0
96	37	0
96	38	0.034
96	39	0
96	40	0.048
96	41	0.154
96	42	0.649
97	0	0.231
97	1	0.365
97	2	0.311
97	3	0.137
97	4	0.071
97	5	0.161
97	6	0.149
97	7	0.135
97	8	0.091
97	9	0.162
97	10	0.16
97	11	0.191
97	12	0.173
97	13	0.294
97	14	0.299
97	15	0.236
97	16	0.111
97	17	0.033
97	18	0.039
97	19	0.1
97	20	0.087
97	21	0
97	22	0.068
97	23	0.086
97	24	0
97	25	0
97	26	0
97	27	0.043
97	28	0
97	29	0
97	30	0
97	31	0
97	32	0
97	33	0
97	34	0
97	35	0
97	36	0
97	37	0
97	38	0.091
97	39	0.071
97	40	0.087
97	41	0.095
97	42	0.17
98	0	0.333
98	1	0.552
98	2	0.52
98	3	0.333
98	4	0.5
98	5	0.222
98	6	0.318
98	7	0.308
98	8	0.462
98	9	0.214
98	10	0.222
98	11	0.318
98	12	0.448
98	13	0.556
98	14	0.483
98	15	0.52
98	16	0.5
98	17	0.5
98	18	0.19
98	19	0
98	20	0.105
98	21	0.25
98	22	0.278
98	23	0.25
98	24	0.042
98	25	0
98	26	0
98	27	0.059
98	28	0
98	29	0
98	30	0
98	31	0
98	32	0
98	33	0
98	34	0
98	35	0
98	36	0
98	37	0
98	38	0.036
98	39	0
98	40	0.062
98	41	0
98	42	0.4
99	0	0.424
99	1	0.592
99	2	0.432
99	3	0.25
99	4	0.276
99	5	0.348
99	6	0.364
99	7	0.368
99	8	0.37
99	9	0.4
99	10	0.474
99	11	0.512
99	12	0.587
99	13	0.661
99	14	0.491
99	15	0.548
99	16	0.391
99	17	0.125
99	18	0.03
99	19	0
99	20	0.038
99	21	0
99	22	0
99	23	0.048
99	24	0
99	25	0
99	26	0
99	27	0.043
99	28	0
99	29	0
99	30	0
99	31	0
99	32	0
99	33	0
99	34	0
99	35	0
99	36	0
99	37	0
99	38	0.103
99	39	0.211
99	40	0
99	41	0
99	42	0.205
100	0	0.26
100	1	0.164
100	2	0.103
100	3	0.056
100	4	0.097
100	5	0.12
100	6	0.118
100	7	0.034
100	8	0.148
100	9	0.161
100	10	0.091
100	11	0.18
100	12	0.315
100	13	0.273
100	14	0.288
100	15	0.397
100	16	0.364
100	17	0.25
100	18	0.128
100	19	0.267
100	20	0.294
100	21	0.269
100	22	0.317
100	23	0.238
100	24	0.151
100	25	0
100	26	0.03
100	27	0.115
100	28	0
100	29	0
100	30	0
100	31	0
100	32	0
100	33	0
100	34	0
100	35	0
100	36	0
100	37	0.073
100	38	0.121
100	39	0.192
100	40	0.1
100	41	0.037
100	42	0.293
101	0	0.218
101	1	0.268
101	2	0.25
101	3	0.107
101	4	0.25
101	5	0.312
101	6	0.192
101	7	0.154
101	8	0.312
101	9	0.294
101	10	0.2
101	11	0.429
101	12	0.311
101	13	0.51
101	14	0.486
101	15	0.438
101	16	0.385
101	17	0.136
101	18	0.13
101	19	0.111
101	20	0.111
101	21	0.105
101	22	0
101	23	0.125
101	24	0.027
101	25	0
101	26	0
101	27	0
101	28	0
101	29	0
101	30	0
101	31	0
101	32	0
101	33	0
101	34	0
101	35	0
101	36	0
101	37	0
101	38	0.021
101	39	0.043
101	40	0
101	41	0
101	42	0.251
102	0	0.246
102	1	0.396
102	2	0.314
102	3	0.172
102	4	0.24
102	5	0.14
102	6	0.267
102	7	0.19
102	8	0.045
102	9	0.176
102	10	0.312
102	11	0.188
102	12	0.5
102	13	0.5
102	14	0.472
102	15	0.444
102	16	0.303
102	17	0.1
102	18	0.034
102	19	0
102	20	0
102	21	0.053
102	22	0
102	23	0.056
102	24	0
102	25	0
102	26	0
102	27	0
102	28	0
102	29	0
102	30	0
102	31	0
102	32	0
102	33	0
102	34	0
102	35	0
102	36	0
102	37	0.034
102	38	0.045
102	39	0.136
102	40	0.111
102	41	0
102	42	0.233
103	0	0.408
103	1	0.534
103	2	0.41
103	3	0.237
103	4	0.31
103	5	0.25
103	6	0.282
103	7	0.261
103	8	0.346
103	9	0.36
103	10	0.444
103	11	0.408
103	12	0.544
103	13	0.52
103	14	0.464
103	15	0.432
103	16	0.434
103	17	0.269
103	18	0.091
103	19	0.091
103	20	0.094
103	21	0.045
103	22	0.152
103	23	0
103	24	0.136
103	25	0
103	26	0.12
103	27	0.091
103	28	0
103	29	0
103	30	0
103	31	0
103	32	0
103	33	0
103	34	0
103	35	0
103	36	0
103	37	0
103	38	0.033
103	39	0.265
103	40	0
103	41	0
103	42	0.259
104	0	0.191
104	1	0.407
104	2	0.462
104	3	0.356
104	4	0.297
104	5	0.259
104	6	0.231
104	7	0.233
104	8	0.308
104	9	0.25
104	10	0.238
104	11	0.306
104	12	0.328
104	13	0.366
104	14	0.279
104	15	0.283
104	16	0.246
104	17	0.04
104	18	0.023
104	19	0
104	20	0
104	21	0
104	22	0.024
104	23	0
104	24	0.019
104	25	0
104	26	0
104	27	0.091
104	28	0
104	29	0
104	30	0
104	31	0
104	32	0
104	33	0
104	34	0
104	35	0
104	36	0
104	37	0
104	38	0.013
104	39	0.054
104	40	0
104	41	0
104	42	0.239
105	0	0.429
105	1	0.364
105	2	0.316
105	3	0.286
105	4	0.188
105	5	0.111
105	6	0.15
105	7	0.273
105	8	0.231
105	9	0.5
105	10	0.125
105	11	0.263
105	12	0.3
105	13	0.486
105	14	0.444
105	15	0.333
105	16	0.333
105	17	0
105	18	0
105	19	0
105	20	0
105	21	0
105	22	0.083
105	23	0
105	24	0.062
105	25	0
105	26	0.062
105	27	0.059
105	28	0
105	29	0
105	30	0
105	31	0
105	32	0
105	33	0
105	34	0
105	35	0
105	36	0
105	37	0
105	38	0.04
105	39	0.077
105	40	0
105	41	0.111
105	42	0.57
106	0	0.321
106	1	0.459
106	2	0.302
106	3	0.108
106	4	0.148
106	5	0.087
106	6	0.163
106	7	0.107
106	8	0.156
106	9	0.19
106	10	0.2
106	11	0.25
106	12	0.327
106	13	0.203
106	14	0.312
106	15	0.203
106	16	0.154
106	17	0.13
106	18	0
106	19	0
106	20	0.047
106	21	0
106	22	0.029
106	23	0
106	24	0
106	25	0
106	26	0
106	27	0.216
106	28	0
106	29	0
106	30	0
106	31	0
106	32	0
106	33	0.065
106	34	0.077
106	35	0.067
106	36	0.062
106	37	0.071
106	38	0.119
106	39	0.074
106	40	0
106	41	0.043
106	42	0.342
107	0	0.286
107	1	0.6
107	2	0.233
107	3	0.105
107	4	0.1
107	5	0.083
107	6	0.034
107	7	0.214
107	8	0.067
107	9	0.167
107	10	0.182
107	11	0.222
107	12	0.25
107	13	0.322
107	14	0.312
107	15	0.385
107	16	0.174
107	17	0
107	18	0
107	19	0
107	20	0
107	21	0
107	22	0
107	23	0.067
107	24	0
107	25	0
107	26	0.059
107	27	0.16
107	28	0
107	29	0
107	30	0
107	31	0
107	32	0
107	33	0
107	34	0
107	35	0
107	36	0
107	37	0
107	38	0.114
107	39	0.125
107	40	0
107	41	0.071
107	42	0.467
108	0	0.227
108	1	0.311
108	2	0.125
108	3	0.091
108	4	0.133
108	5	0
108	6	0.2
108	7	0.235
108	8	0.125
108	9	0.143
108	10	0.077
108	11	0.24
108	12	0.324
108	13	0.167
108	14	0.286
108	15	0.192
108	16	0.161
108	17	0
108	18	0.045
108	19	0
108	20	0.048
108	21	0.056
108	22	0
108	23	0
108	24	0
108	25	0
108	26	0.053
108	27	0
108	28	0
108	29	0
108	30	0
108	31	0
108	32	0
108	33	0
108	34	0
108	35	0
108	36	0
108	37	0
108	38	0.061
108	39	0.059
108	40	0.091
108	41	0.3
108	42	0.155
109	0	0.398
109	1	0.644
109	2	0.49
109	3	0.182
109	4	0.222
109	5	0.12
109	6	0.196
109	7	0.238
109	8	0.152
109	9	0.259
109	10	0.176
109	11	0.256
109	12	0.424
109	13	0.386
109	14	0.417
109	15	0.37
109	16	0.37
109	17	0.091
109	18	0.048
109	19	0.154
109	20	0.059
109	21	0.1
109	22	0.036
109	23	0.15
109	24	0.021
109	25	0
109	26	0.04
109	27	0
109	28	0
109	29	0
109	30	0
109	31	0
109	32	0
109	33	0
109	34	0
109	35	0
109	36	0
109	37	0.043
109	38	0.164
109	39	0.115
109	40	0.15
109	41	0
109	42	0.134
110	0	0.172
110	1	0.36
110	2	0.238
110	3	0.129
110	4	0.286
110	5	0.118
110	6	0.161
110	7	0.116
110	8	0.083
110	9	0.217
110	10	0.077
110	11	0.297
110	12	0.312
110	13	0.286
110	14	0.231
110	15	0.189
110	16	0.191
110	17	0
110	18	0
110	19	0
110	20	0
110	21	0.05
110	22	0
110	23	0
110	24	0
110	25	0
110	26	0
110	27	0.037
110	28	0
110	29	0
110	30	0
110	31	0
110	32	0
110	33	0
110	34	0
110	35	0
110	36	0
110	37	0.071
110	38	0.1
110	39	0.071
110	40	0.167
110	41	0.167
110	42	0.182
111	0	0.273
111	1	0.361
111	2	0.2
111	3	0.179
111	4	0.222
111	5	0.067
111	6	0.156
111	7	0.154
111	8	0.087
111	9	0.053
111	10	0.273
111	11	0.111
111	12	0.267
111	13	0.179
111	14	0.25
111	15	0.176
111	16	0.125
111	17	0.167
111	18	0.154
111	19	0
111	20	0.083
111	21	0
111	22	0.125
111	23	0
111	24	0.062
111	25	0
111	26	0.1
111	27	0
111	28	0
111	29	0
111	30	0
111	31	0
111	32	0
111	33	0
111	34	0
111	35	0
111	36	0
111	37	0.167
111	38	0.056
111	39	0.2
111	40	0
111	41	0.25
111	42	1
112	0	0.486
112	1	0.744
112	2	0.438
112	3	0.375
112	4	0.25
112	5	0.1
112	6	0.35
112	7	0.1
112	8	0.182
112	9	0.364
112	10	0.333
112	11	0.524
112	12	0.4
112	13	0.594
112	14	0.476
112	15	0.583
112	16	0.4
112	17	0.308
112	18	0.167
112	19	0.2
112	20	0.1
112	21	0
112	22	0.25
112	23	0.125
112	24	0.045
112	25	0
112	26	0.143
112	27	0
112	28	0
112	29	0
112	30	0
112	31	0
112	32	0
112	33	0
112	34	0
112	35	0
112	36	0
112	37	0
112	38	0.097
112	39	0.083
112	40	0
112	41	0
112	42	0.256
113	0	0.533
113	1	0.65
113	2	0.4
113	3	0.308
113	4	0.308
113	5	0.333
113	6	0.381
113	7	0.3
113	8	0.333
113	9	0.4
113	10	0.4
113	11	0.579
113	12	0.652
113	13	0.643
113	14	0.65
113	15	0.556
113	16	0.65
113	17	0
113	18	0.091
113	19	0
113	20	0.231
113	21	0
113	22	0.154
113	23	0.5
113	24	0.095
113	25	0
113	26	0.1
113	27	0.1
113	28	0.143
113	29	0.1
113	30	0
113	31	0.2
113	32	0
113	33	0.167
113	34	0.167
113	35	0.083
113	36	0
113	37	0.154
113	38	0.267
113	39	0.364
113	40	0.286
113	41	0
113	42	0.053
114	0	0.5
114	1	0.724
114	2	0.417
114	3	0.125
114	4	0.25
114	5	0.167
114	6	0.3
114	7	0.333
114	8	0.286
114	9	0.286
114	10	0.75
114	11	0.438
114	12	0.588
114	13	0.522
114	14	0.538
114	15	0.706
114	16	0.5
114	17	0.25
114	18	0
114	19	0
114	20	0
114	21	0
114	22	0
114	23	0.2
114	24	0.059
114	25	0
114	26	0
114	27	0.111
114	28	0.273
114	29	0.125
114	30	0
114	31	0.25
114	32	0.2
114	33	0.111
114	34	0.167
114	35	0
114	36	0.167
114	37	0.333
114	38	0.333
114	39	0.167
114	40	0.2
114	41	0
114	42	0.05
115	0	0.6
115	1	0.733
115	2	0.385
115	3	0.5
115	4	0.556
115	5	0.5
115	6	0.333
115	7	0.5
115	8	0.375
115	9	0.286
115	10	0.8
115	11	0.429
115	12	0.714
115	13	0.667
115	14	0.684
115	15	0.769
115	16	0.733
115	17	0.429
115	18	0.4
115	19	0.25
115	20	0.625
115	21	0.556
115	22	0.5
115	23	0.429
115	24	0.133
115	25	0.333
115	26	0.167
115	27	0.167
115	28	0.3
115	29	0.182
115	30	0.2
115	31	0.111
115	32	0.286
115	33	0.125
115	34	0.125
115	35	0.333
115	36	0
115	37	0.167
115	38	0.278
115	39	0.5
115	40	0.2
115	41	0
115	42	0.25
116	0	1
116	1	0.455
116	2	0.25
116	3	0.333
116	4	0.2
116	5	0.5
116	6	0.429
116	7	0.5
116	8	0
116	9	0.75
116	10	0
116	11	0.714
116	12	0.875
116	13	0.8
116	14	0.714
116	15	0.714
116	16	0.5
116	17	0.25
116	18	0
116	19	0
116	20	0.5
116	21	0
116	22	0.25
116	23	0.2
116	24	0
116	25	0
116	26	0
116	27	0
116	28	0
116	29	0
116	30	0
116	31	0
116	32	0
116	33	0
116	34	0
116	35	0
116	36	0
116	37	0
116	38	0
116	39	0
116	40	0
116	41	0
116	42	0
117	0	0.355
117	1	0.632
117	2	0.591
117	3	0.385
117	4	0.375
117	5	0.222
117	6	0.526
117	7	0.5
117	8	0.5
117	9	0.375
117	10	0.3
117	11	0.591
117	12	0.8
117	13	0.833
117	14	0.792
117	15	0.789
117	16	0.833
117	17	0.455
117	18	0.357
117	19	0.25
117	20	0.364
117	21	0.143
117	22	0.5
117	23	0
117	24	0.217
117	25	0
117	26	0.091
117	27	0
117	28	0
117	29	0
117	30	0
117	31	0
117	32	0
117	33	0
117	34	0
117	35	0
117	36	0
117	37	0
117	38	0.033
117	39	0.25
117	40	0
117	41	0.143
117	42	0
119	0	0.571
119	1	0.893
119	2	0.667
119	3	0.3
119	4	0.143
119	5	0.5
119	6	0.3
119	7	0.429
119	8	0.444
119	9	0.667
119	10	0.25
119	11	0.643
119	12	0.733
119	13	0.867
119	14	0.727
119	15	0.833
119	16	0.75
119	17	0.167
119	18	0.273
119	20	0.222
119	21	0.375
119	22	0.286
119	23	1
119	24	0.154
119	25	0
119	26	0.4
119	27	0
119	28	0.5
119	29	0.286
119	30	0
119	31	0
119	32	0
119	33	0
119	34	0
119	35	0
119	36	0
119	37	0
119	38	0
119	39	0.167
119	40	0
119	41	0
119	42	0.346
120	0	0.273
120	1	0.381
120	2	0.2
120	3	0.1
120	4	0
120	5	0
120	6	0.167
120	7	0.143
120	8	0.2
120	9	0
120	10	0
120	11	0.25
120	12	0.357
120	13	0.294
120	14	0.267
120	15	0.385
120	16	0.1
120	17	0
120	18	0
120	19	0
120	20	0
120	21	0
120	22	0
120	23	0
120	24	0
120	25	0
120	26	0
120	27	0
120	28	0.079
120	29	0
120	30	0
120	31	0
120	32	0
120	33	0
120	34	0
120	35	0
120	36	0
120	37	0
120	38	0.056
120	39	0.111
120	40	0
120	41	0
120	42	0.416
121	0	0.25
121	1	0.267
121	2	0.182
121	3	0
121	4	0.2
121	5	0
121	6	0.1
121	7	0.2
121	8	0.667
121	9	0.167
121	11	0.077
121	12	0.267
121	13	0.286
121	14	0.182
121	15	0.4
121	16	0.286
121	17	0.2
121	18	0.25
121	19	0.5
121	20	0.143
121	21	0.125
121	22	0.5
121	23	0.4
121	24	0
121	25	0
121	26	0
121	27	0.167
121	28	0
121	29	0
121	30	0
121	31	0
121	32	0
121	33	0
121	34	0
121	35	0
121	36	0
121	37	0
121	38	0
121	39	0.15
121	40	0.125
121	41	0
121	42	0.308
122	0	0.333
122	1	0.571
122	2	0.348
122	3	0.35
122	4	0.2
122	5	0.571
122	6	0.333
122	7	0.308
122	8	0.238
122	9	0.444
122	10	0.4
122	11	0.321
122	12	0.538
122	13	0.6
122	14	0.5
122	15	0.48
122	16	0.423
122	17	0.091
122	18	0.091
122	19	0
122	20	0.133
122	21	0.154
122	22	0.333
122	23	0.091
122	24	0.033
122	25	0
122	26	0.118
122	27	0
122	28	0.042
122	29	0.077
122	30	0
122	31	0
122	32	0
122	33	0
122	34	0
122	35	0
122	36	0
122	37	0
122	38	0.065
122	39	0
122	40	0.182
122	41	0
122	42	0.526
125	0	0.278
125	1	0.5
125	2	0.429
125	3	0.429
125	4	0.5
125	5	0.5
125	6	0.167
125	7	0.25
125	8	0
125	9	0.5
125	10	1
125	11	0.333
125	12	0.444
125	13	0.462
125	14	0.5
125	15	0.333
125	16	0.143
125	17	0
125	18	0
125	20	0
125	21	0
125	22	0
125	23	0
125	24	0
125	26	0
125	27	0
125	28	0
125	29	0
125	30	0
125	31	0
125	32	0
125	33	0
125	34	0
125	35	0
125	36	0
125	37	0
125	38	0
125	39	0
125	40	0
125	41	0
125	42	0
126	0	0.419
126	1	0.56
126	2	0.583
126	3	0.4
126	4	0.471
126	5	0.333
126	6	0.636
126	7	0.25
126	8	0.3
126	9	0.625
126	10	0.222
126	11	0.476
126	12	0.737
126	13	0.69
126	14	0.737
126	15	0.538
126	16	0.444
126	17	0.111
126	18	0.067
126	19	0.286
126	20	0.1
126	21	0.2
126	22	0.222
126	23	0.1
126	24	0
126	25	0
126	26	0.091
126	27	0.167
126	28	0.067
126	29	0
126	30	0
126	31	0
126	32	0
126	33	0
126	34	0
126	35	0
126	36	0
126	37	0
126	38	0.129
126	39	0.067
126	40	0.12
126	41	0
126	42	0.084
128	0	0.412
128	1	0.429
128	2	0.273
128	3	0
128	4	0
128	5	0
128	6	0.1
128	7	0.25
128	8	0
128	9	0.143
128	10	0.2
128	11	0.091
128	12	0.111
128	13	0.222
128	14	0.286
128	15	0.222
128	16	0.375
128	17	0
128	18	0
128	19	0
128	20	0
128	21	0
128	22	0
128	23	0
128	24	0
128	25	0
128	26	0
128	27	0.167
128	28	0
128	29	0
128	30	0
128	31	0
128	32	0
128	33	0
128	34	0
128	35	0
128	36	0
128	37	0
128	38	0
128	39	0
128	40	0.2
128	41	0
128	42	0.283
129	0	0.533
129	1	0.417
129	2	0.3
129	3	0
129	4	0.375
129	5	0.2
129	6	0.167
129	7	0
129	8	0.25
129	9	0
129	10	0
129	11	0.25
129	12	0.5
129	13	0.55
129	14	0.375
129	15	0.333
129	16	0.333
129	17	0
129	18	0.25
129	19	0
129	20	0.091
129	21	0.5
129	22	0
129	23	0.5
129	24	0
129	25	0
129	26	0.167
129	27	0
129	28	0
129	29	0
129	30	0
129	31	0
129	32	0
129	33	0
129	34	0
129	35	0
129	36	0
129	37	0
129	38	0.071
129	39	0.2
129	40	0
129	41	0
129	42	0.667
130	0	0.45
130	1	0.522
130	2	0.7
130	3	0.5
130	4	0.3
130	5	0.5
130	6	0.625
130	7	0.6
130	8	0.6
130	9	0.667
130	10	0.667
130	11	0.769
130	12	0.8
130	13	0.765
130	14	0.9
130	15	0.667
130	16	0.625
130	17	0.5
130	18	0
130	19	0
130	20	0.2
130	21	0
130	22	0
130	23	0
130	24	0
130	25	0
130	26	0
130	27	0
130	28	0
130	29	0
130	30	0
130	31	0
130	32	0
130	33	0
130	34	0
130	35	0
130	36	0
130	37	0
130	38	0.4
130	39	0
130	40	1
130	41	0
130	42	0.597
131	0	0.52
131	1	0.591
131	2	0.5
131	3	0.417
131	4	0.455
131	5	0.25
131	6	0.333
131	7	0.286
131	8	0.333
131	9	0.5
131	10	0.333
131	11	0.385
131	12	0.667
131	13	0.737
131	14	0.545
131	15	0.643
131	16	0.417
131	17	0
131	18	0
131	19	0
131	20	0
131	21	0.333
131	22	0.333
131	23	0
131	24	0.083
131	25	0
131	26	0.333
131	27	0.143
131	28	0
131	29	0
131	30	0
131	31	0
131	32	0
131	33	0
131	34	0
131	35	0
131	36	0
131	37	0
131	38	0.062
131	39	0.111
131	40	0
131	41	0.4
131	42	0.554
133	0	0
133	1	0
133	2	0
133	3	0
133	4	0
133	5	0
133	6	0
133	7	0
133	8	0
133	9	0
133	10	0
133	11	0
133	12	0
133	13	0
133	14	0.25
133	15	0
133	16	0
133	17	0
133	18	0
133	19	0
133	20	0
133	21	0
133	22	0
133	23	0
133	24	0
133	26	0
133	27	0.333
133	28	0
133	29	0
133	30	0
133	31	0
133	32	0
133	33	0
133	34	0
133	35	0
133	36	0
133	37	0
133	38	0
133	39	0
133	40	0
133	41	0
133	42	0.923
134	0	0.059
134	1	0
134	2	0
134	3	0
134	4	0
134	5	0
134	6	0
134	7	0
134	8	0
134	9	0
134	10	0
134	11	0
134	12	0.222
134	13	0.238
134	14	0.308
134	15	0.312
134	16	0.222
134	17	0.143
134	18	0
134	19	0
134	20	0
134	21	0
134	22	0
134	23	0
134	24	0
134	26	0
134	27	0.222
134	28	0
134	29	0
134	30	0
134	31	0
134	32	0
134	33	0
134	34	0
134	35	0
134	36	0
134	37	0
134	38	0.107
134	39	0.143
134	40	0
134	41	0
134	42	0.878
135	0	0.286
135	1	0.429
135	2	0.5
135	3	0.1
135	4	0.167
135	5	0.25
135	6	0.2
135	7	0.667
135	8	0.333
135	9	0.333
135	10	0.333
135	11	0.5
135	12	0.333
135	13	0.533
135	14	0.417
135	15	0.333
135	16	0.4
135	17	0
135	18	0.111
135	20	0.125
135	21	0
135	22	0.167
135	23	0.25
135	24	0
135	25	0
135	26	0
135	27	0.143
135	28	0
135	29	0
135	30	0
135	31	0
135	32	0
135	33	0
135	34	0
135	35	0
135	36	0
135	37	0
135	38	0.077
135	39	0.125
135	40	0
135	41	0
135	42	0.714
136	0	0.375
136	1	0.2
136	2	0.2
136	3	0.5
136	4	0
136	5	0
136	6	0
136	7	0
136	8	0
136	9	0
136	10	0
136	11	0
136	12	0
136	13	0.125
136	14	0
136	15	0.25
136	16	0.5
136	17	0.333
136	18	0.5
136	19	0.25
136	20	0
136	21	0
136	22	0.333
136	23	1
136	24	0
136	26	0
136	27	0
136	28	0
136	29	0
136	30	0
136	31	0
136	32	0
136	33	0
136	34	0
136	35	0
136	36	0
136	37	0
136	38	0
136	39	0
136	40	0
136	41	0
136	42	0.8
137	0	0.4
137	1	0.424
137	2	0.357
137	3	0.214
137	4	0.2
137	5	0.167
137	6	0.176
137	7	0.091
137	8	0.222
137	9	0.364
137	10	0.25
137	11	0.391
137	12	0.519
137	13	0.552
137	14	0.5
137	15	0.571
137	16	0.4
137	17	0.091
137	18	0
137	19	0
137	20	0
137	21	0
137	22	0
137	23	0
137	24	0
137	25	0
137	26	0
137	27	0.111
137	28	0
137	29	0
137	30	0
137	31	0
137	32	0
137	33	0
137	34	0
137	35	0
137	36	0
137	37	0
137	38	0.034
137	39	0
137	40	0
137	41	0.167
137	42	0.553
140	0	0.632
140	1	0.65
140	2	0.538
140	3	0.286
140	4	0.286
140	5	0.167
140	6	0.5
140	7	0.125
140	8	0.4
140	9	0.429
140	10	0
140	11	0.562
140	12	0.812
140	13	0.8
140	14	0.727
140	15	0.7
140	16	0.294
140	17	0
140	18	0
140	19	0
140	20	0
140	21	0
140	22	0
140	23	0
140	24	0
140	25	0
140	26	0.111
140	27	0.091
140	28	0
140	29	0
140	30	0
140	31	0
140	32	0
140	33	0
140	34	0
140	35	0
140	36	0
140	37	0
140	38	0.05
140	39	0.125
140	40	0
140	41	0.167
140	42	0.916
