"time"	"distance"	"value"
36	0	0.332
36	1	0.088
36	2	0.083
36	3	0.044
36	4	0.017
36	5	0
36	6	0
36	7	0
36	8	0
36	9	0
36	10	0
36	11	0
36	12	0
36	13	0.03
36	14	0.039
36	15	0.022
36	16	0
36	17	0
36	18	0.035
36	19	0.071
36	20	0.046
36	21	0
36	22	0.077
36	23	0.043
36	24	0.062
36	25	0.063
36	26	0.091
36	27	0.131
36	28	0.049
36	29	0.408
36	30	0.293
36	31	0.238
36	32	0.298
36	33	0.277
36	34	0.266
36	35	0.214
36	36	0.118
36	37	0.305
36	38	0.25
36	39	0.261
36	40	0.341
36	41	0.364
36	42	0.396
36	43	0.466
36	44	0.577
36	45	0.606
36	46	0.598
36	47	0.574
37	17	0
38	0	0.208
38	1	0.111
38	2	0
38	3	0
38	4	0
38	5	0
38	6	0
38	7	0
38	8	0
38	9	0
38	10	0
38	11	0
38	12	0
38	13	0.1
38	14	0
38	15	0
38	16	0
38	17	0
38	18	0
38	19	0
38	20	0
38	21	0
38	22	0
38	23	0
38	24	0
38	25	0
38	26	0
38	27	0.067
38	28	0
38	29	0.143
38	30	0.125
38	31	0
38	32	0
38	33	0.214
38	34	0
38	35	0
38	37	0
38	38	0
38	39	0
38	40	0
38	41	0.182
38	42	0.25
38	43	0.333
38	44	0.133
38	45	0.19
38	46	0.455
38	47	0.4
39	0	0.152
39	1	0.167
39	2	0
39	3	0
39	4	0
39	5	0
39	6	0
39	7	0
39	8	0
39	9	0
39	10	0
39	11	0
39	12	0
39	13	0
39	14	0.333
39	15	0
39	16	0
39	17	0
39	18	0
39	19	0
39	20	0
39	21	0
39	22	0.231
39	23	0.062
39	24	0.167
39	25	0.111
39	26	0.1
39	27	0.091
39	28	0.167
39	29	0.462
39	30	0.444
39	31	0.2
39	32	0.545
39	33	0.4
39	34	0.385
39	35	0.5
39	36	0.333
39	37	0.286
39	38	0.25
39	39	0.5
39	40	0.571
39	41	0.556
39	42	0.556
39	43	0.545
39	44	0.467
39	45	0.706
39	46	0.737
39	47	0.722
40	0	0.043
40	1	0
40	2	0
40	3	0
40	4	0
40	5	0
40	6	0
40	7	0
40	8	0
40	9	0
40	10	0
40	11	0
40	12	0
40	13	0
40	14	0
40	15	0
40	16	0
40	17	0.061
40	18	0.091
40	19	0
40	20	0.258
40	21	0.182
40	22	0.212
40	23	0.3
40	24	0.15
40	25	0.2
40	26	0.167
40	27	0.2
40	28	0.296
40	29	0.421
40	30	0.333
40	31	0.423
40	32	0.368
40	33	0.263
40	34	0.211
40	35	0.214
40	36	0
40	37	0.4
40	38	0.25
40	39	0.308
40	40	0.444
40	41	0.421
40	42	0.312
40	43	0.222
40	44	0.333
40	45	0.385
40	46	0.318
40	47	0.389
41	0	0.083
41	1	0
41	2	0
41	3	0.026
41	4	0
41	5	0
41	6	0
41	7	0
41	8	0
41	9	0
41	10	0
41	11	0
41	12	0
41	13	0
41	14	0.125
41	15	0
41	16	0
41	17	0.021
41	18	0
41	19	0
41	20	0.059
41	21	0.062
41	22	0.118
41	23	0.057
41	24	0.069
41	25	0.08
41	26	0.16
41	27	0.086
41	28	0.098
41	29	0.31
41	30	0.294
41	31	0.189
41	32	0.233
41	33	0.156
41	34	0.154
41	35	0.133
41	36	0
41	37	0.136
41	38	0.556
41	39	0.167
41	40	0.176
41	41	0.333
41	42	0.294
41	43	0.421
41	44	0.379
41	45	0.354
41	46	0.407
41	47	0.407
42	0	0.08
42	1	0
42	2	0
42	3	0
42	4	0
42	5	0
42	6	0
42	7	0
42	8	0
42	9	0
42	10	0
42	11	0
42	12	0
42	13	0.067
42	14	0
42	15	0
42	16	0
42	17	0
42	18	0.031
42	19	0.056
42	20	0.2
42	21	0.278
42	22	0.327
42	23	0.265
42	24	0.281
42	25	0.333
42	26	0.211
42	27	0.267
42	28	0.116
42	29	0.486
42	30	0.2
42	31	0.167
42	32	0.273
42	33	0.233
42	34	0.167
42	35	0.062
42	36	0.75
42	37	0.31
42	38	0
42	39	0.111
42	40	0.111
42	41	0.083
42	42	0.059
42	43	0.158
42	44	0.675
42	45	0.612
42	46	0.568
42	47	0.345
43	0	0
43	1	0
43	2	0
43	3	0
43	4	0
43	5	0
43	6	0
43	7	0
43	8	0
43	9	0
43	10	0
43	11	0
43	12	0
43	13	0
43	14	0.083
43	15	0
43	16	0
43	17	0.04
43	18	0.043
43	19	0
43	20	0.143
43	21	0.444
43	22	0.324
43	23	0.278
43	24	0.267
43	25	0.364
43	26	0.25
43	27	0.5
43	28	0.318
43	29	0.6
43	30	0.538
43	31	0.316
43	32	0.375
43	33	0.524
43	34	0.308
43	35	0.364
43	36	1
43	37	0.538
43	38	0.5
43	39	0.667
43	40	0.333
43	41	0.389
43	42	0.273
43	43	0.4
43	44	0.286
43	45	0.389
43	46	0.583
43	47	0.286
44	0	0.123
44	1	0
44	2	0
44	3	0
44	4	0
44	5	0
44	6	0
44	7	0
44	8	0
44	9	0
44	10	0
44	11	0
44	12	0
44	13	0
44	14	0
44	15	0
44	16	0
44	17	0
44	18	0
44	19	0.118
44	20	0.095
44	21	0
44	22	0.103
44	23	0.056
44	24	0.071
44	25	0
44	26	0.118
44	27	0.2
44	28	0.273
44	29	0.417
44	30	0.6
44	31	0.423
44	32	0.462
44	33	0.45
44	34	0.333
44	35	0.273
44	36	0
44	37	0.333
44	38	0.222
44	39	0.571
44	40	0.2
44	41	0.3
44	42	0.462
44	43	0.455
44	44	0.75
44	45	0.45
44	46	0.7
44	47	0.444
45	0	0.294
45	1	0
45	2	0
45	3	0.2
45	4	0
45	5	0
45	6	0
45	7	0
45	8	0
45	9	0
45	10	0
45	11	0
45	12	0
45	13	0
45	14	0
45	15	0
45	16	0
45	17	0.091
45	18	0.091
45	19	0
45	20	0
45	21	0
45	22	0
45	23	0
45	24	0
45	25	0
45	26	0
45	27	0.067
45	28	0.056
45	29	0.333
45	30	0.3
45	31	0.333
45	32	0.364
45	33	0.267
45	34	0.222
45	35	0
45	36	0
45	37	0.222
45	38	0.667
45	39	0.222
45	40	0.333
45	41	0.4
45	42	0.429
45	43	0.182
45	44	0.455
45	45	0.379
45	46	0.261
45	47	0.263
46	0	0.297
46	2	0
46	3	0
46	4	0
46	5	0
46	6	0
46	7	0
46	8	0
46	9	0
46	10	0
46	11	0
46	12	0
46	13	0
46	14	0
46	15	0
46	16	0
46	17	0
46	18	0
46	19	0
46	20	0
46	21	0
46	22	0
46	23	0
46	24	0
46	25	0
46	26	0
46	27	0
46	28	0
46	29	0.2
46	30	0.214
46	31	0.176
46	32	0.214
46	33	0.211
46	34	0.143
46	35	0.2
46	36	0
46	37	0.143
46	38	0.333
46	39	0.429
46	40	0.375
46	41	0.4
46	42	0.375
46	43	0.417
46	44	0.522
46	45	0.656
46	46	0.615
46	47	0.552
47	0	0.152
47	1	0
47	2	0
47	3	0.1
47	4	0
47	5	0
47	6	0
47	7	0
47	8	0
47	9	0
47	10	0
47	11	0
47	12	0
47	13	0
47	14	0.167
47	15	0
47	16	0
47	17	0
47	18	0.057
47	19	0.05
47	20	0.071
47	21	0.25
47	22	0.304
47	23	0.455
47	24	0.393
47	25	0.533
47	26	0.326
47	27	0.188
47	28	0.133
47	29	0.348
47	30	0.368
47	31	0.324
47	32	0.421
47	33	0.321
47	34	0.409
47	35	0.333
47	36	0
47	37	0.294
47	38	0.182
47	39	0.286
47	40	0.286
47	41	0.375
47	42	0.353
47	43	0.538
47	44	0.576
47	45	0.606
47	46	0.559
47	47	0.542
48	0	0.077
48	1	0
48	2	0.333
48	3	0
48	4	0
48	5	0
48	6	0
48	7	0
48	8	0
48	9	0
48	10	0
48	11	0
48	12	0
48	13	0.071
48	14	0
48	15	0
48	16	0
48	17	0
48	18	0.051
48	19	0
48	20	0
48	21	0.1
48	22	0.119
48	23	0.318
48	24	0.087
48	25	0.1
48	26	0
48	27	0.364
48	28	0.345
48	29	0.682
48	30	0.583
48	31	0.538
48	32	0.696
48	33	0.37
48	34	0.364
48	35	0.182
48	36	0.25
48	37	0.412
48	38	0.333
48	39	0.308
48	40	0.308
48	41	0.316
48	42	0.385
48	43	0.286
48	44	0.519
48	45	0.677
48	46	0.688
48	47	0.594
49	0	0.036
49	1	0
49	2	0
49	3	0.071
49	4	0
49	5	0
49	6	0
49	7	0
49	8	0
49	9	0
49	10	0
49	11	0
49	12	0
49	13	0
49	14	0.071
49	15	0
49	16	0
49	17	0
49	18	0.036
49	19	0.077
49	20	0.043
49	21	0
49	22	0.188
49	23	0.045
49	24	0
49	25	0.062
49	26	0.294
49	27	0.091
49	28	0.105
49	29	0.353
49	30	0.467
49	31	0.5
49	32	0.474
49	33	0.333
49	34	0.125
49	35	0.375
49	36	0
49	37	0.167
49	38	0.25
49	39	0.25
49	40	0.125
49	41	0.235
49	42	0.375
49	43	0.231
49	44	0.571
49	45	0.529
49	46	0.625
49	47	0.458
50	0	0.061
50	1	0
50	2	0.167
50	3	0.083
50	4	0
50	5	0
50	6	0
50	7	0
50	8	0
50	9	0
50	10	0
50	11	0
50	12	0
50	13	0.095
50	14	0.105
50	15	0
50	16	0
50	17	0
50	18	0.036
50	19	0
50	20	0
50	21	0
50	22	0
50	23	0.049
50	24	0.054
50	25	0.097
50	26	0.071
50	27	0.214
50	28	0.216
50	29	0.455
50	30	0.471
50	31	0.362
50	32	0.483
50	33	0.553
50	34	0.421
50	35	0.393
50	36	0.167
50	37	0.5
50	38	0.385
50	39	0.562
50	40	0.44
50	41	0.406
50	42	0.55
50	43	0.533
50	44	0.536
50	45	0.788
50	46	0.625
50	47	0.558
51	0	0
51	1	0
51	2	0
51	3	0
51	4	0
51	5	0
51	6	0
51	7	0
51	8	0
51	9	0
51	10	0
51	12	0
51	13	0.125
51	14	0
51	15	0
51	16	0
51	17	0
51	18	0.111
51	19	0
51	20	0.067
51	21	0.25
51	22	0.174
51	23	0.167
51	24	0.071
51	25	0
51	26	0
51	27	0.167
51	28	0.125
51	29	0.429
51	30	0.25
51	31	0.286
51	32	0.455
51	33	0.5
51	34	0.3
51	35	0.25
51	36	0.25
51	37	0.154
51	39	0.333
51	40	0.333
51	41	0.3
51	42	0.2
51	43	0.4
51	44	0.471
51	45	0.588
51	46	0.476
51	47	0.389
52	0	0.664
52	1	0
52	2	0
52	3	0.032
52	4	0
52	5	0
52	6	0
52	7	0
52	8	0
52	9	0
52	10	0
52	11	0
52	12	0
52	13	0
52	14	0.023
52	15	0
52	16	0
52	17	0.026
52	18	0.216
52	19	0.07
52	20	0.068
52	21	0.031
52	22	0.214
52	23	0.088
52	24	0.127
52	25	0.163
52	26	0.103
52	27	0.185
52	28	0.243
52	29	0.642
52	30	0.667
52	31	0.627
52	32	0.627
52	33	0.627
52	34	0.49
52	35	0.366
52	36	0.5
52	37	0.326
52	38	0.368
52	39	0.467
52	40	0.385
52	41	0.362
52	42	0.421
52	43	0.462
52	44	0.754
52	45	0.759
52	46	0.763
52	47	0.583
53	0	0.132
53	1	0
53	2	0
53	3	0
53	4	0
53	5	0
53	6	0
53	7	0
53	8	0
53	9	0
53	10	0
53	11	0
53	12	0
53	13	0.2
53	14	0
53	15	0
53	16	0
53	17	0
53	18	0
53	19	0
53	20	0
53	21	0
53	22	0.1
53	23	0.182
53	24	0.529
53	25	0.562
53	26	0.25
53	27	0.077
53	28	0.091
53	29	0.4
53	30	0.5
53	31	0.5
53	32	0.4
53	33	0.353
53	34	0.25
53	35	0
53	37	0.25
53	38	0
53	39	0.25
53	40	0.167
53	41	0.25
53	42	0.333
53	43	0.5
53	44	0.214
53	45	0.429
53	46	0.467
53	47	0.143
54	0	0.163
54	1	0
54	2	0
54	3	0.08
54	4	0
54	5	0
54	6	0
54	7	0
54	8	0
54	9	0
54	10	0
54	11	0
54	12	0
54	13	0
54	14	0.188
54	15	0
54	16	0
54	17	0.043
54	18	0.083
54	19	0.1
54	20	0.115
54	21	0.125
54	22	0.303
54	23	0.185
54	24	0.136
54	25	0.235
54	26	0.1
54	27	0.2
54	28	0.2
54	29	0.474
54	30	0.222
54	31	0.462
54	32	0.588
54	33	0.5
54	34	0.476
54	35	0.231
54	36	0.333
54	37	0.519
54	38	0.571
54	39	0.556
54	40	0.333
54	41	0.647
54	42	0.5
54	43	0.6
54	44	0.577
54	45	0.545
54	46	0.471
54	47	0.514
55	0	0.111
55	1	0.25
55	2	0
55	3	0
55	4	0
55	5	0
55	6	0
55	7	0
55	8	0
55	9	0
55	10	0
55	11	0
55	12	0
55	13	0.083
55	14	0.091
55	15	0
55	16	0
55	17	0.05
55	18	0.1
55	19	0.067
55	20	0.045
55	21	0.077
55	22	0.156
55	23	0.167
55	24	0.238
55	25	0.176
55	26	0.083
55	27	0.217
55	28	0.214
55	29	0.556
55	30	0.55
55	31	0.52
55	32	0.727
55	33	0.613
55	34	0.667
55	35	0.4
55	36	1
55	37	0.5
55	38	0.5
55	39	0.667
55	40	0.5
55	41	0.65
55	42	0.7
55	43	0.6
55	44	0.885
55	45	0.894
55	46	0.844
55	47	0.839
56	11	0
56	12	0
56	13	1
56	15	0
56	16	0
56	17	0
56	18	0
56	19	0
56	20	0
56	22	0
56	23	0
56	24	0
56	26	0
56	27	0
56	28	0
56	29	0
56	30	0
56	31	0
56	32	0
56	33	0.5
56	34	0.667
56	36	0
56	37	1
56	39	1
56	40	1
56	41	0.5
56	42	1
56	43	1
56	44	1
56	45	1
56	46	1
56	47	1
57	0	0.167
57	1	0
57	2	0
57	3	0.091
57	4	0
57	5	0
57	6	0
57	7	0
57	8	0
57	9	0
57	10	0
57	11	0
57	12	0
57	13	0.2
57	14	0.125
57	15	0
57	16	0
57	17	0
57	18	0.118
57	19	0
57	20	0.154
57	21	0
57	22	0.091
57	23	0
57	24	0.111
57	25	0.118
57	26	0.083
57	27	0.2
57	28	0.333
57	29	0.25
57	30	0.615
57	31	0.308
57	32	0.3
57	33	0.286
57	34	0.562
57	35	0.25
57	36	1
57	37	0.75
57	38	0.429
57	39	0.8
57	40	0.4
57	41	0.571
57	42	0.75
57	43	0.667
57	44	0.778
57	45	0.8
57	46	0.739
57	47	0.75
58	0	0.25
58	1	0.167
58	2	0.333
58	3	0.071
58	4	0.091
58	5	0
58	6	0
58	7	0
58	8	0
58	9	0
58	10	0
58	11	0
58	12	0
58	13	0
58	14	0.222
58	15	0
58	16	0
58	17	0
58	18	0.08
58	19	0
58	20	0.059
58	21	0.125
58	22	0.095
58	23	0
58	24	0
58	25	0.143
58	26	0
58	27	0.091
58	28	0.136
58	29	0.429
58	30	0.438
58	31	0.368
58	32	0.375
58	33	0.542
58	34	0.389
58	35	0.286
58	36	0.333
58	37	0.222
58	38	0.375
58	39	0.222
58	40	0
58	41	0.286
58	42	0.2
58	43	0.357
58	44	0.48
58	45	0.355
58	46	0.36
58	47	0.368
59	0	0
59	1	0
59	2	1
59	3	0.091
59	4	0
59	5	0
59	6	0
59	7	0
59	8	0
59	9	0
59	10	0
59	11	0
59	12	0
59	13	0.077
59	14	0.167
59	15	0
59	16	0
59	17	0
59	18	0.195
59	19	0
59	20	0.226
59	21	0
59	22	0.225
59	23	0.138
59	24	0.158
59	25	0.095
59	26	0.071
59	27	0.1
59	28	0
59	29	0.304
59	30	0.273
59	31	0.286
59	32	0.273
59	33	0.265
59	34	0.276
59	35	0.278
59	36	0
59	37	0.31
59	38	0.1
59	39	0.125
59	40	0.176
59	41	0.16
59	42	0.231
59	43	0.3
59	44	0.385
59	45	0.289
59	46	0.5
59	47	0.316
60	0	0
60	1	0
60	2	0
60	3	0
60	4	0
60	5	0
60	6	0
60	7	0
60	8	0
60	9	0
60	10	0
60	11	0
60	12	0
60	13	0.286
60	14	0.4
60	15	0
60	16	0
60	17	0.118
60	18	0.067
60	19	0.2
60	20	0.273
60	21	0.167
60	22	0.5
60	23	0.625
60	24	0.706
60	25	0.857
60	26	0.667
60	27	0.583
60	28	0.357
60	29	0.667
60	30	0.636
60	31	0.778
60	32	0.9
60	33	0.75
60	34	0.667
60	35	0.333
60	36	0
60	37	0.556
60	38	0.5
60	39	0.6
60	40	0.25
60	41	0.444
60	42	0
60	43	0.556
60	44	0.9
60	45	0.625
60	46	0.733
60	47	0.538
61	0	0.328
61	1	0.143
61	2	0.2
61	3	0.353
61	4	0
61	5	0
61	6	0
61	7	0
61	8	0
61	9	0
61	10	0
61	11	0
61	12	0
61	13	0.444
61	14	0.143
61	15	0
61	16	0
61	17	0
61	18	0.1
61	19	0
61	20	0.095
61	21	0
61	22	0.289
61	23	0.233
61	24	0.56
61	25	0.44
61	26	0.364
61	27	0.235
61	28	0.32
61	29	0.571
61	30	0.389
61	31	0.682
61	32	0.4
61	33	0.364
61	34	0.312
61	35	0.3
61	36	0.2
61	37	0.4
61	38	0.5
61	39	0.25
61	40	0.333
61	41	0.385
61	42	0.273
61	43	0.333
61	44	0.667
61	45	0.667
61	46	0.524
61	47	0.522
62	1	0
62	4	0
62	5	0
62	7	0
62	8	0
62	9	0
62	10	0
62	11	0
62	12	0
62	13	0
62	14	0
62	15	0
62	16	0
62	17	0.048
62	18	0.15
62	19	0.091
62	20	0.267
62	21	0
62	22	0.348
62	23	0.143
62	24	0.133
62	25	0.111
62	26	0.167
62	27	0.222
62	28	0.25
62	29	0.667
62	30	0.75
62	31	0.538
62	32	0.545
62	33	0.688
62	34	0.429
62	35	0.25
62	36	0.5
62	37	0.667
62	38	0.75
62	39	0.667
62	40	0.5
62	41	0.7
62	42	0.6
62	43	0.7
62	44	0.842
62	45	0.95
62	46	0.786
62	47	0.68
63	0	0.565
63	1	0.125
63	2	0
63	3	0.16
63	4	0.091
63	5	0
63	6	0
63	7	0
63	8	0
63	9	0
63	10	0
63	11	0
63	12	0
63	13	0
63	14	0.133
63	15	0
63	16	0
63	17	0
63	18	0.176
63	19	0.043
63	20	0
63	21	0
63	22	0.048
63	23	0
63	24	0.074
63	25	0.048
63	26	0.053
63	27	0.148
63	28	0.216
63	29	0.438
63	30	0.55
63	31	0.613
63	32	0.583
63	33	0.75
63	34	0.455
63	35	0.417
63	36	0.429
63	37	0.333
63	38	0.75
63	39	0.267
63	40	0.222
63	41	0.333
63	42	0.467
63	43	0.65
63	44	0.781
63	45	0.778
63	46	0.875
63	47	0.769
64	0	0.917
64	1	0.667
64	2	0
64	3	0.286
64	4	0
64	5	0
64	6	0
64	7	0
64	8	0
64	9	0
64	10	0
64	11	0
64	12	0
64	13	0
64	14	0.5
64	15	0
64	16	0
64	17	0
64	18	0
64	19	0
64	20	0.273
64	21	0
64	22	0.471
64	23	0.2
64	24	0.667
64	25	0.5
64	26	0.75
64	27	0.727
64	28	0.429
64	29	0.667
64	30	0.333
64	31	0.583
64	32	0.5
64	33	0.462
64	34	0.6
64	35	0.167
64	36	1
64	37	0.538
64	38	0.5
64	39	0.333
64	40	0.25
64	41	0.481
64	42	0.5
64	43	0.714
64	44	1
64	45	0.778
64	46	0.889
64	47	0.667
65	0	0.217
65	1	0
65	2	0
65	3	0.091
65	4	0
65	5	0
65	6	0
65	7	0
65	8	0
65	9	0
65	10	0
65	11	0
65	12	0
65	13	0
65	14	0.143
65	15	0
65	16	0
65	17	0
65	18	0.067
65	19	0.059
65	20	0.194
65	21	0.308
65	22	0.263
65	23	0.195
65	24	0.261
65	25	0.286
65	26	0.364
65	27	0.417
65	28	0.333
65	29	0.625
65	30	0.636
65	31	0.68
65	32	0.708
65	33	0.72
65	34	0.667
65	35	0.5
65	36	0.167
65	37	0.667
65	38	0.571
65	39	0.417
65	40	0.636
65	41	0.619
65	42	0.714
65	43	0.609
65	44	0.548
65	45	0.684
65	46	0.667
65	47	0.68
66	0	0.35
66	1	0
66	2	0
66	3	0.036
66	4	0
66	5	0
66	6	0
66	7	0
66	8	0
66	9	0
66	10	0
66	11	0
66	12	0
66	13	0
66	14	0.056
66	15	0
66	16	0
66	17	0
66	18	0.111
66	19	0.045
66	20	0.065
66	21	0.1
66	22	0.13
66	23	0.136
66	24	0.103
66	25	0.19
66	26	0.143
66	27	0.107
66	28	0.118
66	29	0.462
66	30	0.533
66	31	0.3
66	32	0.448
66	33	0.5
66	34	0.379
66	35	0.235
66	36	0
66	37	0.219
66	38	0
66	39	0.25
66	40	0.182
66	41	0.292
66	42	0.333
66	43	0.318
66	44	0.5
66	45	0.642
66	46	0.273
66	47	0.429
67	0	0.357
67	1	0
67	2	0.333
67	3	0.267
67	4	0.091
67	5	0
67	6	0
67	7	0
67	8	0
67	9	0
67	10	0
67	11	0
67	12	0
67	13	0
67	14	0
67	15	0
67	16	0
67	17	0.036
67	18	0.125
67	19	0
67	20	0.095
67	21	0.111
67	22	0.062
67	23	0.095
67	24	0.05
67	25	0
67	26	0.308
67	27	0.333
67	28	0.324
67	29	0.538
67	30	0.667
67	31	0.5
67	32	0.471
67	33	0.5
67	34	0.286
67	35	0.538
67	36	0
67	37	0.333
67	38	0
67	39	0.182
67	40	0
67	41	0.25
67	42	0.308
67	43	0.2
67	44	0.483
67	45	0.553
67	46	0.481
67	47	0.5
68	0	0.4
68	1	0
68	2	0
68	3	0
68	4	0
68	5	0
68	6	0
68	7	0
68	8	0
68	9	0
68	10	0
68	11	0
68	12	0
68	13	0
68	14	0
68	15	0
68	16	0
68	17	0.05
68	18	0.095
68	19	0
68	20	0
68	21	0
68	22	0
68	23	0
68	24	0
68	25	0
68	26	0
68	27	0
68	28	0.04
68	29	0.5
68	30	0.7
68	31	0.3
68	32	0.5
68	33	0.419
68	34	0.278
68	35	0.333
68	36	0.333
68	37	0.333
68	38	0.8
68	39	0.143
68	40	0.222
68	41	0.2
68	42	0.4
68	43	0.533
68	44	0.735
68	45	0.517
68	46	0.4
68	47	0.536
69	0	0.732
69	1	0.25
69	2	0.125
69	3	0.217
69	4	0
69	5	0
69	6	0
69	7	0
69	8	0
69	9	0
69	10	0
69	11	0
69	12	0
69	13	0.111
69	14	0.158
69	15	0
69	16	0
69	17	0.012
69	18	0.105
69	19	0.047
69	20	0.117
69	21	0.214
69	22	0.293
69	23	0.281
69	24	0.278
69	25	0.279
69	26	0.294
69	27	0.259
69	28	0.288
69	29	0.588
69	30	0.625
69	31	0.469
69	32	0.549
69	33	0.6
69	34	0.378
69	35	0.108
69	36	0.357
69	37	0.473
69	38	0.455
69	39	0.444
69	40	0.481
69	41	0.41
69	42	0.467
69	43	0.574
69	44	0.778
69	45	0.804
69	46	0.705
69	47	0.688
71	0	0
71	1	0
71	2	0
71	3	0.026
71	4	0
71	5	0
71	6	0
71	7	0
71	8	0
71	9	0
71	10	0
71	11	0
71	12	0
71	13	0.364
71	14	0.118
71	15	0
71	16	0
71	17	0
71	18	0.028
71	19	0
71	20	0
71	21	0
71	22	0.158
71	23	0.091
71	24	0.074
71	25	0.154
71	26	0.125
71	27	0.3
71	28	0.167
71	29	0.619
71	30	0.591
71	31	0.423
71	32	0.64
71	33	0.658
71	34	0.697
71	35	0.579
71	36	0.625
71	37	0.659
71	38	0.625
71	39	0.368
71	40	0.25
71	41	0.55
71	42	0.5
71	43	0.571
71	44	0.583
71	45	0.638
71	46	0.571
71	47	0.517
72	0	0.524
72	1	0
72	2	0
72	3	0
72	4	0
72	5	0
72	6	0
72	7	0
72	8	0
72	9	0
72	10	0
72	11	0
72	12	0
72	13	0.2
72	14	0.5
72	15	0
72	16	0
72	17	0.143
72	18	0.125
72	19	0.167
72	20	0.6
72	21	0.8
72	22	0.6
72	23	0.286
72	24	0.2
72	25	0.375
72	26	0.333
72	27	0.444
72	28	0.417
72	29	0.571
72	30	0.333
72	31	0.333
72	32	0.5
72	33	0.167
72	34	0.25
72	35	0.4
72	36	1
72	37	0.25
72	38	0.333
72	39	0.5
72	40	0
72	41	0.333
72	42	0.6
72	43	0.4
72	44	0.8
72	45	0.462
72	46	0.636
72	47	0.545
73	0	0
73	1	0
73	2	0.2
73	3	0.067
73	4	0
73	5	0
73	6	0
73	7	0
73	8	0
73	9	0
73	10	0
73	11	0
73	12	0
73	13	0.182
73	14	0.077
73	15	0
73	16	0
73	17	0
73	18	0.143
73	19	0.067
73	20	0.087
73	21	0.083
73	22	0.108
73	23	0.2
73	24	0.118
73	25	0.364
73	26	0.273
73	27	0.25
73	28	0.103
73	29	0.3
73	30	0.235
73	31	0.318
73	32	0.3
73	33	0.435
73	34	0.611
73	35	0.286
73	36	1
73	37	0.35
73	38	0.3
73	39	0.364
73	40	0.273
73	41	0.214
73	42	0.429
73	43	0.438
73	44	0.433
73	45	0.357
73	46	0.325
73	47	0.31
74	0	0.4
74	1	0.333
74	2	0
74	3	0
74	4	0
74	5	0
74	6	0
74	7	0
74	8	0
74	9	0
74	10	0
74	11	0
74	12	0
74	13	0.5
74	14	0.222
74	15	0
74	16	0
74	17	0
74	18	0.154
74	19	0
74	20	0.111
74	21	0
74	22	0.385
74	23	0.333
74	24	0.286
74	25	0.143
74	26	0.1
74	27	0.222
74	28	0
74	29	0.2
74	30	0.571
74	31	0.6
74	32	0.714
74	33	0.5
74	34	0.167
74	35	0.6
74	36	0.8
74	37	0.455
74	38	0.333
74	39	0.25
74	40	0
74	41	0.25
74	42	0.333
74	43	0.4
74	44	0.941
74	45	1
74	46	0.909
74	47	0.7
75	0	0.454
75	1	0
75	2	0
75	3	0.083
75	4	0
75	5	0
75	6	0
75	7	0
75	8	0
75	9	0
75	10	0
75	11	0
75	12	0
75	13	0.071
75	14	0.176
75	15	0
75	16	0
75	17	0.027
75	18	0.08
75	19	0.135
75	20	0.117
75	21	0.222
75	22	0.396
75	23	0.279
75	24	0.37
75	25	0.472
75	26	0.4
75	27	0.333
75	28	0.231
75	29	0.442
75	30	0.569
75	31	0.475
75	32	0.678
75	33	0.471
75	34	0.526
75	35	0.333
75	36	0.774
75	37	0.681
75	38	0.4
75	39	0.28
75	40	0.379
75	41	0.429
75	42	0.422
75	43	0.556
75	44	0.737
75	45	0.77
75	46	0.707
75	47	0.67
76	9	0
76	10	0
76	12	0
76	13	0
76	14	0
76	16	0
76	17	0
76	18	0
76	20	0
76	21	0
76	22	0
76	23	0
76	24	0
76	25	0
76	26	0
76	27	0
76	28	0
76	29	0
76	30	0
76	31	0
76	32	0
76	33	0
76	34	0
76	37	0
76	39	0
76	41	0
76	43	0
76	44	0
76	45	0
76	46	0
76	47	0
78	0	0.455
78	1	0.054
78	2	0
78	3	0.03
78	4	0
78	5	0
78	6	0
78	7	0
78	8	0
78	9	0
78	10	0
78	11	0
78	12	0
78	13	0
78	14	0.071
78	15	0
78	16	0
78	17	0
78	18	0
78	19	0.037
78	20	0.029
78	21	0.062
78	22	0.156
78	23	0.167
78	24	0.038
78	25	0.219
78	26	0.24
78	27	0.125
78	28	0.12
78	29	0.407
78	30	0.312
78	31	0.289
78	32	0.37
78	33	0.45
78	34	0.32
78	35	0.304
78	36	0.278
78	37	0.514
78	38	0.2
78	39	0.333
78	40	0.385
78	41	0.222
78	42	0.316
78	43	0.28
78	44	0.513
78	45	0.551
78	46	0.55
78	47	0.372
79	0	0.333
79	1	0
79	2	0
79	3	0
79	4	0
79	5	0
79	6	0
79	7	0
79	8	0
79	9	0
79	10	0
79	11	0
79	12	0
79	13	0
79	14	0.158
79	15	0
79	16	0
79	17	0.044
79	18	0.083
79	19	0
79	20	0
79	21	0
79	22	0.018
79	23	0.057
79	24	0.115
79	25	0
79	26	0
79	27	0.091
79	28	0.03
79	29	0.276
79	30	0.375
79	31	0.312
79	32	0.357
79	33	0.41
79	34	0.37
79	35	0.4
79	36	0.353
79	37	0.475
79	38	0.1
79	39	0.133
79	40	0.286
79	41	0.212
79	42	0.286
79	43	0.227
79	44	0.64
79	45	0.604
79	46	0.476
79	47	0.462
81	1	0
81	3	0.5
81	4	0
81	5	0
81	6	0
81	7	0
81	8	0
81	9	0
81	10	0
81	11	0
81	12	0
81	13	0.143
81	14	0.077
81	15	0
81	16	0
81	17	0
81	18	0
81	19	0
81	20	0
81	21	0
81	22	0.074
81	23	0
81	24	0.091
81	25	0.154
81	26	0.125
81	27	0.043
81	28	0.222
81	29	0.389
81	30	0.353
81	31	0.278
81	32	0.318
81	33	0.588
81	34	0.389
81	35	0.273
81	36	0.692
81	37	0.5
81	38	0.5
81	39	0.429
81	40	0.111
81	41	0.5
81	42	0.533
81	43	0.588
81	44	0.759
81	45	0.722
81	46	0.619
81	47	0.724
82	0	0
82	1	0.25
82	2	0
82	3	0.2
82	4	0
82	5	0
82	6	0
82	7	0
82	8	0
82	9	0
82	10	0
82	11	0
82	12	0
82	13	0
82	14	0
82	15	0
82	16	0
82	17	0.048
82	18	0
82	19	0.111
82	20	0.176
82	21	0.286
82	22	0.167
82	23	0.35
82	24	0.273
82	25	0.143
82	26	0.333
82	27	0.357
82	28	0.263
82	29	0.364
82	30	0.5
82	31	0.353
82	32	0.538
82	33	0.526
82	34	0.231
82	35	0.286
82	36	0.333
82	37	0.471
82	38	0
82	39	0.429
82	40	0.5
82	41	0.545
82	42	0.692
82	43	0.4
82	44	0.474
82	45	0.571
82	46	0.526
82	47	0.625
83	0	0.075
83	1	0
83	2	0
83	3	0.048
83	4	0
83	5	0
83	6	0
83	7	0
83	8	0
83	9	0
83	10	0
83	11	0
83	12	0
83	13	0.083
83	14	0
83	15	0
83	16	0
83	17	0.043
83	18	0
83	19	0
83	20	0
83	21	0
83	22	0.031
83	23	0
83	24	0
83	25	0
83	26	0
83	27	0
83	28	0.05
83	29	0.3
83	30	0.118
83	31	0.174
83	32	0.474
83	33	0.429
83	34	0.25
83	35	0.25
83	36	0.444
83	37	0.278
83	38	0.5
83	39	0.308
83	40	0.4
83	41	0.333
83	42	0.412
83	43	0.5
83	44	0.481
83	45	0.517
83	46	0.588
83	47	0.5
84	0	0.373
84	1	0
84	2	0
84	3	0
84	4	0
84	5	0
84	6	0
84	7	0
84	8	0
84	9	0
84	10	0
84	11	0
84	12	0
84	13	0
84	14	0
84	15	0
84	16	0
84	17	0
84	18	0
84	19	0.062
84	20	0.136
84	21	0
84	22	0.265
84	23	0.2
84	24	0.286
84	25	0.25
84	26	0.071
84	27	0.182
84	28	0.238
84	29	0.5
84	30	0.5
84	31	0.333
84	32	0.333
84	33	0.429
84	34	0.294
84	35	0.3
84	36	0.4
84	37	0.385
84	38	0.4
84	39	0.545
84	40	0.571
84	41	0.5
84	42	0.615
84	43	0.636
84	44	0.625
84	45	0.808
84	46	0.7
84	47	0.64
85	0	0.387
85	1	0.5
85	2	0.5
85	3	0.143
85	4	0
85	5	0
85	6	0
85	7	0
85	8	0
85	9	0
85	10	0
85	11	0
85	12	0
85	13	0.125
85	14	0
85	15	0
85	16	0
85	17	0.104
85	18	0.077
85	19	0
85	20	0
85	21	0
85	22	0
85	23	0.059
85	24	0
85	25	0
85	26	0.091
85	27	0.067
85	28	0.167
85	29	0.41
85	30	0.333
85	31	0.294
85	32	0.091
85	33	0.1
85	34	0.222
85	35	0.286
85	36	0
85	37	0.455
85	38	0.333
85	39	0.333
85	40	0.125
85	41	0.167
85	42	0.125
85	43	0.143
85	44	0.286
85	45	0.3
85	46	0.333
85	47	0
86	0	0.333
86	1	0
86	2	0.067
86	3	0.054
86	4	0
86	5	0
86	6	0
86	7	0.043
86	8	0.08
86	9	0
86	10	0.056
86	11	0
86	12	0.053
86	13	0
86	14	0.062
86	15	0
86	16	0
86	17	0
86	18	0.075
86	19	0
86	20	0
86	21	0
86	22	0.016
86	23	0
86	24	0
86	25	0
86	26	0
86	27	0.062
86	28	0.023
86	29	0.2
86	30	0.32
86	31	0.333
86	32	0.355
86	33	0.366
86	34	0.478
86	35	0.211
86	36	0
86	37	0.263
86	38	0.2
86	39	0.4
86	40	0.143
86	41	0.522
86	42	0.55
86	43	0.3
86	44	0.425
86	45	0.412
86	46	0.364
86	47	0.5
87	0	0.071
87	1	1
87	3	0.111
87	4	0
87	5	0
87	6	0
87	7	0
87	8	0
87	9	0
87	10	0
87	11	0
87	12	0
87	13	0
87	14	0.3
87	15	0
87	16	0
87	17	0.062
87	18	0
87	19	0
87	20	0
87	21	0
87	22	0.105
87	23	0
87	24	0
87	25	0
87	26	0
87	27	0.188
87	28	0
87	29	0.556
87	30	0.273
87	31	0.167
87	32	0.182
87	33	0.417
87	34	0.2
87	35	0.25
87	36	0
87	37	0.25
87	38	0
87	39	0.4
87	40	0
87	41	0.375
87	42	0
87	43	0.444
87	44	0.583
87	45	0.474
87	46	0.278
87	47	0.316
88	0	0.222
88	1	0.333
88	2	0.25
88	3	0.214
88	4	0
88	5	0
88	6	0
88	7	0.2
88	8	0.056
88	9	0
88	10	0.111
88	11	0
88	12	0.04
88	13	0.091
88	14	0.136
88	15	0
88	16	0
88	17	0.085
88	18	0.089
88	19	0.038
88	20	0.067
88	21	0.077
88	22	0.169
88	23	0.098
88	24	0.167
88	25	0.087
88	26	0
88	27	0.194
88	28	0.1
88	29	0.5
88	30	0.381
88	31	0.368
88	32	0.429
88	33	0.412
88	34	0.217
88	35	0.143
88	36	0.5
88	37	0.211
88	38	0.5
88	39	0.421
88	40	0.706
88	41	0.457
88	42	0.609
88	43	0.692
88	44	0.619
88	45	0.644
88	46	0.481
88	47	0.476
89	0	0
89	1	0
89	2	0
89	3	0
89	4	0
89	5	0
89	6	0
89	7	0
89	8	0
89	9	0
89	10	0
89	11	0
89	12	0
89	13	0
89	14	0
89	15	0
89	16	0
89	17	0.045
89	18	0.167
89	19	0
89	20	0.15
89	21	0
89	22	0.174
89	23	0
89	24	0
89	25	0
89	26	0.111
89	27	0.056
89	28	0.077
89	29	0.455
89	30	0.385
89	31	0.562
89	32	0.462
89	33	0.467
89	34	0.556
89	35	0.333
89	36	0
89	37	0.286
89	38	0.2
89	39	0.25
89	40	0
89	41	0.1
89	42	0.143
89	43	0.143
89	44	0.312
89	45	0.435
89	46	0.476
89	47	0.5
90	0	0.167
90	1	0
90	2	0.2
90	3	0.053
90	4	0
90	5	0
90	6	0.111
90	7	0
90	8	0
90	9	0
90	10	0
90	11	0
90	12	0
90	13	0.143
90	14	0
90	15	0
90	16	0
90	17	0.133
90	18	0.2
90	19	0.136
90	20	0.2
90	21	0.286
90	22	0.263
90	23	0.077
90	24	0.2
90	25	0.2
90	26	0.105
90	27	0.083
90	28	0.16
90	29	0.3
90	30	0.467
90	31	0.19
90	32	0.267
90	33	0.375
90	34	0.062
90	35	0.3
90	36	0
90	37	0.429
90	38	0.2
90	39	0.25
90	40	0.333
90	41	0.278
90	42	0.25
90	43	0.471
90	44	0.586
90	45	0.469
90	46	0.571
90	47	0.5
91	0	0.293
91	1	0
91	2	0.2
91	3	0.146
91	4	0
91	5	0
91	6	0
91	7	0.028
91	8	0
91	9	0
91	10	0
91	11	0
91	12	0
91	13	0.125
91	14	0.033
91	15	0
91	16	0
91	17	0.092
91	18	0.08
91	19	0.033
91	20	0
91	21	0
91	22	0.029
91	23	0
91	24	0
91	25	0
91	26	0
91	27	0
91	28	0
91	29	0.154
91	30	0.148
91	31	0.217
91	32	0.069
91	33	0.132
91	34	0
91	35	0.143
91	36	0.2
91	37	0.13
91	38	0
91	39	0.091
91	40	0.176
91	41	0.219
91	42	0.381
91	43	0.286
91	44	0.362
91	45	0.375
91	46	0.368
91	47	0.312
92	0	0
92	1	0
92	2	0.062
92	3	0
92	4	0
92	5	0
92	6	0
92	7	0
92	8	0
92	9	0
92	10	0
92	11	0
92	12	0
92	13	0
92	14	0
92	15	0
92	16	0
92	17	0.056
92	18	0.048
92	19	0
92	20	0.062
92	21	0
92	22	0.167
92	23	0.071
92	24	0.167
92	25	0
92	26	0.143
92	27	0.25
92	28	0.222
92	29	0.5
92	30	0.077
92	31	0.308
92	32	0.167
92	33	0.462
92	34	0.091
92	35	0.2
92	37	0.364
92	38	0.4
92	39	0.333
92	40	0.333
92	41	0.333
92	42	0.5
92	43	0.5
92	44	0.667
92	45	0.722
92	46	0.579
92	47	0.267
93	0	0.174
93	1	0
93	2	0
93	3	0
93	4	0
93	5	0
93	6	0
93	7	0
93	8	0
93	9	0
93	10	0
93	11	0
93	12	0
93	13	0
93	14	0
93	15	0
93	16	0
93	17	0.031
93	18	0.086
93	19	0.038
93	20	0
93	21	0
93	22	0.104
93	23	0.094
93	24	0.138
93	25	0.111
93	26	0.053
93	27	0.222
93	28	0.125
93	29	0.259
93	30	0.3
93	31	0.314
93	32	0.458
93	33	0.292
93	34	0.19
93	35	0.2
93	36	0
93	37	0.2
93	38	0.25
93	39	0.2
93	40	0.462
93	41	0.31
93	42	0.167
93	43	0.45
93	44	0.324
93	45	0.522
93	46	0.59
93	47	0.519
94	0	0.188
94	1	0
94	2	0
94	3	0.095
94	4	0
94	5	0
94	6	0
94	7	0
94	8	0
94	9	0
94	10	0
94	11	0
94	12	0
94	13	0
94	14	0.2
94	15	0
94	16	0
94	17	0.033
94	18	0.042
94	19	0
94	20	0
94	21	0
94	22	0.083
94	23	0.1
94	24	0.067
94	25	0.071
94	26	0.091
94	27	0.105
94	28	0.105
94	29	0.4
94	30	0.211
94	31	0.273
94	32	0.316
94	33	0.476
94	34	0.385
94	35	0.308
94	36	0
94	37	0.273
94	38	0.167
94	39	0.143
94	40	0.273
94	41	0.267
94	42	0.3
94	43	0.333
94	44	0.5
94	45	0.733
94	46	0.614
94	47	0.64
95	0	0.111
95	1	0
95	2	0
95	3	0
95	4	0
95	5	0
95	6	0
95	7	0
95	8	0
95	9	0
95	10	0
95	11	0
95	12	0
95	13	0.105
95	14	0.192
95	15	0
95	16	0
95	17	0.148
95	18	0.217
95	19	0.031
95	20	0.049
95	21	0.048
95	22	0.071
95	23	0.083
95	24	0.062
95	25	0.121
95	26	0.091
95	27	0.075
95	28	0.125
95	29	0.206
95	30	0.125
95	31	0.341
95	32	0.162
95	33	0.19
95	34	0.233
95	35	0.208
95	36	0.333
95	37	0.227
95	38	0.214
95	39	0.25
95	40	0.222
95	41	0.194
95	42	0.211
95	43	0.297
95	44	0.409
95	45	0.467
95	46	0.46
95	47	0.298
96	0	0.125
96	1	0
96	2	0
96	3	0
96	4	0
96	5	0
96	6	0
96	7	0
96	8	0
96	9	0
96	10	0
96	11	0
96	12	0
96	13	0
96	14	0.2
96	15	0
96	16	0
96	17	0
96	18	0
96	19	0
96	20	0
96	21	0
96	22	0.125
96	23	0.143
96	24	0.167
96	25	0
96	26	0.167
96	27	0
96	28	0.1
96	29	0.143
96	30	0.167
96	31	0.083
96	32	0.143
96	33	0.077
96	34	0.1
96	35	0
96	36	0
96	37	0
96	38	0
96	39	0
96	40	0
96	41	0
96	42	0
96	43	0
96	44	0.1
96	45	0.167
96	46	0.125
96	47	0.312
97	0	0.25
97	1	0
97	2	0
97	3	0
97	4	0
97	5	0
97	6	0
97	7	0
97	8	0
97	9	0
97	10	0
97	11	0
97	12	0
97	13	0
97	14	0.118
97	15	0
97	16	0
97	17	0
97	18	0.029
97	19	0
97	20	0.1
97	21	0.077
97	22	0.065
97	23	0
97	24	0
97	25	0
97	26	0.067
97	27	0
97	28	0.156
97	29	0.179
97	30	0.048
97	31	0.156
97	32	0.227
97	33	0.111
97	34	0.143
97	35	0.062
97	36	0
97	37	0
97	38	0.111
97	39	0.067
97	40	0.067
97	41	0.062
97	42	0.231
97	43	0.25
97	44	0.138
97	45	0.476
97	46	0.333
97	47	0.514
98	0	0.186
98	1	0.043
98	2	0.067
98	3	0.018
98	4	0
98	5	0
98	6	0
98	7	0.023
98	8	0
98	9	0
98	10	0
98	11	0
98	12	0
98	13	0.048
98	14	0.111
98	15	0
98	16	0
98	17	0.04
98	18	0.214
98	19	0
98	20	0.033
98	21	0
98	22	0.054
98	23	0.127
98	24	0.143
98	25	0.073
98	26	0.129
98	27	0.164
98	28	0.183
98	29	0.31
98	30	0.268
98	31	0.412
98	32	0.407
98	33	0.351
98	34	0.324
98	35	0.333
98	36	0
98	37	0.296
98	38	0.235
98	39	0.333
98	40	0.308
98	41	0.318
98	42	0.3
98	43	0.367
98	44	0.517
98	45	0.657
98	46	0.682
98	47	0.566
99	0	0
99	1	0
99	2	0
99	3	0
99	4	0
99	5	0
99	6	0
99	7	0
99	8	0
99	9	0
99	10	0
99	12	0
99	13	0
99	14	0.5
99	15	0
99	16	0
99	17	0
99	18	0
99	19	0
99	20	0
99	21	0
99	22	0
99	23	0
99	24	0
99	25	0
99	26	0
99	27	0
99	28	0
99	29	0
99	30	0
99	31	0
99	32	0
99	33	0
99	34	0
99	35	0
99	37	0
99	38	0
99	39	0
99	40	0
99	41	0
99	42	0
99	43	0
99	44	0
99	45	0.571
99	46	0
99	47	0.6
100	0	0.35
100	1	0
100	2	0
100	3	0
100	4	0
100	5	0
100	6	0
100	7	0
100	8	0
100	9	0
100	10	0
100	11	0
100	12	0
100	13	0
100	14	0
100	15	0
100	16	0
100	17	0
100	18	0.167
100	19	0
100	20	0.074
100	21	0
100	22	0.041
100	23	0.036
100	24	0.087
100	25	0.042
100	26	0
100	27	0.071
100	28	0.028
100	29	0.105
100	30	0.05
100	31	0.073
100	32	0.167
100	33	0.103
100	34	0.105
100	35	0.056
100	36	0
100	37	0.05
100	38	0.222
100	39	0.077
100	40	0.231
100	41	0.115
100	42	0
100	43	0.217
100	44	0.205
100	45	0.105
100	46	0.2
100	47	0.25
101	0	0.5
101	1	0
101	2	0
101	3	0
101	4	0
101	5	0
101	6	0
101	7	0
101	8	0
101	9	0
101	10	0
101	11	0
101	12	0
101	13	0
101	14	0
101	15	0
101	16	0
101	17	0
101	18	0.067
101	19	0
101	20	0
101	21	0
101	22	0.048
101	23	0.119
101	24	0.107
101	25	0.062
101	26	0.125
101	27	0.158
101	28	0.214
101	29	0.216
101	30	0.115
101	31	0.171
101	32	0.273
101	33	0.413
101	34	0.312
101	35	0.261
101	36	0
101	37	0.227
101	38	0.167
101	39	0.261
101	40	0.118
101	41	0.097
101	42	0.174
101	43	0.25
101	44	0.359
101	45	0.413
101	46	0.436
101	47	0.34
102	0	0.211
102	1	0
102	2	0
102	3	0.036
102	4	0
102	5	0
102	6	0
102	7	0
102	8	0
102	9	0
102	10	0
102	11	0
102	12	0
102	13	0
102	14	0.077
102	15	0
102	16	0
102	17	0
102	18	0
102	19	0
102	20	0
102	21	0.091
102	22	0.024
102	23	0
102	24	0
102	25	0
102	26	0
102	27	0
102	28	0
102	29	0.048
102	30	0.111
102	31	0.029
102	32	0
102	33	0.074
102	34	0.067
102	35	0
102	36	0
102	37	0.154
102	38	0.111
102	39	0.167
102	40	0
102	41	0.238
102	42	0.25
102	43	0.211
102	44	0.24
102	45	0.306
102	46	0.2
102	47	0.222
103	0	0.05
103	1	0
103	2	0
103	3	0
103	4	0.042
103	5	0
103	6	0
103	7	0
103	8	0
103	9	0
103	10	0
103	11	0
103	12	0
103	13	0
103	14	0
103	15	0
103	16	0
103	17	0
103	18	0.062
103	19	0
103	20	0
103	21	0
103	22	0.052
103	23	0.098
103	24	0.132
103	25	0.069
103	26	0.042
103	27	0.057
103	28	0.058
103	29	0.303
103	30	0.24
103	31	0.125
103	32	0.25
103	33	0.327
103	34	0.121
103	35	0.409
103	36	0
103	37	0.226
103	38	0.062
103	39	0.227
103	40	0.167
103	41	0.2
103	42	0.19
103	43	0.273
103	44	0.333
103	45	0.411
103	46	0.407
103	47	0.292
104	0	0.11
104	1	0
104	2	0.083
104	3	0.07
104	4	0
104	5	0
104	6	0
104	7	0
104	8	0
104	9	0
104	10	0
104	11	0
104	12	0
104	13	0
104	14	0
104	15	0
104	16	0
104	17	0
104	18	0
104	19	0.051
104	20	0.102
104	21	0.094
104	22	0.112
104	23	0.068
104	24	0.128
104	25	0.053
104	26	0.032
104	27	0.111
104	28	0.097
104	29	0.261
104	30	0.25
104	31	0.254
104	32	0.413
104	33	0.263
104	34	0.237
104	35	0.135
104	36	0.375
104	37	0.167
104	38	0.273
104	39	0.258
104	40	0.286
104	41	0.278
104	42	0.293
104	43	0.297
104	44	0.516
104	45	0.419
104	46	0.388
104	47	0.37
105	0	0.071
105	1	0
105	2	0
105	3	0.056
105	4	0
105	5	0
105	6	0
105	7	0
105	8	0
105	9	0
105	10	0
105	11	0
105	12	0
105	13	0
105	14	0
105	15	0
105	16	0
105	17	0
105	18	0.136
105	19	0
105	20	0.063
105	21	0.071
105	22	0.045
105	23	0.034
105	24	0.024
105	25	0.022
105	26	0
105	27	0
105	28	0.018
105	29	0.061
105	30	0.079
105	31	0.094
105	32	0.086
105	33	0.032
105	34	0
105	35	0.029
105	36	0.1
105	37	0.025
105	38	0
105	39	0.074
105	40	0.031
105	41	0.264
105	42	0.227
105	43	0.2
105	44	0.175
105	45	0.167
105	46	0.154
105	47	0.138
106	0	0.05
106	1	0
106	2	0
106	3	0.2
106	4	0.067
106	5	0
106	6	0
106	7	0
106	8	0
106	9	0
106	10	0
106	11	0
106	12	0
106	13	0
106	14	0.308
106	15	0
106	16	0
106	17	0.037
106	18	0.179
106	19	0.056
106	20	0.074
106	21	0.133
106	22	0.235
106	23	0.292
106	24	0.111
106	25	0.059
106	26	0.071
106	27	0.19
106	28	0.192
106	29	0.381
106	30	0.231
106	31	0.231
106	32	0.308
106	33	0.391
106	34	0.118
106	35	0.353
106	36	0
106	37	0.294
106	38	0.222
106	39	0.125
106	40	0.133
106	41	0.435
106	42	0.333
106	43	0.421
106	44	0.333
106	45	0.512
106	46	0.424
106	47	0.594
107	0	0.027
107	1	0
107	2	0
107	3	0
107	4	0
107	5	0
107	6	0
107	7	0
107	8	0
107	9	0
107	10	0
107	11	0
107	12	0
107	13	0
107	14	0
107	15	0
107	16	0
107	17	0.061
107	18	0.03
107	19	0
107	20	0.012
107	21	0
107	22	0
107	23	0
107	24	0
107	25	0
107	26	0
107	27	0
107	28	0
107	29	0
107	30	0
107	31	0.023
107	32	0.135
107	33	0.143
107	34	0.077
107	35	0.059
107	36	0.059
107	37	0.067
107	38	0.16
107	39	0.062
107	40	0.16
107	41	0.093
107	42	0.125
107	43	0.154
107	44	0.256
107	45	0.151
107	46	0.221
107	47	0.286
108	0	0
108	1	0
108	2	0
108	3	0
108	4	0
108	5	0
108	6	0
108	7	0
108	8	0
108	9	0
108	10	0
108	11	0
108	12	0
108	13	0
108	14	0
108	15	0
108	16	0
108	17	0.1
108	18	0
108	19	0.125
108	20	0.25
108	21	0.25
108	22	0.375
108	23	0.286
108	24	0.4
108	25	0
108	26	0.4
108	27	0.143
108	28	0
108	29	0.833
108	30	0
108	31	0.667
108	32	0.667
108	33	0.6
108	34	0.667
108	35	0.667
108	36	1
108	37	0
108	38	0.75
108	39	0.5
108	40	1
108	41	0.8
108	42	0.5
108	43	0.8
108	44	0.571
108	45	0.75
108	46	0.9
108	47	0.625
109	0	0.03
109	1	0
109	2	0
109	3	0
109	4	0
109	5	0
109	6	0
109	7	0
109	8	0
109	9	0
109	10	0
109	11	0
109	12	0
109	13	0
109	14	0
109	15	0
109	16	0
109	17	0
109	18	0
109	19	0
109	20	0
109	21	0
109	22	0.033
109	23	0
109	24	0
109	25	0
109	26	0
109	27	0
109	28	0
109	29	0
109	30	0.071
109	31	0.158
109	32	0.067
109	33	0.095
109	34	0.083
109	35	0.091
109	36	0
109	37	0.083
109	38	0.125
109	39	0
109	40	0
109	41	0.059
109	42	0
109	43	0.062
109	44	0.095
109	45	0.062
109	46	0.161
109	47	0.1
110	0	0.232
110	1	0
110	2	0
110	3	0.035
110	4	0
110	5	0
110	6	0
110	7	0
110	8	0
110	9	0
110	10	0
110	11	0
110	12	0
110	13	0.071
110	14	0
110	15	0
110	16	0
110	17	0.033
110	18	0.121
110	19	0.07
110	20	0.103
110	21	0.1
110	22	0.126
110	23	0.098
110	24	0.073
110	25	0.045
110	26	0.077
110	27	0.086
110	28	0.043
110	29	0.354
110	30	0.318
110	31	0.31
110	32	0.5
110	33	0.305
110	34	0.357
110	35	0.194
110	36	0.182
110	37	0.357
110	38	0.333
110	39	0.444
110	40	0.15
110	41	0.328
110	42	0.24
110	43	0.46
110	44	0.539
110	45	0.548
110	46	0.577
110	47	0.527
111	0	0
111	1	0
111	2	0.074
111	3	0
111	4	0
111	5	0
111	6	0
111	7	0
111	8	0
111	9	0
111	10	0
111	11	0
111	12	0
111	13	0
111	14	0.077
111	15	0
111	16	0
111	17	0
111	18	0.163
111	19	0
111	20	0
111	21	0
111	22	0
111	23	0
111	24	0
111	25	0
111	26	0
111	27	0
111	28	0
111	29	0.083
111	30	0.222
111	31	0.154
111	32	0.25
111	33	0
111	34	0.118
111	35	0.167
111	36	0
111	37	0.1
111	38	0
111	39	0.2
111	40	0.2
111	41	0.414
111	42	0.385
111	43	0.462
111	44	0.5
111	45	0.452
111	46	0.423
111	47	0.333
112	0	0
112	1	0
112	2	0
112	3	0
112	4	0
112	5	0
112	6	0
112	7	0
112	8	0
112	9	0
112	10	0
112	11	0
112	12	0
112	13	0
112	14	0
112	15	0
112	16	0
112	17	0
112	18	0.04
112	19	0
112	20	0
112	21	0.077
112	22	0.028
112	23	0
112	24	0
112	25	0
112	26	0
112	27	0
112	28	0
112	29	0.111
112	30	0
112	31	0.125
112	32	0.056
112	33	0.1
112	34	0.091
112	35	0
112	36	1
112	37	0
112	38	0.125
112	39	0.167
112	40	0.286
112	41	0.188
112	42	0.364
112	43	0.25
112	44	0.259
112	45	0.219
112	46	0.189
112	47	0.318
113	0	0.05
113	1	0
113	2	0
113	3	0
113	4	0
113	5	0
113	6	0
113	7	0
113	8	0
113	9	0
113	10	0
113	11	0
113	12	0
113	13	0.077
113	14	0.294
113	15	0
113	16	0
113	17	0
113	18	0
113	19	0.031
113	20	0.031
113	21	0.05
113	22	0.051
113	23	0.032
113	24	0.077
113	25	0.08
113	26	0.167
113	27	0.143
113	28	0.162
113	29	0.182
113	30	0.154
113	31	0.212
113	32	0.364
113	33	0.147
113	34	0.25
113	35	0.167
113	36	0.167
113	37	0.091
113	38	0.133
113	39	0.391
113	40	0.2
113	41	0.379
113	42	0.273
113	43	0.269
113	44	0.45
113	45	0.327
113	46	0.389
113	47	0.4
114	0	0.417
114	1	0.1
114	2	0
114	3	0.023
114	4	0
114	5	0
114	6	0
114	7	0
114	8	0
114	9	0
114	10	0
114	11	0
114	12	0
114	13	0
114	14	0.074
114	15	0
114	16	0
114	17	0.07
114	18	0.189
114	19	0.077
114	20	0.054
114	21	0
114	22	0.211
114	23	0.133
114	24	0.172
114	25	0.154
114	26	0.16
114	27	0.207
114	28	0.085
114	29	0.5
114	30	0.391
114	31	0.481
114	32	0.652
114	33	0.36
114	34	0.588
114	35	0.375
114	36	0.333
114	37	0.714
114	38	0.583
114	39	0.4
114	40	0.417
114	41	0.474
114	42	0.727
114	43	0.769
114	44	0.731
114	45	0.73
114	46	0.84
114	47	0.45
115	8	0
115	9	0
115	11	0
115	13	0
115	15	0
115	16	0
115	17	0
115	18	0
115	19	0
115	20	0
115	21	0
115	22	0
115	23	0
115	24	0
115	25	0
115	26	0
115	27	0
115	28	0
115	29	0.5
115	30	0.25
115	31	0.25
115	32	0.5
115	33	0.4
115	34	0.333
115	35	0.667
115	36	0
115	37	0.5
115	38	1
115	39	0.333
115	40	1
115	41	1
115	42	0.5
115	43	0.667
115	44	1
115	45	0.667
115	46	0.833
115	47	0.333
116	0	0.175
116	1	0
116	2	0
116	3	0.083
116	4	0
116	5	0
116	6	0
116	7	0
116	8	0
116	9	0
116	10	0
116	11	0
116	12	0
116	13	0
116	14	0
116	15	0
116	16	0
116	17	0
116	18	0
116	19	0
116	20	0
116	21	0
116	22	0.182
116	23	0.062
116	24	0
116	25	0
116	26	0
116	27	0.167
116	28	0.043
116	29	0.167
116	30	0.182
116	31	0.273
116	32	0.158
116	33	0.125
116	34	0.231
116	35	0.222
116	36	0
116	37	0.2
116	38	0.429
116	39	0.4
116	40	0.571
116	41	0.294
116	42	0.333
116	43	0.5
116	44	0.48
116	45	0.455
116	46	0.583
116	47	0.375
118	0	0.25
118	1	0
118	2	0
118	3	0.059
118	4	0
118	5	0
118	6	0
118	7	0
118	8	0
118	9	0
118	10	0
118	11	0
118	12	0
118	13	0
118	14	0.083
118	15	0
118	16	0
118	17	0
118	18	0.042
118	19	0.053
118	20	0
118	21	0
118	22	0.028
118	23	0
118	24	0
118	25	0
118	26	0
118	27	0.059
118	28	0.038
118	29	0.261
118	30	0.333
118	31	0.095
118	32	0.333
118	33	0.167
118	34	0.133
118	35	0.077
118	36	0
118	37	0.214
118	38	0.429
118	39	0.333
118	40	0.273
118	41	0.4
118	42	0.333
118	43	0.375
118	44	0.542
118	45	0.435
118	46	0.45
118	47	0.333
119	0	0.286
119	1	0.1
119	2	0
119	3	0.389
119	4	0
119	5	0
119	6	0
119	7	0
119	8	0
119	9	0
119	10	0
119	11	0
119	12	0
119	13	0
119	14	0.143
119	15	0
119	16	0
119	17	0
119	18	0.115
119	19	0.08
119	20	0
119	21	0
119	22	0.057
119	23	0.071
119	24	0.056
119	25	0
119	26	0
119	27	0.12
119	28	0.152
119	29	0.263
119	30	0.167
119	31	0.333
119	32	0.312
119	33	0.25
119	34	0.188
119	35	0
119	36	0
119	37	0.118
119	38	0.091
119	39	0.417
119	40	0.222
119	41	0.238
119	42	0.167
119	43	0.444
119	44	0.583
119	45	0.515
119	46	0.514
119	47	0.44
121	0	0.9
121	1	0
121	2	0
121	3	0.2
121	4	0
121	5	0
121	6	0
121	7	0
121	8	0
121	9	0
121	10	0
121	11	0
121	12	0
121	13	0
121	14	0.167
121	15	0
121	16	0
121	17	0
121	18	0
121	19	0
121	20	0
121	21	0
121	22	0
121	23	0
121	24	0
121	25	0
121	26	0
121	27	0
121	28	0
121	29	0.455
121	30	0.4
121	31	0.571
121	32	0.571
121	33	0.625
121	34	0.833
121	35	0.5
121	36	0
121	37	0.5
121	38	0.75
121	39	0.75
121	40	0.333
121	41	0.75
121	42	0.6
121	43	0.667
121	44	0.833
121	45	0.8
121	46	0.571
121	47	0.222
122	0	0.217
122	1	0
122	2	0
122	3	0.083
122	4	0.059
122	5	0
122	6	0
122	7	0
122	8	0
122	9	0
122	10	0
122	11	0
122	12	0
122	13	0
122	14	0.091
122	15	0
122	16	0
122	17	0.176
122	18	0.04
122	19	0.062
122	20	0.077
122	21	0
122	22	0.1
122	23	0.087
122	24	0
122	25	0
122	26	0.056
122	27	0.217
122	28	0.074
122	29	0.286
122	30	0.5
122	31	0.333
122	32	0.474
122	33	0.286
122	34	0.444
122	35	0.222
122	36	0.333
122	37	0.286
122	38	0.25
122	39	0.364
122	40	0.375
122	41	0.312
122	42	0.25
122	43	0.429
122	44	0.48
122	45	0.541
122	46	0.562
122	47	0.476
123	0	0.5
123	2	0
123	3	0
123	4	0
123	5	0
123	6	0
123	7	0
123	8	0
123	9	0
123	10	0
123	11	0
123	12	0
123	13	0
123	14	0
123	15	0
123	16	0
123	17	0
123	18	0
123	19	0
123	20	0
123	21	0
123	22	0
123	23	0
123	24	0
123	25	0
123	26	0
123	27	0
123	28	0
123	29	0
123	30	0
123	31	0
123	32	0
123	33	0
123	34	0
123	35	0
123	36	0
123	37	0
123	38	0
123	39	0
123	40	0
123	41	0
123	42	0
123	43	0
123	44	0
123	45	0
123	46	0
123	47	0.143
124	0	0.538
124	1	0
124	2	0
124	3	0
124	4	0
124	5	0
124	6	0
124	7	0
124	8	0
124	9	0
124	10	0
124	11	0
124	12	0
124	13	0
124	14	0
124	15	0
124	16	0
124	17	0.043
124	18	0.118
124	19	0.118
124	20	0
124	21	0.1
124	22	0.227
124	23	0.105
124	24	0.167
124	25	0
124	26	0.083
124	27	0.235
124	28	0.1
124	29	0.667
124	30	0.1
124	31	0.438
124	32	0.333
124	33	0.5
124	34	0.143
124	35	0.4
124	36	0
124	37	0.333
124	38	0.5
124	39	0.444
124	40	0.333
124	41	0.462
124	42	0.556
124	43	0.462
124	44	0.609
124	45	0.516
124	46	0.455
124	47	0.375
125	0	0.167
125	1	0
125	2	0
125	3	0
125	4	0
125	5	0
125	6	0
125	7	0
125	8	0
125	9	0
125	10	0
125	11	0
125	12	0
125	13	0
125	14	0
125	15	0
125	16	0
125	17	0
125	18	0
125	19	0.071
125	20	0.087
125	21	0.111
125	22	0.107
125	23	0.111
125	24	0.071
125	25	0.067
125	26	0.083
125	27	0.125
125	28	0.107
125	29	0.333
125	30	0.364
125	31	0.435
125	32	0.333
125	33	0.3
125	34	0.214
125	35	0.077
125	36	0
125	37	0.125
125	38	0.5
125	39	0.25
125	40	0.25
125	41	0.471
125	42	0.333
125	43	0.571
125	44	0.464
125	45	0.618
125	46	0.406
125	47	0.174
126	0	0.357
126	1	0
126	2	0
126	3	0
126	4	0
126	5	0
126	6	0
126	7	0
126	8	0
126	9	0
126	10	0
126	11	0
126	12	0
126	13	0.083
126	14	0
126	15	0
126	16	0
126	17	0.033
126	18	0
126	19	0
126	20	0.091
126	21	0.154
126	22	0.152
126	23	0.208
126	24	0.2
126	25	0.222
126	26	0.133
126	27	0.222
126	28	0.241
126	29	0.6
126	30	0.417
126	31	0.48
126	32	0.6
126	33	0.435
126	34	0.476
126	35	0.263
126	36	0
126	37	0.222
126	38	0.429
126	39	0.308
126	40	0.444
126	41	0.267
126	42	0.444
126	43	0.286
126	44	0.704
126	45	0.723
126	46	0.676
126	47	0.467
127	0	0.091
127	1	0
127	2	0
127	3	0.118
127	4	0
127	5	0
127	6	0
127	7	0
127	8	0
127	9	0
127	10	0
127	11	0
127	12	0
127	13	0
127	14	0.143
127	15	0
127	16	0
127	17	0
127	18	0.125
127	19	0.125
127	20	0.1
127	21	0.111
127	22	0.2
127	23	0.214
127	24	0.133
127	25	0.417
127	26	0.364
127	27	0.143
127	28	0.304
127	29	0.5
127	30	0.5
127	31	0.214
127	32	0.4
127	33	0.462
127	34	0.333
127	35	0.429
127	36	0.2
127	37	0.273
127	38	0.6
127	39	0.25
127	40	0.417
127	41	0.538
127	42	0.375
127	43	0.583
127	44	0.636
127	45	0.615
127	46	0.75
127	47	0.471
129	0	0
129	1	0.2
129	2	0
129	3	0.273
129	4	0
129	5	0
129	6	0
129	7	0
129	8	0
129	10	0
129	11	0
129	12	0
129	13	0
129	14	0
129	15	0
129	16	0
129	17	0
129	18	0
129	19	0.143
129	20	0
129	21	0
129	22	0.308
129	23	0.444
129	24	0.125
129	25	0.75
129	26	0.667
129	27	0.3
129	28	0.583
129	29	0.222
129	30	0.143
129	31	0.143
129	32	0.125
129	33	0.143
129	34	0
129	35	0
129	36	0
129	37	0.143
129	38	0
129	39	0.167
129	40	0.4
129	41	0.333
129	42	0.333
129	43	0.167
129	44	0.538
129	45	0.357
129	46	0.308
129	47	0
130	0	0.222
130	1	0
130	2	0
130	3	0
130	4	0
130	5	0
130	6	0
130	7	0
130	8	0
130	9	0
130	10	0
130	11	0
130	12	0
130	13	0.1
130	14	0
130	15	0
130	16	0
130	17	0
130	18	0.095
130	19	0
130	20	0
130	21	0
130	22	0
130	23	0
130	24	0.043
130	25	0
130	26	0
130	27	0.053
130	28	0.077
130	29	0.235
130	30	0.429
130	31	0.087
130	32	0.083
130	33	0
130	34	0.059
130	35	0.154
130	36	0
130	37	0.188
130	38	0
130	39	0.273
130	40	0.375
130	41	0.235
130	42	0.308
130	43	0.294
130	44	0.455
130	45	0.545
130	46	0.652
130	47	0.273
131	0	0
131	1	0.333
131	2	0.13
131	3	0
131	4	0
131	5	0
131	6	0
131	7	0
131	8	0
131	9	0
131	10	0
131	11	0
131	12	0
131	13	0.167
131	14	0
131	15	0
131	16	0
131	17	0
131	18	0
131	19	0
131	20	0
131	21	0
131	22	0
131	23	0
131	24	0
131	25	0
131	26	0
131	27	0
131	28	0
131	29	0
131	30	0.167
131	31	0
131	32	0
131	33	0
131	34	0
131	35	0
131	37	0
131	38	0
131	39	0
131	40	0
131	41	0
131	42	0
131	43	0
131	44	0.333
131	45	0.333
131	46	0.333
131	47	0.25
132	0	0
132	1	0
132	2	0
132	3	0.333
132	4	0
132	5	0
132	6	0
132	7	0
132	8	0
132	9	0
132	10	0
132	11	0
132	12	0
132	13	0
132	14	0.143
132	15	0
132	16	0
132	17	0
132	18	0
132	19	0
132	20	0.167
132	21	0.143
132	22	0.188
132	23	0.083
132	24	0.1
132	25	0.143
132	26	0.111
132	27	0.091
132	28	0.143
132	29	0.25
132	30	0.5
132	31	0.6
132	32	0.6
132	33	0.714
132	34	0.375
132	35	0.429
132	36	1
132	37	0.5
132	38	0.5
132	39	0.4
132	40	0.286
132	41	0.1
132	42	0.286
132	43	0.5
132	44	0.643
132	45	0.714
132	46	0.667
132	47	0.818
134	0	0
134	1	0
134	3	0
134	4	0
134	6	0
134	7	0
134	8	0
134	9	0
134	10	0
134	11	0
134	12	0
134	13	0
134	14	0.333
134	15	0
134	16	0
134	17	0
134	18	0.067
134	19	0
134	20	0
134	21	0
134	22	0
134	23	0
134	24	0
134	25	0
134	26	0
134	27	0
134	28	0
134	29	0.571
134	30	0.429
134	31	0.353
134	32	0.385
134	33	0.393
134	34	0.444
134	35	0.333
134	36	0
134	37	0.467
134	38	0.2
134	39	0.455
134	40	0.222
134	41	0.625
134	42	0.5
134	43	0.571
134	44	0.481
134	45	0.688
134	46	0.591
134	47	0.429
136	0	0.056
136	1	0.143
136	2	0
136	3	0.077
136	4	0
136	5	0
136	6	0
136	7	0
136	8	0
136	9	0
136	10	0
136	11	0
136	12	0
136	13	0.062
136	14	0
136	15	0
136	16	0
136	17	0
136	18	0.029
136	19	0
136	20	0.088
136	21	0.136
136	22	0.264
136	23	0.2
136	24	0.25
136	25	0.133
136	26	0.103
136	27	0.192
136	28	0.22
136	29	0.4
136	30	0.211
136	31	0.441
136	32	0.467
136	33	0.382
136	34	0.348
136	35	0.3
136	36	0.4
136	37	0.286
136	38	0.571
136	39	0.375
136	40	0.353
136	41	0.536
136	42	0.619
136	43	0.5
136	44	0.62
136	45	0.611
136	46	0.558
136	47	0.556
141	0	0.5
141	1	0
141	2	1
141	3	0.5
141	4	0
141	5	0
141	6	0
141	7	0
141	8	0
141	9	0
141	10	0
141	11	0
141	12	0
141	13	0.25
141	14	0
141	16	0
141	17	0
141	18	0
141	19	0.5
141	20	1
141	21	1
141	22	1
141	23	1
141	24	0.75
141	25	0
141	26	0.5
141	27	0.5
141	28	0.333
141	29	0.2
141	30	0.5
141	31	0.2
141	32	0.333
141	33	0.333
141	34	0.5
141	35	0.333
141	37	0.25
141	38	0
141	39	0.333
141	40	0.333
141	41	0.667
141	42	0
141	43	0.333
141	44	0.625
141	45	1
141	46	0.5
141	47	0.667
142	0	0.02
142	1	0.25
142	2	0
142	3	0.091
142	4	0
142	5	0
142	6	0
142	7	0
142	8	0
142	10	0
142	11	0
142	12	0
142	13	0
142	14	0.167
142	15	0
142	16	0
142	17	0
142	18	0
142	19	0
142	20	0
142	21	0
142	22	0
142	23	0
142	24	0
142	25	0
142	26	0
142	27	0
142	28	0
142	29	0.375
142	30	0.4
142	31	0.545
142	32	0.4
142	33	0.444
142	34	0
142	35	0
142	36	0
142	37	0
142	38	0
142	39	0
142	40	0.25
142	41	0.167
142	42	0
142	43	0.286
142	44	0.5
142	45	0.625
142	46	0.3
142	47	0.222
