"time"	"distance"	"value"
36	0	0.415
36	1	0.517
36	2	0.375
36	3	0
36	4	0.222
36	5	0.25
36	6	0.273
36	7	0.3
36	8	0.286
36	9	0.286
36	10	0.286
36	11	0.429
36	12	0.571
36	13	0.583
36	14	0.533
36	15	0.615
36	16	0.581
36	17	0.286
36	18	0
36	19	0
36	20	0.111
36	21	0
36	22	0
36	23	0.1
36	24	0.067
36	25	0
36	26	0.214
36	27	0.526
36	28	0
36	29	0
36	30	0
36	31	0
36	32	0.167
36	33	0.4
36	34	0.533
36	35	0.022
37	0	0.2
37	1	0.476
37	2	0.2
37	3	0
37	4	0
37	5	0.25
37	6	0.25
37	7	0
37	8	0.167
37	9	0.4
37	10	0.5
37	11	0.444
37	12	0.444
37	13	0.462
37	14	0.5
37	15	0.75
37	16	0.438
37	17	0.154
37	18	0.5
37	19	0
37	20	0.333
37	21	0.167
37	22	0.125
37	23	0.2
37	24	0.143
37	25	0
37	26	0.25
37	27	0.5
37	28	0.143
37	29	0
37	30	0
37	31	0
37	32	0
37	33	0
37	34	0
37	35	0
39	0	0.517
39	1	0.816
39	2	0.5
39	3	0.308
39	4	0.333
39	5	0.143
39	6	0.571
39	7	0.273
39	8	0.438
39	9	0.444
39	10	0.625
39	11	0.4
39	12	0.609
39	13	0.75
39	14	0.682
39	15	0.75
39	16	0.816
39	17	0.5
39	18	0.31
39	19	0.111
39	20	0.056
39	21	0.273
39	22	0.312
39	23	0.267
39	24	0.167
39	25	0
39	26	0.28
39	27	0.6
39	28	0
39	29	0
39	30	0
39	31	0
39	32	0.056
39	33	0.133
39	34	0.125
39	35	0.054
42	0	0.412
42	1	0.355
42	2	0.4
42	3	0.455
42	4	0.25
42	5	0.25
42	6	0.125
42	7	0.2
42	8	0.333
42	9	0.429
42	10	0.5
42	11	0.545
42	12	0.667
42	13	0.526
42	14	0.667
42	15	0.85
42	16	0.722
42	17	0.533
42	18	0.286
42	19	0.25
42	20	0.1
42	21	0.6
42	22	0.222
42	23	0.3
42	24	0
42	25	0
42	26	0.182
42	27	0.2
42	28	0
42	29	0
42	30	0
42	31	0
42	32	0
42	33	0.222
42	34	0.156
42	35	0
44	0	0.727
44	1	0.545
44	2	0.333
44	3	0.333
44	4	0.333
44	5	1
44	6	0.5
44	7	0.667
44	8	1
44	9	0.667
44	10	0.75
44	11	1
44	12	0.9
44	13	0.8
44	14	0.8
44	15	1
44	16	0.667
44	17	0.4
44	18	0.1
44	19	0
44	20	0.2
44	21	0
44	22	0.4
44	23	0
44	24	0.143
44	25	0
44	26	0
44	27	0.286
44	28	0
44	29	0
44	30	0
44	31	0
44	32	0.4
44	33	0.143
44	34	0.467
44	35	0
45	0	0.324
45	1	0.191
45	2	0.105
45	3	0
45	4	0
45	5	0
45	6	0
45	7	0
45	8	0.062
45	9	0
45	10	0.111
45	11	0.053
45	12	0.111
45	13	0.189
45	14	0
45	15	0.343
45	16	0.103
45	17	0.103
45	18	0
45	19	0
45	20	0
45	21	0
45	22	0
45	23	0.059
45	24	0.048
45	25	0
45	26	0.087
45	27	0.174
45	28	0
45	29	0
45	30	0
45	31	0
45	32	0
45	33	0.267
45	34	0.269
45	35	0
48	0	0.667
48	1	0.567
48	2	0.333
48	3	0.143
48	4	0
48	5	0
48	6	0.167
48	7	0.333
48	8	0.25
48	9	0.2
48	10	1
48	11	0
48	12	0.444
48	13	0.25
48	14	0.25
48	15	0.444
48	16	0.25
48	17	0.333
48	18	0
48	19	0
48	20	0
48	21	0
48	22	0
48	23	0
48	24	0
48	25	0
48	26	0.4
48	27	0.143
48	28	0
48	29	0
48	30	0
48	31	0
48	32	0
48	33	0
48	34	0
49	0	0.488
49	1	0.468
49	2	0.154
49	3	0.182
49	4	0
49	5	0
49	6	0.133
49	7	0.333
49	8	0.167
49	9	0.25
49	10	0.2
49	11	0.25
49	12	0.25
49	13	0.286
49	14	0.235
49	15	0.423
49	16	0.174
49	17	0.227
49	18	0
49	19	0
49	20	0
49	21	0
49	22	0
49	23	0.111
49	24	0
49	25	0
49	26	0.333
49	27	0.412
49	28	0.1
49	29	0
49	30	0
49	31	0
49	32	0
49	33	0.3
49	34	0.143
50	0	0.429
50	1	0.636
50	2	0.4
50	3	0.2
50	4	0.25
50	5	0
50	6	0.167
50	7	0.5
50	8	0
50	9	0
50	10	0
50	11	0
50	12	0
50	13	0
50	14	0.125
50	15	0
50	16	0.231
50	17	0
50	18	0
50	19	0
50	20	0
50	21	0
50	22	0
50	23	0
50	24	0
50	25	0
50	26	0
50	27	0
50	28	0
50	29	0
50	30	0
50	31	0
50	32	0
50	33	0
50	34	0
51	0	0.643
51	1	0.872
51	2	0.667
51	3	0.636
51	4	0.467
51	5	0.194
51	6	0.583
51	7	0.375
51	8	0.625
51	9	0.5
51	10	0.75
51	11	0.833
51	12	0.684
51	13	0.708
51	14	0.789
51	15	0.81
51	16	0.667
51	17	0.476
51	18	0.529
51	19	0.111
51	20	0.267
51	21	0.429
51	22	0.455
51	23	0.444
51	24	0
51	25	0
51	26	0.182
51	27	0.538
51	28	0
51	29	0
51	30	0
51	31	0
51	32	0.111
51	33	0.455
51	34	0.333
53	0	0.032
53	1	0.206
53	2	0.111
53	3	0.071
53	4	0.077
53	5	0.167
53	6	0.056
53	7	0
53	8	0.143
53	9	0.167
53	10	0.143
53	11	0.263
53	12	0.259
53	13	0.242
53	14	0.28
53	15	0.185
53	16	0.261
53	17	0
53	18	0.059
53	19	0
53	20	0
53	21	0
53	22	0
53	23	0
53	24	0
53	25	0
53	26	0.034
53	27	0
53	28	0
53	29	0
53	30	0
53	31	0
53	32	0.048
53	33	0.2
53	34	0.287
53	35	0.043
54	0	0.182
54	1	0.209
54	2	0.136
54	3	0.105
54	4	0.062
54	5	0.182
54	6	0.08
54	7	0.071
54	8	0.118
54	9	0.091
54	10	0.222
54	11	0.067
54	12	0.189
54	13	0.189
54	14	0.133
54	15	0.241
54	16	0.333
54	17	0.24
54	18	0.125
54	19	0
54	20	0
54	21	0
54	22	0.071
54	23	0
54	24	0.062
54	25	0
54	26	0.045
54	27	0.074
54	28	0
54	29	0
54	30	0
54	31	0
54	32	0
54	33	0.211
54	34	0.326
54	35	0.08
55	0	0.392
55	1	0.532
55	2	0.417
55	3	0.308
55	4	0.233
55	5	0.25
55	6	0.226
55	7	0.207
55	8	0.333
55	9	0.286
55	10	0.364
55	11	0.426
55	12	0.644
55	13	0.562
55	14	0.571
55	15	0.514
55	16	0.405
55	17	0.25
55	18	0.367
55	19	0.2
55	20	0.233
55	21	0.304
55	22	0.44
55	23	0.25
55	24	0.28
55	25	0.037
55	26	0.147
55	27	0.128
55	28	0.047
55	29	0
55	30	0.038
55	31	0.125
55	32	0.095
55	33	0.318
55	34	0.292
55	35	0.088
56	0	0.111
56	1	0.5
56	2	0.154
56	3	0
56	4	0.143
56	5	0.375
56	6	0.091
56	7	0
56	8	0.111
56	9	0.143
56	10	0
56	11	0.125
56	12	0.312
56	13	0.174
56	14	0.25
56	15	0.588
56	16	0.588
56	17	0.167
56	18	0.143
56	19	0
56	20	0.125
56	21	0
56	22	0.091
56	23	0
56	24	0.077
56	25	0
56	26	0.267
56	27	0.462
56	28	0.143
56	29	0
56	30	0
56	31	0
56	32	0.111
56	33	0.429
56	34	0.5
57	0	0.25
57	1	0.312
57	2	0.25
57	3	0.125
57	4	0
57	5	0.2
57	6	0.133
57	7	0.231
57	8	0.188
57	9	0.4
57	10	0.273
57	11	0.368
57	12	0.5
57	13	0.481
57	14	0.407
57	15	0.444
57	16	0.45
57	17	0.083
57	18	0
57	19	0
57	20	0
57	21	0
57	22	0
57	23	0
57	24	0
57	25	0
57	26	0
57	27	0
57	28	0
57	29	0
57	30	0
57	31	0
57	32	0
57	33	0.286
57	34	0.333
58	0	0.222
58	1	0.217
58	2	0.143
58	3	0.095
58	4	0.351
58	5	0.154
58	6	0.227
58	7	0.25
58	8	0.278
58	9	0.263
58	10	0.375
58	11	0.25
58	12	0.275
58	13	0.395
58	14	0.359
58	15	0.355
58	16	0.321
58	17	0.278
58	18	0.08
58	19	0
58	20	0.167
58	21	0.188
58	22	0.071
58	23	0.091
58	24	0.067
58	25	0
58	26	0.042
58	27	0.269
58	28	0
58	29	0
58	30	0
58	31	0
58	32	0.045
58	33	0.2
58	34	0.294
58	35	0.079
59	0	0.288
59	1	0.326
59	2	0.229
59	3	0.156
59	4	0.194
59	5	0.158
59	6	0.171
59	7	0.08
59	8	0.094
59	9	0.077
59	10	0.083
59	11	0.226
59	12	0.431
59	13	0.42
59	14	0.394
59	15	0.318
59	16	0.383
59	17	0.207
59	18	0.154
59	19	0
59	20	0.059
59	21	0.12
59	22	0.107
59	23	0.094
59	24	0.032
59	25	0
59	26	0.116
59	27	0.2
59	28	0.022
59	29	0
59	30	0
59	31	0
59	32	0
59	33	0.071
59	34	0.132
59	35	0.015
61	0	0.353
61	1	0.355
61	2	0.308
61	3	0.095
61	4	0.111
61	5	0.111
61	6	0.056
61	7	0.214
61	8	0.211
61	9	0.188
61	10	0.3
61	11	0.348
61	12	0.441
61	13	0.467
61	14	0.464
61	15	0.5
61	16	0.469
61	17	0.071
61	18	0.083
61	19	0.083
61	20	0.176
61	21	0.154
61	22	0.158
61	23	0.111
61	24	0
61	25	0
61	26	0.212
61	27	0.318
61	28	0
61	29	0
61	30	0
61	31	0
61	32	0.105
61	33	0.25
61	34	0.154
62	0	0.187
62	1	0.416
62	2	0.143
62	3	0.194
62	4	0.103
62	5	0.2
62	6	0.132
62	7	0.15
62	8	0.067
62	9	0.111
62	10	0.2
62	11	0.226
62	12	0.321
62	13	0.451
62	14	0.321
62	15	0.295
62	16	0.255
62	17	0.107
62	18	0.067
62	19	0
62	20	0.054
62	21	0.125
62	22	0.067
62	23	0.053
62	24	0
62	25	0
62	26	0.061
62	27	0.229
62	28	0.038
62	29	0
62	30	0
62	31	0
62	32	0
62	33	0.2
62	34	0.305
62	35	0.07
64	0	0.203
64	1	0.353
64	2	0.256
64	3	0.067
64	4	0.088
64	5	0.042
64	6	0.256
64	7	0.05
64	8	0.115
64	9	0.091
64	10	0.176
64	11	0.32
64	12	0.333
64	13	0.333
64	14	0.365
64	15	0.326
64	16	0.333
64	17	0.213
64	18	0.116
64	19	0.091
64	20	0.062
64	21	0.115
64	22	0.037
64	23	0.094
64	24	0
64	25	0
64	26	0.147
64	27	0.162
64	28	0
64	29	0
64	30	0
64	31	0
64	32	0.1
64	33	0.596
64	34	0.259
64	35	0
65	0	0.333
65	1	0.421
65	2	0.444
65	3	0.167
65	4	0.455
65	5	0.5
65	6	0.571
65	7	0.333
65	8	0.231
65	9	0.444
65	10	0.5
65	11	0.385
65	12	0.353
65	13	0.37
65	14	0.471
65	15	0.429
65	16	0.235
65	17	0.125
65	18	0.091
65	19	0
65	20	0
65	21	0.1
65	22	0.333
65	23	0.2
65	24	0.1
65	25	0
65	26	0.273
65	27	0.333
65	28	0
65	29	0
65	30	0
65	31	0
65	32	0
65	33	0.417
65	34	0.176
65	35	0.075
66	0	0.237
66	1	0.333
66	2	0.316
66	3	0
66	4	0.083
66	5	0
66	6	0.167
66	7	0.222
66	8	0.067
66	9	0.154
66	10	0.4
66	11	0.136
66	12	0.192
66	13	0.577
66	14	0.118
66	15	0.333
66	16	0.214
66	17	0.195
66	18	0.1
66	19	0
66	20	0
66	21	0
66	22	0.167
66	23	0.091
66	24	0
66	25	0
66	26	0
66	27	0
66	28	0.059
66	29	0
66	30	0
66	31	0
66	32	0
66	33	0
66	34	0.167
67	0	0.588
67	1	0.75
67	2	0.625
67	3	0.5
67	4	0.45
67	5	0.571
67	6	0.688
67	7	0.5
67	8	0.733
67	9	0.429
67	10	0.556
67	11	0.789
67	12	0.871
67	13	0.872
67	14	0.821
67	15	1
67	16	0.75
67	17	0.364
67	18	0.095
67	19	0
67	20	0.188
67	21	0.231
67	22	0.357
67	23	0.1
67	24	0.095
67	25	0
67	26	0.13
67	27	0.19
67	28	0
67	29	0
67	30	0
67	31	0
67	32	0.077
67	33	0.214
67	34	0.581
67	35	0.14
68	0	0.322
68	1	0.469
68	2	0.425
68	3	0.182
68	4	0.308
68	5	0.25
68	6	0.194
68	7	0.182
68	8	0.304
68	9	0.263
68	10	0.167
68	11	0.353
68	12	0.412
68	13	0.468
68	14	0.364
68	15	0.439
68	16	0.405
68	17	0.2
68	18	0.185
68	19	0.2
68	20	0.16
68	21	0.278
68	22	0.231
68	23	0.16
68	24	0
68	25	0
68	26	0.059
68	27	0.25
68	28	0
68	29	0
68	30	0
68	31	0
68	32	0
68	33	0.214
68	34	0.579
68	35	0.126
69	0	0.154
69	1	0.227
69	2	0.083
69	3	0.167
69	4	0.143
69	5	0.143
69	6	0.111
69	7	0.25
69	8	0
69	9	0.333
69	10	0
69	11	0.125
69	12	0.214
69	13	0.312
69	14	0.3
69	15	0.333
69	16	0.273
69	17	0
69	18	0.214
69	19	0
69	20	0.333
69	21	0.167
69	22	0.111
69	23	0.333
69	24	0.143
69	25	0
69	26	0
69	27	0.154
69	28	0
69	29	0
69	30	0
69	31	0
69	32	0.2
69	33	0.1
69	34	0.25
69	35	0.057
70	0	0.462
70	1	0.634
70	2	0.296
70	3	0.357
70	4	0.174
70	5	0.231
70	6	0.167
70	7	0.1
70	8	0.071
70	9	0.214
70	10	0.25
70	11	0.231
70	12	0.286
70	13	0.404
70	14	0.346
70	15	0.321
70	16	0.269
70	17	0.294
70	18	0.105
70	19	0.083
70	20	0
70	21	0.067
70	22	0.125
70	23	0
70	24	0.111
70	25	0.048
70	26	0.188
70	27	0
70	28	0.103
70	29	0.037
70	30	0
70	31	0
70	32	0
70	33	0.429
70	34	0.254
70	35	0.094
71	0	0.492
71	1	0.606
71	2	0.515
71	3	0.24
71	4	0.13
71	5	0.154
71	6	0.258
71	7	0.214
71	8	0.154
71	9	0.067
71	10	0.333
71	11	0.362
71	12	0.571
71	13	0.611
71	14	0.425
71	15	0.59
71	16	0.378
71	17	0.071
71	18	0.211
71	19	0
71	20	0.148
71	21	0.15
71	22	0.174
71	23	0.2
71	24	0.1
71	25	0.038
71	26	0.095
71	27	0.171
71	28	0.059
71	29	0
71	30	0.045
71	31	0
71	32	0.136
71	33	0.15
71	34	0.128
71	35	0.083
72	0	0.44
72	1	0.704
72	2	0.545
72	3	0.235
72	4	0.333
72	5	0
72	6	0
72	7	0.2
72	8	0.111
72	9	0.222
72	10	0.111
72	11	0.222
72	12	0.469
72	13	0.417
72	14	0.417
72	15	0.304
72	16	0.231
72	17	0.077
72	18	0
72	19	0.167
72	20	0
72	21	0.154
72	22	0.083
72	23	0.05
72	24	0
72	25	0
72	26	0.118
72	27	0.273
72	28	0.037
72	29	0
72	30	0
72	31	0
72	32	0
72	33	0.385
72	34	0.154
73	0	0.333
73	1	0.683
73	2	0.412
73	3	0.375
73	4	0.308
73	5	0.286
73	6	0.25
73	7	0.5
73	8	0.357
73	9	0.444
73	10	0.429
73	11	0.458
73	12	0.375
73	13	0.568
73	14	0.421
73	15	0.476
73	16	0.429
73	17	0
73	18	0
73	19	0.167
73	20	0
73	21	0
73	22	0
73	23	0.071
73	24	0.056
73	25	0
73	26	0
73	27	0.19
73	28	0
73	29	0
73	30	0
73	31	0
73	32	0.133
73	33	0.286
73	34	0.115
73	35	0
74	0	0.362
74	1	0.555
74	2	0.54
74	3	0.282
74	4	0.256
74	5	0.294
74	6	0.378
74	7	0.25
74	8	0.379
74	9	0.25
74	10	0.353
74	11	0.315
74	12	0.403
74	13	0.5
74	14	0.434
74	15	0.365
74	16	0.345
74	17	0.156
74	18	0.067
74	19	0
74	20	0.1
74	21	0.1
74	22	0.107
74	23	0.108
74	24	0
74	25	0
74	26	0.024
74	27	0.163
74	28	0.019
74	29	0
74	30	0
74	31	0
74	32	0.146
74	33	0.256
74	34	0.348
75	0	0.321
75	1	0.455
75	2	0.294
75	3	0.286
75	4	0.111
75	5	0.143
75	6	0.333
75	7	0.273
75	8	0.25
75	9	0.333
75	10	0.167
75	11	0.375
75	12	0.435
75	13	0.407
75	14	0.476
75	15	0.438
75	16	0.25
75	17	0.111
75	18	0
75	19	0
75	20	0.125
75	21	0.125
75	22	0.125
75	23	0
75	24	0
75	25	0
75	26	0
75	27	0.133
75	28	0
75	29	0
75	30	0
75	31	0
75	32	0
75	33	0.25
75	34	0.411
76	0	0.308
76	1	0.545
76	2	0.421
76	3	0.5
76	4	0.308
76	5	0
76	6	0.467
76	7	0.143
76	8	0.273
76	9	0.4
76	10	0.286
76	11	0.368
76	12	0.318
76	13	0.625
76	14	0.476
76	15	0.529
76	16	0.636
76	17	0.222
76	18	0.5
76	19	0.5
76	20	0.25
76	21	0.429
76	22	0.182
76	23	0.167
76	24	0.167
76	25	0
76	26	0.071
76	27	0.211
76	28	0
76	29	0
76	30	0
76	31	0
76	32	0
76	33	0.571
76	34	0.774
77	0	0.476
77	1	0.595
77	2	0.4
77	3	0.424
77	4	0.31
77	5	0.182
77	6	0.389
77	7	0.28
77	8	0.346
77	9	0.37
77	10	0.5
77	11	0.5
77	12	0.561
77	13	0.682
77	14	0.516
77	15	0.509
77	16	0.5
77	17	0.393
77	18	0.136
77	19	0.286
77	20	0.162
77	21	0.167
77	22	0.286
77	23	0.276
77	24	0.049
77	25	0
77	26	0.051
77	27	0.067
77	28	0
77	29	0
77	30	0
77	31	0.043
77	32	0.037
77	33	0.324
77	34	0.403
77	35	0.152
78	0	0.548
78	1	0.739
78	2	0.786
78	3	0.438
78	4	0.273
78	5	0.5
78	6	0.474
78	7	0.857
78	8	0.375
78	9	0.6
78	10	0.667
78	11	0.667
78	12	0.84
78	13	0.806
78	14	0.773
78	15	0.833
78	16	0.682
78	17	0.429
78	18	0.312
78	19	0
78	20	0.357
78	21	0.333
78	22	0.143
78	23	0.312
78	24	0
78	25	0
78	26	0.2
78	27	0.1
78	28	0
78	29	0
78	30	0
78	31	0
78	32	0
78	33	0.5
78	34	0.667
79	0	0.243
79	1	0.532
79	2	0.379
79	3	0.167
79	4	0.105
79	5	0.2
79	6	0.28
79	7	0.143
79	8	0.235
79	9	0.2
79	10	0.167
79	11	0.357
79	12	0.343
79	13	0.415
79	14	0.471
79	15	0.429
79	16	0.4
79	17	0.25
79	18	0.263
79	19	0.2
79	20	0.158
79	21	0.154
79	22	0.286
79	23	0.15
79	24	0.077
79	25	0
79	26	0
79	27	0.038
79	28	0
79	29	0
79	30	0
79	31	0
79	32	0
79	33	0.045
79	34	0.163
79	35	0.062
80	0	0.067
80	1	0.091
80	2	0
80	3	0
80	4	0
80	6	0.125
80	7	0
80	8	0
80	9	0
80	10	0
80	11	0.333
80	12	0.182
80	13	0.444
80	14	0.364
80	15	0.214
80	16	0.417
80	17	0
80	18	0
80	19	0
80	20	0
80	21	0
80	22	0
80	23	0
80	24	0.111
80	25	0
80	26	0
80	27	0
80	28	0
80	29	0
80	30	0
80	31	0
80	32	0
80	33	0.077
80	34	0.133
81	0	0.414
81	1	0.483
81	2	0.45
81	3	0.684
81	4	0.333
81	5	0.1
81	6	0.167
81	7	0.205
81	8	0.333
81	9	0.182
81	10	0.3
81	11	0.25
81	12	0.655
81	13	0.676
81	14	0.727
81	15	0.519
81	16	0.586
81	17	0.077
81	18	0.261
81	19	0
81	20	0.158
81	21	0.273
81	22	0.235
81	23	0.286
81	24	0.105
81	25	0
81	26	0.13
81	27	0.095
81	28	0
81	29	0
81	30	0
81	31	0
81	32	0
81	33	0.25
81	34	0.5
81	35	0.056
82	0	0.393
82	1	0.421
82	2	0.222
82	3	0.29
82	4	0.233
82	5	0.2
82	6	0.2
82	7	0.182
82	8	0.5
82	9	0.286
82	10	0.533
82	11	0.239
82	12	0.5
82	13	0.559
82	14	0.415
82	15	0.476
82	16	0.364
82	17	0.235
82	18	0.152
82	19	0.071
82	20	0.174
82	21	0.15
82	22	0.08
82	23	0.208
82	24	0
82	25	0
82	26	0.111
82	27	0.114
82	28	0
82	29	0
82	30	0
82	31	0
82	32	0.034
82	33	0.032
82	34	0.585
82	35	0.094
83	0	0.556
83	1	0.606
83	2	0.45
83	3	0.235
83	4	0.417
83	5	0.333
83	6	0.381
83	7	0.357
83	8	0.4
83	9	0.333
83	10	0.429
83	11	0.5
83	12	0.552
83	13	0.605
83	14	0.516
83	15	0.514
83	16	0.393
83	17	0.375
83	18	0.143
83	19	0.111
83	20	0.25
83	21	0.2
83	22	0.2
83	23	0.308
83	24	0.16
83	25	0
83	26	0.056
83	27	0.105
83	28	0
83	29	0
83	30	0
83	31	0
83	32	0
83	33	0.05
83	34	0.048
84	0	0.125
84	1	0.5
84	2	0.214
84	3	0.077
84	4	0.1
84	5	0
84	6	0.214
84	7	0.083
84	8	0.143
84	9	0.125
84	10	0.167
84	11	0.316
84	12	0.455
84	13	0.69
84	14	0.647
84	15	0.429
84	16	0.562
84	17	0.333
84	18	0.1
84	19	0
84	20	0.154
84	21	0.5
84	22	0.111
84	23	0.083
84	24	0
84	25	0
84	26	0
84	27	0.067
84	28	0
84	29	0
84	30	0
84	31	0
84	32	0
84	33	0.111
84	34	0.481
84	35	0.429
85	0	0.381
85	1	0.421
85	2	0.333
85	3	0.35
85	4	0.273
85	5	0.111
85	6	0.379
85	7	0.333
85	8	0.333
85	9	0.294
85	10	0.333
85	11	0.467
85	12	0.625
85	13	0.562
85	14	0.576
85	15	0.667
85	16	0.5
85	17	0.188
85	18	0.136
85	19	0.333
85	20	0.115
85	21	0.25
85	22	0.182
85	23	0.267
85	24	0.19
85	25	0
85	26	0.111
85	27	0.185
85	28	0.038
85	29	0
85	30	0
85	31	0
85	32	0
85	33	0.1
85	34	0.606
85	35	0.206
86	0	0.298
86	1	0.338
86	2	0.277
86	3	0.211
86	4	0.154
86	5	0.238
86	6	0.182
86	7	0.138
86	8	0.286
86	9	0.172
86	10	0.273
86	11	0.241
86	12	0.375
86	13	0.452
86	14	0.304
86	15	0.279
86	16	0.286
86	17	0.043
86	18	0.048
86	19	0
86	20	0.043
86	21	0.12
86	22	0.086
86	23	0.033
86	24	0
86	25	0
86	26	0.15
86	27	0.212
86	28	0
86	29	0
86	30	0.018
86	31	0
86	32	0.107
86	33	0.394
86	34	0.385
86	35	0.526
87	16	0.5
87	17	1
87	18	1
87	19	1
87	21	1
87	23	1
87	24	0
87	25	0
87	26	0
87	27	0
87	28	0
87	29	0
87	30	0
87	32	0
87	33	1
87	34	1
88	0	0.2
88	1	0.258
88	2	0.292
88	3	0.109
88	4	0.146
88	5	0.048
88	6	0.062
88	7	0.097
88	8	0.206
88	9	0.176
88	10	0.182
88	11	0.246
88	12	0.317
88	13	0.392
88	14	0.3
88	15	0.319
88	16	0.305
88	17	0.108
88	18	0.021
88	19	0
88	20	0.023
88	21	0.028
88	22	0.056
88	23	0.024
88	24	0
88	25	0.022
88	26	0.135
88	27	0.231
88	28	0.052
88	29	0.024
88	30	0.056
88	31	0
88	32	0.105
88	33	0.261
88	34	0.185
88	35	0.47
89	0	0.182
89	1	0.188
89	2	0.286
89	3	0.25
89	4	0.333
89	5	0
89	6	0.273
89	7	0.182
89	8	0.143
89	9	0.333
89	10	0
89	11	0.2
89	12	0.17
89	13	0.391
89	14	0.455
89	15	0.467
89	16	0.333
89	17	0.25
89	18	0.077
89	19	0.333
89	20	0.1
89	21	0
89	22	0.091
89	23	0
89	24	0
89	25	0.083
89	26	0.286
89	27	0.083
89	28	0.111
89	29	0
89	30	0.125
89	31	0
89	32	0
89	33	0
89	34	0.118
90	0	0.45
90	1	0.516
90	2	0.333
90	3	0.2
90	4	0.2
90	5	0
90	6	0.15
90	7	0.1
90	8	0.154
90	9	0.286
90	10	0.333
90	11	0.231
90	12	0.333
90	13	0.381
90	14	0.333
90	15	0.28
90	16	0.32
90	17	0.125
90	18	0
90	19	0
90	20	0.071
90	21	0.083
90	22	0
90	23	0.067
90	24	0
90	25	0
90	26	0.111
90	27	0.31
90	28	0
90	29	0
90	30	0
90	31	0
90	32	0
90	33	0.111
90	34	0.167
90	35	0.299
91	0	0.133
91	1	0.186
91	2	0.158
91	3	0.048
91	4	0
91	5	0.111
91	6	0.038
91	7	0.062
91	8	0.062
91	9	0.077
91	10	0
91	11	0.115
91	12	0.135
91	13	0.136
91	14	0.143
91	15	0.152
91	16	0.2
91	17	0
91	18	0.125
91	19	0
91	20	0
91	21	0
91	22	0.118
91	23	0.067
91	24	0
91	25	0
91	26	0
91	27	0.05
91	28	0.033
91	29	0.079
91	30	0.053
91	31	0
91	32	0
91	33	0.158
91	34	0.104
91	35	0
92	0	0.109
92	1	0.288
92	2	0.133
92	3	0.194
92	4	0.179
92	5	0.2
92	6	0.216
92	7	0.235
92	8	0.053
92	9	0.08
92	10	0.091
92	11	0.125
92	12	0.191
92	13	0.2
92	14	0.167
92	15	0.19
92	16	0.179
92	17	0
92	18	0
92	19	0
92	20	0
92	21	0
92	22	0
92	23	0
92	24	0
92	25	0
92	26	0.056
92	27	0.132
92	28	0
92	29	0
92	30	0
92	31	0
92	32	0
92	33	0.167
92	34	0.039
92	35	0.112
93	0	0.189
93	1	0.244
93	2	0.188
93	3	0.219
93	4	0.235
93	5	0.053
93	6	0.161
93	7	0.214
93	8	0.2
93	9	0.2
93	10	0.125
93	11	0.304
93	12	0.326
93	13	0.5
93	14	0.424
93	15	0.364
93	16	0.375
93	17	0.125
93	18	0.12
93	19	0
93	20	0.1
93	21	0.059
93	22	0
93	23	0.077
93	24	0
93	25	0
93	26	0.032
93	27	0.179
93	28	0
93	29	0
93	30	0
93	31	0
93	32	0
93	33	0.217
93	34	0.195
93	35	0.047
94	0	0.225
94	1	0.241
94	2	0.24
94	3	0.19
94	4	0.277
94	5	0.269
94	6	0.233
94	7	0.143
94	8	0.297
94	9	0.167
94	10	0.227
94	11	0.346
94	12	0.4
94	13	0.511
94	14	0.429
94	15	0.323
94	16	0.268
94	17	0.074
94	18	0.045
94	19	0
94	20	0.108
94	21	0
94	22	0.054
94	23	0.038
94	24	0.049
94	25	0
94	26	0.106
94	27	0.131
94	28	0
94	29	0
94	30	0
94	31	0
94	32	0.067
94	33	0.191
94	34	0.49
94	35	0.355
95	1	0
95	2	0
95	3	0
95	4	0
95	5	0
95	6	0
95	7	0
95	8	0
95	9	0
95	11	0
95	12	0.333
95	13	0.5
95	14	0.5
95	15	0.25
95	16	0.5
95	17	0
95	18	0
95	19	0
95	21	0
95	22	0
95	23	0
95	24	0
95	25	0
95	26	0
95	27	0
95	28	0
95	29	0
95	30	0
95	31	0
95	32	0
95	33	0
95	34	0.667
96	0	0.184
96	1	0.273
96	2	0.269
96	3	0.258
96	4	0.348
96	5	0.188
96	6	0.222
96	7	0.105
96	8	0.174
96	9	0.222
96	10	0.364
96	11	0.2
96	12	0.325
96	13	0.382
96	14	0.235
96	15	0.425
96	16	0.222
96	17	0.067
96	18	0.16
96	19	0
96	20	0.125
96	21	0.143
96	22	0
96	23	0.087
96	24	0.105
96	25	0.048
96	26	0.148
96	27	0.188
96	28	0.152
96	29	0.073
96	30	0.071
96	31	0
96	32	0
96	33	0.2
96	34	0.141
96	35	0.638
97	0	0.402
97	1	0.337
97	2	0.229
97	3	0.184
97	4	0.105
97	5	0.208
97	6	0.182
97	7	0.179
97	8	0.175
97	9	0.219
97	10	0.25
97	11	0.305
97	12	0.431
97	13	0.456
97	14	0.464
97	15	0.357
97	16	0.339
97	17	0.094
97	18	0.021
97	19	0.167
97	20	0.04
97	21	0.03
97	22	0.054
97	23	0.038
97	24	0.021
97	25	0
97	26	0.159
97	27	0.167
97	28	0.019
97	29	0
97	30	0
97	31	0
97	32	0.028
97	33	0.312
97	34	0.62
97	35	0.204
98	0	0.3
98	1	0.273
98	2	0.4
98	3	0.6
98	4	0.4
98	5	0.333
98	6	0.5
98	7	0.5
98	8	0
98	9	0.4
98	10	0.5
98	11	0.6
98	12	0.556
98	13	0.846
98	14	0.8
98	15	0.889
98	16	0.889
98	17	0.5
98	18	0.5
98	19	0.4
98	20	0.4
98	21	0.5
98	22	0.333
98	23	0.5
98	24	0.143
98	25	0
98	26	0.333
98	27	0.4
98	28	0.077
98	29	0
98	30	0
98	31	0
98	32	0
98	33	0.4
98	34	0.903
98	35	0.349
99	0	0.422
99	1	0.341
99	2	0.4
99	3	0.391
99	4	0.3
99	5	0
99	6	0.348
99	7	0.333
99	8	0.421
99	9	0.417
99	10	0.556
99	11	0.433
99	12	0.571
99	13	0.571
99	14	0.5
99	15	0.613
99	16	0.429
99	17	0.167
99	18	0.16
99	19	0.25
99	20	0.048
99	21	0.083
99	22	0
99	23	0
99	24	0
99	25	0.04
99	26	0.167
99	27	0.357
99	28	0
99	29	0
99	30	0
99	31	0
99	32	0.125
99	33	0.387
99	34	0.625
99	35	0.015
100	0	0.12
100	1	0.178
100	2	0.082
100	3	0.071
100	4	0.025
100	5	0.042
100	6	0.065
100	7	0.05
100	8	0
100	9	0.143
100	10	0.107
100	11	0.135
100	12	0.132
100	13	0.175
100	14	0.141
100	15	0.197
100	16	0.095
100	17	0.133
100	18	0.075
100	19	0
100	20	0.025
100	21	0
100	22	0.056
100	23	0.03
100	24	0
100	25	0
100	26	0.146
100	27	0.167
100	28	0
100	29	0
100	30	0
100	31	0
100	32	0.083
100	33	0.205
100	34	0.214
100	35	0
101	0	0.429
101	1	0.375
101	2	0.237
101	3	0.222
101	4	0.13
101	5	0.19
101	6	0.259
101	7	0.353
101	8	0.286
101	9	0.438
101	10	0.278
101	11	0.447
101	12	0.44
101	13	0.561
101	14	0.512
101	15	0.5
101	16	0.327
101	17	0.15
101	18	0.071
101	19	0.111
101	20	0.148
101	21	0.2
101	22	0.05
101	23	0.048
101	24	0
101	25	0
101	26	0.061
101	27	0.273
101	28	0.149
101	29	0.042
101	30	0.105
101	31	0.125
101	32	0.133
101	33	0.423
101	34	0.667
102	0	0.152
102	1	0.123
102	2	0.143
102	3	0.136
102	4	0.08
102	5	0
102	6	0.154
102	7	0
102	8	0.158
102	9	0.056
102	10	0.167
102	11	0.129
102	12	0.19
102	13	0.377
102	14	0.273
102	15	0.323
102	16	0.161
102	17	0.067
102	18	0.074
102	19	0
102	20	0.053
102	21	0.077
102	22	0.118
102	23	0.1
102	24	0
102	25	0
102	26	0.161
102	27	0.194
102	28	0
102	29	0
102	30	0
102	31	0.062
102	32	0.154
102	33	0.143
102	34	0.067
102	35	0
103	0	0.366
103	1	0.317
103	2	0.261
103	3	0.225
103	4	0.159
103	5	0.062
103	6	0.255
103	7	0.156
103	8	0.206
103	9	0.133
103	10	0.056
103	11	0.212
103	12	0.4
103	13	0.407
103	14	0.365
103	15	0.382
103	16	0.4
103	17	0.393
103	18	0.171
103	19	0.235
103	20	0.188
103	21	0.136
103	22	0.25
103	23	0.167
103	24	0.097
103	25	0
103	26	0.083
103	27	0.208
103	28	0
103	29	0
103	30	0.031
103	31	0
103	32	0.043
103	33	0.115
103	34	0.042
103	35	0.071
104	0	0.4
104	1	0.435
104	2	0.333
104	3	0.125
104	4	0
104	5	0.125
104	6	0.125
104	7	0.143
104	8	0.2
104	9	0.167
104	10	0.667
104	11	0.333
104	12	0.636
104	13	0.8
104	14	0.667
104	15	0.6
104	16	0.571
104	17	0.25
104	18	0.222
104	19	0
104	20	0.2
104	21	0
104	22	0.333
104	23	0.4
104	24	0.2
104	25	0
104	26	0.2
104	27	0.5
104	28	0
104	29	0
104	30	0
104	32	0
104	33	0
104	34	0
105	0	0.537
105	1	0.548
105	2	0.423
105	3	0.5
105	4	0.467
105	5	0.231
105	6	0.481
105	7	0.267
105	8	0.188
105	9	0.333
105	10	0.636
105	11	0.344
105	12	0.6
105	13	0.647
105	14	0.533
105	15	0.575
105	16	0.676
105	17	0.188
105	18	0.087
105	19	0.167
105	20	0.095
105	21	0.111
105	22	0.105
105	23	0.133
105	24	0
105	25	0
105	26	0.097
105	27	0.175
105	28	0.029
105	29	0
105	30	0.053
105	31	0.077
105	32	0
105	33	0.048
105	34	0.02
106	0	0.258
106	1	0.385
106	2	0.25
106	3	0.462
106	4	0.357
106	5	0.333
106	6	0.294
106	7	0
106	8	0.364
106	9	0.333
106	10	0.167
106	11	0.286
106	12	0.35
106	13	0.28
106	14	0.333
106	15	0.526
106	16	0.462
106	17	0.091
106	18	0
106	19	0.5
106	20	0.095
106	21	0
106	22	0.143
106	23	0
106	24	0
106	25	0
106	26	0
106	27	0.125
106	28	0
106	29	0
106	30	0
106	31	0
106	32	0.111
106	33	0.2
106	34	0.061
107	0	0.353
107	1	0.491
107	2	0.462
107	3	0.389
107	4	0.393
107	5	0.231
107	6	0.519
107	7	0.353
107	8	0.7
107	9	0.615
107	10	0.667
107	11	0.676
107	12	0.684
107	13	0.771
107	14	0.73
107	15	0.558
107	16	0.636
107	17	0.261
107	18	0.179
107	19	0.1
107	20	0.125
107	21	0.167
107	22	0.304
107	23	0.19
107	24	0.071
107	25	0
107	26	0.069
107	27	0.053
107	28	0.024
107	29	0
107	30	0
107	31	0
107	32	0
107	33	0.056
107	34	0
107	35	0.074
108	0	0
108	1	0
108	2	0
108	3	0
108	4	0
108	5	0
108	6	0
108	7	0
108	8	0
108	9	0
108	10	0
108	11	0
108	12	0
108	13	0
108	14	0
108	15	0
108	16	0
108	17	0
108	18	0
108	20	0
108	21	0
108	22	0
108	23	0
108	24	0
108	25	0
108	26	0.6
108	27	0.222
108	28	0
108	29	0
108	30	0
108	31	0
108	32	0
108	33	0.167
108	34	0.182
109	0	0.474
109	1	0.545
109	2	0.545
109	3	0.455
109	4	0.222
109	5	0
109	6	0.231
109	7	0.25
109	8	0.222
109	9	0.167
109	10	0.6
109	11	0.467
109	12	0.5
109	13	0.375
109	14	0.467
109	15	0.316
109	16	0.421
109	17	0.1
109	18	0
109	19	0
109	20	0
109	21	0
109	22	0.2
109	23	0.091
109	24	0
109	25	0
109	26	0.13
109	27	0.294
109	28	0.167
109	29	0.1
109	30	0
109	31	0.143
109	32	0.111
109	33	0.2
109	34	0.282
109	35	0.42
110	0	0.462
110	1	0.636
110	2	0.714
110	3	0.467
110	4	0.462
110	5	0.455
110	6	0.333
110	7	0.5
110	8	0.455
110	9	0.286
110	10	0.667
110	11	0.667
110	12	0.739
110	13	0.742
110	14	0.75
110	15	0.621
110	16	0.655
110	17	0.263
110	18	0.143
110	19	0.2
110	20	0.083
110	21	0.231
110	22	0.091
110	23	0.308
110	24	0.133
110	25	0
110	26	0.074
110	27	0
110	28	0
110	29	0
110	30	0
110	31	0
110	32	0
110	33	0.091
110	34	0.05
110	35	0.063
111	0	0.527
111	1	0.618
111	2	0.516
111	3	0.458
111	4	0.474
111	5	0.5
111	6	0.44
111	7	0.312
111	8	0.571
111	9	0.471
111	10	0.364
111	11	0.536
111	12	0.625
111	13	0.558
111	14	0.538
111	15	0.6
111	16	0.528
111	17	0.357
111	18	0.206
111	19	0
111	20	0.143
111	21	0.167
111	22	0.182
111	23	0.105
111	24	0.083
111	25	0
111	26	0.026
111	27	0.333
111	28	0.03
111	29	0
111	30	0
111	31	0
111	32	0.167
111	33	0.263
111	34	0.286
111	35	0.308
113	0	0.444
113	1	0.667
113	2	0.333
113	3	0.3
113	4	0.636
113	5	0.167
113	6	0.25
113	7	0.2
113	8	0.333
113	9	0.333
113	10	0.4
113	11	0.591
113	12	0.588
113	13	0.684
113	14	0.667
113	15	0.643
113	16	0.565
113	17	0.205
113	18	0.25
113	19	0.333
113	20	0.286
113	21	0.25
113	22	0.167
113	23	0.111
113	24	0
113	25	0
113	26	0.389
113	27	0.364
113	28	0
113	29	0
113	30	0
113	31	0
113	32	0
113	33	0.182
113	34	0.114
113	35	0.4
114	0	0.516
114	1	0.429
114	2	0.571
114	3	0.25
114	4	0.286
114	5	0
114	6	0.375
114	7	0.545
114	8	0.182
114	9	0.3
114	10	0.375
114	11	0.471
114	12	0.455
114	13	0.571
114	14	0.5
114	15	0.552
114	16	0.556
114	17	0.4
114	18	0.364
114	19	0.25
114	20	0.4
114	21	0.222
114	22	0.364
114	23	0.25
114	24	0
114	25	0
114	26	0.071
114	27	0.353
114	28	0
114	29	0
114	30	0
114	31	0
114	32	0
114	33	0.167
114	34	0.222
115	0	0.167
115	1	0.444
115	2	0
115	3	0
115	4	0.143
115	5	0
115	6	0.143
115	7	0.4
115	8	0
115	9	0.4
115	10	0.5
115	11	0.8
115	12	0.7
115	13	0.727
115	14	0.667
115	15	0.667
115	16	0.667
115	17	0.5
115	18	0.625
115	19	0
115	20	0.5
115	21	0.5
115	22	0.167
115	23	0.5
115	24	0
115	25	0
115	26	0.182
115	27	0.6
115	28	0
115	29	0
115	30	0
115	31	0
115	32	0
115	33	0
115	34	0
116	0	0.444
116	1	0.25
116	2	0
116	3	0.2
116	4	0.222
116	5	0
116	6	0.25
116	7	0.2
116	8	0
116	9	0.333
116	10	0
116	11	0.154
116	12	0.125
116	13	0.118
116	14	0.1
116	15	0.167
116	16	0.133
116	17	0
116	18	0.357
116	19	0
116	20	0.222
116	21	0.286
116	22	0.143
116	23	0.375
116	24	0.1
116	25	0
116	26	0.188
116	27	0.118
116	28	0
116	29	0
116	30	0
116	31	0
116	32	0
116	33	0.222
116	34	0.106
116	35	0.257
117	0	0.385
117	1	0.31
117	2	0.167
117	3	0.071
117	4	0.231
117	5	0.1
117	6	0.267
117	7	0.2
117	8	0.444
117	9	0.3
117	10	0.375
117	11	0.35
117	12	0.407
117	13	0.441
117	14	0.429
117	15	0.381
117	16	0.55
117	17	0.333
117	18	0.348
117	19	0.25
117	20	0.333
117	21	0.231
117	22	0.2
117	23	0.333
117	24	0.111
117	25	0
117	26	0.071
117	27	0.125
117	28	0.043
117	29	0
117	30	0
117	31	0
117	32	0
117	33	0.071
117	34	0.045
117	35	0.096
119	0	0.562
119	1	0.478
119	2	0.455
119	3	0.25
119	4	0.333
119	5	0.2
119	6	0.222
119	7	0.25
119	8	0.25
119	9	0.333
119	10	0.25
119	11	0.417
119	12	0.333
119	13	0.412
119	14	0.385
119	15	0.2
119	16	0.333
119	17	0.444
119	18	0.235
119	19	0
119	20	0.222
119	21	0.125
119	22	0.167
119	23	0.25
119	24	0.111
119	25	0
119	26	0
119	27	0.231
119	28	0
119	29	0
119	30	0
119	31	0
119	32	0
119	33	0.4
119	34	0.75
119	35	0.667
120	0	0.289
120	1	0.415
120	2	0.2
120	3	0.294
120	4	0.35
120	5	0.111
120	6	0.316
120	7	0.167
120	8	0.444
120	9	0.385
120	10	0.25
120	11	0.429
120	12	0.323
120	13	0.405
120	14	0.476
120	15	0.457
120	16	0.357
120	17	0.158
120	18	0.226
120	19	0.143
120	20	0.222
120	21	0
120	22	0.05
120	23	0.214
120	24	0.125
120	25	0.091
120	26	0.286
120	27	0.357
120	28	0.182
120	29	0
120	30	0.091
120	31	0.083
120	32	0.214
120	33	0.353
120	34	0.393
120	35	0.083
122	0	0.585
122	1	0.615
122	2	0.526
122	3	0.375
122	4	0.438
122	5	0.45
122	6	0.6
122	7	0.643
122	8	0.5
122	9	0.333
122	10	0.667
122	11	0.571
122	12	0.741
122	13	0.775
122	14	0.731
122	15	0.812
122	16	0.714
122	17	0.509
122	18	0.536
122	19	0.3
122	20	0.529
122	21	0.562
122	22	0.556
122	23	0.417
122	24	0.444
122	25	0.421
122	26	0.5
122	27	0.5
122	28	0.259
122	29	0.25
122	30	0.167
122	31	0.556
122	32	0.571
122	33	0.778
122	34	0.316
122	35	0.214
125	0	0.571
125	1	0.722
125	2	0.429
125	3	0.286
125	4	0.375
125	5	0.429
125	6	0.571
125	7	0.778
125	8	0
125	9	0.8
125	10	0.6
125	11	0.9
125	12	0.875
125	13	0.864
125	14	0.929
125	15	0.75
125	16	0.857
125	17	0.722
125	18	0.688
125	19	0.5
125	20	0.714
125	21	0.5
125	22	0
125	23	0.556
125	24	0.2
125	25	0.1
125	26	0.211
125	27	0.412
125	28	0.125
125	29	0.111
125	30	0
125	31	0.125
125	32	0.333
125	33	0.3
125	34	0.5
125	35	0
126	0	0.526
126	1	0.611
126	2	0.429
126	3	0.111
126	4	0.125
126	5	0.2
126	6	0.571
126	7	0.5
126	8	0.714
126	9	0.333
126	10	0.75
126	11	0.636
126	12	0.6
126	13	0.632
126	14	0.615
126	15	0.722
126	16	0.643
126	17	0.167
126	18	0.083
126	19	0
126	20	0
126	21	0.111
126	22	0.2
126	23	0
126	24	0.111
126	25	0
126	26	0.538
126	27	0.286
126	28	0.059
126	29	0
126	30	0
126	31	0
126	32	0
126	33	0.222
126	34	0.193
126	35	0.75
127	0	0
127	1	0.25
127	2	0
127	3	0.2
127	4	0.143
127	5	0
127	6	0.167
127	7	0.714
127	8	0.4
127	9	0.25
127	10	0
127	11	0.4
127	12	0.375
127	13	0.333
127	14	0.333
127	15	0.5
127	16	0.6
127	17	0.25
127	18	0
127	19	0
127	20	0
127	21	0
127	22	0
127	23	0
127	24	0
127	25	0
127	26	0
127	27	0
127	28	0
127	29	0
127	30	0
127	31	0
127	32	0
127	33	0
127	34	0.154
127	35	0.5
128	0	0.621
128	1	0.517
128	2	0.727
128	3	0.667
128	4	0.4
128	5	0.375
128	6	0.364
128	7	0.5
128	8	0.333
128	9	0.333
128	10	0.333
128	11	0.714
128	12	0.647
128	13	0.607
128	14	0.588
128	15	0.526
128	16	0.318
128	17	0.231
128	18	0.174
128	19	0
128	20	0
128	21	0.167
128	22	0
128	23	0.167
128	24	0.143
128	25	0
128	26	0.214
128	27	0.375
128	28	0.1
128	29	0.077
128	30	0
128	31	0
128	32	0.143
128	33	0.2
128	34	0.667
128	35	0.217
130	0	0.39
130	1	0.55
130	2	0.5
130	3	0.263
130	4	0.417
130	5	0.167
130	6	0.316
130	7	0.273
130	8	0.375
130	9	0.182
130	10	0.3
130	11	0.455
130	12	0.536
130	13	0.471
130	14	0.577
130	15	0.531
130	16	0.542
130	17	0.583
130	18	0.348
130	19	0.077
130	20	0.167
130	21	0.308
130	22	0.188
130	23	0.333
130	24	0.1
130	25	0
130	26	0.158
130	27	0.357
130	28	0.071
130	29	0
130	30	0
130	31	0
130	32	0.077
130	33	0.059
130	34	0.103
130	35	0.157
133	0	0.5
133	1	0.583
133	2	0.333
133	3	0.25
133	4	0.25
133	5	0.5
133	6	0.4
133	7	1
133	8	0.4
133	9	0.667
133	10	1
133	11	1
133	12	1
133	13	1
133	14	1
133	15	1
133	16	0.889
133	17	1
133	18	0.6
133	19	0.5
133	20	0.5
133	21	0.333
133	22	0
133	23	0.5
133	24	0.167
133	25	0
133	26	0.125
133	27	0.333
133	28	0.2
133	29	0
133	30	0
133	31	0
133	32	0
133	33	0
133	34	0.222
133	35	0.105
134	0	0.469
134	1	0.674
134	2	0.4
134	3	0.312
134	4	0.25
134	5	0.4
134	6	0.375
134	7	0.545
134	8	0.727
134	9	0.4
134	10	0.833
134	11	0.647
134	12	0.72
134	13	0.767
134	14	0.684
134	15	0.789
134	16	0.621
134	17	0.538
134	18	0.393
134	19	0.2
134	20	0.143
134	21	0.3
134	22	0.182
134	23	0.273
134	24	0.312
134	25	0.125
134	26	0.294
134	27	0.273
134	28	0.167
134	29	0.083
134	30	0.167
134	31	0
134	32	0.25
134	33	0.231
134	34	0.231
134	35	0
136	0	0.45
136	1	0.548
136	2	0.417
136	3	0.333
136	4	0.333
136	5	0
136	6	0.357
136	7	0.4
136	8	0.5
136	9	0.2
136	10	0.333
136	11	0.692
136	12	0.737
136	13	0.591
136	14	0.667
136	15	0.87
136	16	0.7
136	17	0.5
136	18	0.263
136	19	0.25
136	20	0.2
136	21	0.25
136	22	0.2
136	23	0.2
136	24	0.182
136	25	0.25
136	26	0.312
136	27	0.375
136	28	0.133
136	29	0.1
136	30	0.2
136	31	0
136	32	0.429
136	33	0.444
136	34	0.7
138	0	0.583
138	1	0.562
138	2	0.625
138	3	0.6
138	4	0.833
138	5	1
138	6	0.875
138	7	0.8
138	8	1
138	9	0.6
138	10	0.75
138	11	0.778
138	12	0.833
138	13	0.75
138	14	0.875
138	15	0.882
138	16	0.818
138	17	0.6
138	18	0.7
138	19	0.5
138	20	0.5
138	21	0.5
138	22	0.5
138	23	0.333
138	24	0.25
138	25	0
138	26	0
138	27	0.6
138	28	0
138	29	0
138	30	0
138	31	0
138	32	0
138	33	0.5
138	34	1
139	0	0.048
139	1	0.235
139	2	0.375
139	3	0
139	4	0
139	5	0
139	6	0.111
139	7	0
139	8	0.143
139	9	0
139	10	0.333
139	11	0.2
139	12	0.222
139	13	0.083
139	14	0.273
139	15	0.25
139	16	0.25
139	17	0
139	18	0
139	19	0
139	20	0
139	21	0
139	22	0
139	23	0
139	24	0
139	25	0
139	26	0
139	27	0.25
139	28	0.1
139	29	0
139	30	0
139	31	0
139	32	0
139	33	0.25
139	34	0.103
139	35	0.037
140	0	0.316
140	1	0.581
140	2	0.273
140	3	0.111
140	4	0.1
140	5	0
140	6	0.077
140	7	0.25
140	8	0.2
140	9	0.5
140	10	0
140	11	0.2
140	12	0.278
140	13	0.25
140	14	0.286
140	15	0.286
140	16	0.542
140	17	0.333
140	18	0
140	19	0.333
140	20	0.2
140	21	0.143
140	22	0.1
140	23	0.167
140	24	0.1
140	25	0
140	26	0.182
140	27	0.231
140	28	0
140	29	0
140	30	0
140	31	0
140	32	0
140	33	0.286
140	34	0.333
140	35	0
