"time"	"distance"	"value"
36	0	0.093
36	2	0
36	3	0
36	4	0
36	6	0
36	7	0
36	9	0
36	10	0
36	11	0
36	12	0
36	13	0
36	14	0
36	15	0
36	16	0
36	18	0
36	20	0
36	21	0
36	22	0
36	23	0
36	25	0
36	26	0
36	27	0
36	28	0
36	29	0
36	30	0
36	31	0
36	33	0
36	34	0
36	35	0
36	36	0
36	37	0.143
36	38	0.222
36	39	0.056
37	1	0
37	2	0
37	3	0
37	4	0
37	6	0
37	8	0
37	9	0
37	10	0
37	11	0
37	12	0
37	13	0
37	15	0
37	16	0
37	18	0
37	19	0
37	20	0
37	21	0
37	22	0
37	23	0
37	24	0
37	25	0
37	26	0
37	27	0
37	28	0
37	29	0
37	30	0
37	31	0
37	32	0
37	33	0
37	34	0
37	36	0.111
37	37	0.048
37	38	0.087
37	39	0
38	0	0.13
38	1	0
38	2	0
38	3	0
38	4	0
38	5	0
38	6	0
38	7	0
38	8	0
38	9	0
38	10	0
38	11	0
38	12	0
38	13	0
38	14	0
38	15	0
38	16	0
38	17	0
38	18	0
38	19	0
38	20	0
38	21	0
38	22	0
38	23	0
38	24	0
38	25	0
38	26	0
38	27	0
39	0	0.021
39	1	0
39	2	0
39	3	0
39	27	0
39	28	0
39	29	0
39	30	0
39	31	0
39	32	0
39	33	0
39	34	0
39	35	0
39	36	0
39	37	0
39	38	0
39	39	0
40	3	0
40	4	0
40	5	0
40	6	0
40	7	0
40	8	0
40	9	0
40	11	0
40	12	0
40	13	0
40	15	0
40	16	0
40	17	0
40	18	0
40	19	0
40	20	0
40	21	0
40	22	0
40	23	0
40	24	0
40	25	0
40	26	0
40	27	0
40	28	0
40	29	0
40	30	0
40	31	0
40	32	0
40	33	0
40	34	0
40	35	0
40	36	0
40	37	0
41	0	0.19
41	37	0.118
41	38	0
41	39	0
42	0	0.174
42	1	0
42	2	0
42	3	0
42	4	0
42	6	0
42	7	0
42	8	0
42	9	0
42	10	0
42	11	0
42	12	0
42	13	0
42	14	0
42	15	0
42	16	0
42	18	0
43	18	0
43	19	0
43	20	0
43	21	0
43	22	0
43	23	0
43	24	0
43	25	0
43	26	0
43	27	0
43	28	0
43	29	0
43	30	0
43	31	0
43	32	0
43	33	0
43	34	0
43	35	0
43	36	0
43	37	0
43	38	0
44	0	0.025
44	1	0
44	2	0
44	3	0
44	4	0
44	6	0
44	7	0
44	8	0
44	9	0
44	11	0
44	12	0
44	13	0
44	15	0
44	16	0
44	18	0
44	19	0
44	20	0
44	21	0
44	22	0
44	23	0
44	24	0
44	25	0
44	26	0
44	27	0
44	38	0
44	39	0
45	0	0.12
45	1	0
45	2	0
45	3	0
45	4	0
45	5	0
45	6	0
45	7	0
45	8	0
45	27	0
45	28	0
45	29	0
45	30	0
45	31	0
45	32	0
45	33	0
45	34	0
45	35	0
45	36	0.053
45	37	0.03
45	38	0
45	39	0
46	0	0.2
46	9	0
46	10	0
46	11	0
46	12	0
46	13	0
46	15	0
46	16	0
46	17	0
46	19	0
46	20	0
46	21	0
46	22	0
46	23	0
46	24	0
46	25	0
46	26	0
46	27	0
46	28	0
46	29	0
46	30	0
46	31	0
46	32	0
46	33	0
46	34	0
46	35	0
46	36	0
46	37	0
46	38	0
46	39	0
47	0	0.078
47	1	0.083
47	2	0
47	3	0.167
47	4	0.053
47	5	0
47	6	0
47	7	0
47	8	0.143
47	9	0
47	10	0
47	11	0.125
47	12	0
47	13	0
48	13	0.1
48	14	0
48	15	0
48	16	0.04
48	17	0
48	18	0
48	19	0
48	20	0
48	21	0.04
48	22	0.059
48	23	0
48	24	0.125
48	25	0
48	26	0
48	27	0.1
48	28	0
48	29	0
48	30	0
48	31	0
48	32	0.2
48	33	0.043
48	34	0
48	35	0
48	36	0.031
48	37	0
49	0	0.217
49	1	0.25
49	2	0
49	3	0.5
49	4	0.2
49	7	0
49	8	0
49	9	0.2
49	10	0
49	11	0.5
49	12	0
49	13	0.143
49	15	0.333
49	16	0
49	18	0
49	20	0
49	21	0.143
49	22	0.25
49	23	0
49	24	0.5
49	25	0
49	26	0
49	27	0.333
49	28	0
49	29	0
49	30	0
49	31	0.333
49	32	0
49	33	0.2
49	34	0
49	36	0.111
49	37	0.108
49	38	0.034
49	39	0.074
49	40	0
50	0	0.03
50	1	0
50	2	0
50	3	0
50	4	0
50	6	0
50	7	0
50	8	0
50	9	0
50	10	0
50	11	0
50	12	0
50	13	0.04
50	14	0
50	15	0
50	16	0
50	38	0.2
50	39	0
51	16	0
51	17	0
51	18	0.25
51	19	0
51	20	0
51	21	0.05
51	22	0
51	23	0
51	24	0
51	25	0
51	26	0
51	27	0
51	28	0
51	29	0
51	30	0
51	31	0
51	32	0
51	33	0
51	34	0
51	35	0
51	36	0.042
51	37	0.07
51	38	0
52	0	0.085
52	1	0
52	2	0
52	3	0
52	4	0
52	6	0
52	7	0
52	8	0
52	9	0
52	10	0
52	11	0
52	12	0
52	13	0
52	14	1
52	15	0
52	16	0
52	18	0.333
52	20	0
52	21	0
52	22	0.167
52	23	0
52	24	0
52	25	0
52	26	0
52	27	0
52	28	0
52	29	0
52	30	0
52	31	0
52	32	0
52	33	0
52	34	0
52	35	0
52	36	0
52	37	0.167
52	38	0.107
52	39	0
52	40	0
53	0	0.07
53	1	0
53	2	0
53	3	0
53	4	0
53	6	0
53	7	0
53	8	0
53	9	0
53	10	0
53	11	0
53	12	0
53	13	0
53	14	0
53	15	0
53	16	0
53	18	0
53	19	0
53	20	0
53	21	0
53	22	0
53	23	0
53	24	0
53	26	0
53	27	0
53	28	0
53	29	0
53	30	0
53	31	0
53	32	0
53	33	0
53	34	0
53	35	0
53	36	0
53	37	0
53	38	0
53	39	0
54	0	0.06
54	1	0
54	2	0
54	3	0
54	4	0
54	6	0
54	7	0.091
54	8	0
54	9	0
54	10	0
54	11	0
54	12	0
54	13	0
54	14	0
54	15	0
54	16	0
54	17	0
54	18	0
54	19	0
54	20	0
54	21	0
55	21	0
55	22	0
55	23	0
55	24	0
55	25	0
55	26	0
55	27	0
55	28	0
55	29	0
55	30	0
55	31	0
55	32	0
55	33	0
55	34	0
55	35	0
55	36	0
55	37	0.015
55	38	0
56	0	0.148
56	1	0
56	3	0
56	4	0
56	6	0
56	8	0
56	9	0
56	10	0
56	12	0
56	13	0
56	14	0
56	15	0
56	16	0
56	17	0
56	18	0
56	20	0
56	21	0
56	22	0
56	23	0
56	24	0
56	25	0
56	26	0
56	27	0
56	28	0
56	29	0
56	30	0
56	31	0
56	32	0
56	33	0
56	34	0
56	35	0
56	36	0
56	37	0
56	38	0.051
56	39	0.026
57	1	0
57	2	0
57	3	0
57	4	0
57	5	0
57	6	0
57	7	0
57	8	0
57	9	0
57	10	0
57	11	0
57	12	0
57	13	0
57	14	0
57	15	0
57	16	0
57	17	0
57	18	0
57	19	0
57	20	0
57	21	0
57	22	0
57	23	0
57	24	0
57	25	0
57	26	0
57	27	0
57	28	0
57	29	0
57	30	0
57	31	0
57	32	0
57	33	0
57	34	0
57	35	0
57	36	0.062
57	37	0.103
57	38	0.111
58	0	0.054
58	1	0
58	2	0
58	3	0
58	4	0
58	6	0
58	7	0
58	8	0
58	9	0
58	10	0
58	11	0
58	12	0
58	13	0
58	15	0
58	16	0
58	18	0
58	19	0
58	20	0
58	21	0
58	22	0
58	38	0
58	39	0.071
59	0	0.042
59	22	0
59	23	0
59	24	0
59	25	0
59	26	0
59	27	0
59	28	0
59	29	0
59	30	0
59	31	0
59	32	0
59	33	0
59	34	0
59	35	0
59	36	0
59	37	0
59	38	0
59	39	0
60	0	0
60	1	0
60	2	0
60	3	0
60	4	0
60	6	0
60	7	0
60	8	0
60	9	0
60	10	0
60	11	0
60	13	0
60	14	0
60	15	0
60	16	0
60	17	0
60	18	0
60	20	0
60	21	0
60	22	0
60	23	0
60	24	0
60	25	0
60	26	0
60	27	0
60	28	0
60	29	0
60	30	0
60	31	0
60	32	0
60	33	0
60	34	0
60	35	0
60	36	0
60	37	0
61	0	0.074
61	1	0
61	2	0
61	3	0
61	4	0
61	6	0
61	7	0
61	9	0
61	10	0
61	11	0
61	12	0
61	13	0
61	15	0
61	16	0
61	18	0
61	20	0
61	21	0
61	22	0
61	23	0
61	24	0
61	26	0
61	27	0
61	28	0
61	29	0
61	30	0
61	31	0
61	32	0
61	33	0
61	34	0
61	35	0
61	36	0
61	37	0
61	38	0
61	39	0
62	0	0.024
62	1	0
62	2	0
62	3	0
62	4	0
62	5	0
62	6	0
62	7	0
62	8	0
62	9	0
62	10	0
62	11	0
62	12	0
62	13	0
62	15	0
62	16	0
62	17	0
62	18	0
62	19	0
62	20	0
62	21	0
62	22	0
62	23	0
62	24	0
62	25	0
62	26	0
62	27	0
62	28	0
62	29	0
62	30	0
62	31	0
62	32	0
62	33	0
62	35	0
62	36	0
62	37	0
62	38	0
62	39	0
63	0	0.033
63	1	0
63	2	0
63	3	0
63	4	0
63	6	0
63	7	0
63	8	0
63	9	0
63	10	0
63	11	0
63	13	0
63	15	0
63	16	0
63	17	0
63	18	0
63	20	0
63	21	0
63	22	0
63	23	0
63	24	0
63	25	0
63	26	0
63	27	0
63	28	0
63	29	0
63	30	0
63	31	0
63	32	0
63	33	0
63	34	0
63	35	0
63	36	0
63	37	0
63	38	0
63	39	0
64	0	0.104
64	1	0
64	2	0
64	3	0
64	4	0
64	6	0
64	7	0
64	8	0
64	9	0
64	10	0
64	12	0
64	13	0
64	15	0
64	16	0
64	18	0
64	19	0
64	20	0
64	21	0
64	22	0
64	23	0
64	25	0
64	26	0
64	27	0
64	28	0
64	29	0
64	30	0
64	31	0
64	32	0
64	33	0
64	34	0
64	36	0
64	37	0
64	38	0
64	39	0
64	40	0
65	0	0.094
65	1	0
65	2	0
65	3	0
65	4	0
65	5	0
65	6	0
65	7	0
65	8	0
65	9	0
65	11	0
65	12	0
65	13	0
65	15	0
65	16	0
65	17	0
65	18	0
65	19	0
65	20	0
65	21	0
65	22	0
65	23	0
65	24	0
65	25	0
65	26	0
65	27	0
65	28	0
65	29	0
65	30	0
65	31	0
65	32	0
65	33	0
65	34	0
65	35	0
65	36	0
65	37	0
66	0	0
66	1	0
66	2	0
66	3	0
66	4	0
66	6	0
66	7	0
66	8	0
66	9	0
66	11	0
66	12	0
66	13	0
66	15	0
66	16	0
66	18	0
66	20	0
66	21	0
66	22	0
66	23	0
66	25	0
66	26	0
66	27	0
66	28	0
66	29	0
66	30	0
66	31	0
66	33	0
66	34	0
66	35	0
66	36	0
66	37	0
66	38	0
66	39	0
67	0	0.083
67	1	0
67	2	0
67	3	0
67	4	0
67	5	0
67	6	0
67	7	0
67	8	0
67	9	0
67	10	0
67	11	0
67	12	0
67	13	0
67	15	0
67	16	0
67	18	0
67	19	0
67	20	0
67	21	0
67	22	0
67	23	0
67	24	0
67	25	0
67	26	0
67	27	0
67	28	0
67	29	0
67	30	0
67	31	0
67	33	0
67	34	0
67	35	0
67	36	0
67	37	0
67	38	0
67	39	0
68	0	0
68	2	0
68	3	0
68	4	0
68	7	0
68	8	0
68	9	0
68	11	0
68	12	0
68	13	0
68	15	0
68	16	0
68	17	0
68	18	0
68	19	0
68	20	0
68	21	0
68	22	0
68	23	0
68	24	0
68	25	0
68	26	0
68	27	0
68	28	0
68	29	0
68	30	0
68	31	0
68	32	0
68	33	0
68	34	0
68	35	0
68	36	0
68	37	0
68	38	0
68	39	0
69	0	0
69	1	0
69	2	0
69	3	0
69	4	0
69	6	0
69	7	0
69	8	0
69	9	0
69	10	0
69	11	0
69	12	0
69	13	0
69	15	0
69	16	0
69	17	0
69	18	0
69	21	0
69	24	0
69	26	0
69	27	0
69	30	0
69	33	0
69	35	0
69	36	0
69	37	0
69	38	0
69	39	0
70	18	0
70	19	0
70	20	0
70	21	0
70	22	0
70	23	0
70	24	0
70	25	0
70	26	0
70	27	0
70	28	0
70	29	0
70	30	0
70	31	0
70	32	0
70	33	0
70	34	0
70	35	0
70	36	0
70	37	0
70	38	0
70	39	0
71	0	0
71	1	0
71	2	0
71	3	0
71	4	0
71	5	0
71	6	0
71	7	0
71	8	0
71	9	0
71	11	0
71	12	0
71	13	0
71	15	0
71	16	0
71	18	0
71	19	0
71	20	0
71	21	0
71	22	0
71	23	0
71	24	0
71	25	0
71	26	0
71	27	0
71	28	0
71	29	0
71	30	0
71	31	0
71	32	0
71	33	0
71	34	0
71	35	0
71	36	0
71	37	0
71	38	0
71	39	0
72	0	0
72	1	0
72	2	0
72	4	0
72	5	0
72	6	0
72	7	0
72	8	0
72	9	0
72	10	0
72	11	0
72	12	0
72	13	0
72	14	0
72	15	0
72	16	0
72	17	0
72	18	0
72	19	0
72	20	0
72	21	0
72	22	0
72	23	0
72	24	0
72	25	0
72	26	0
72	27	0
72	28	0
72	29	0
72	30	0
72	31	0
72	32	0
72	33	0
72	34	0
72	35	0
72	36	0
72	37	0
72	38	0
72	39	0
73	0	0
73	1	0
73	2	0
73	3	0
73	4	0
73	6	0
73	7	0
73	8	0
73	9	0
73	10	0
73	11	0
73	12	0
73	13	0
73	15	0
73	16	0
73	17	0
73	18	0
73	19	0
73	20	0
73	21	0
73	22	0
73	23	0
73	24	0
73	25	0
73	26	0
73	27	0
73	28	0
73	29	0
73	30	0
73	31	0
73	32	0
73	33	0
73	34	0
73	35	0
73	36	0
73	37	0
73	38	0
73	39	0
74	0	0
74	1	0
74	2	0
74	3	0
74	4	0
74	5	0
74	6	0
74	7	0
74	8	0
74	9	0
74	11	0
74	12	0
74	13	0
74	15	0
74	16	0
74	17	0
74	18	0
74	19	0
74	20	0
74	21	0
74	22	0
74	23	0
74	24	0
74	25	0
74	26	0
74	27	0
74	28	0
74	29	0
74	30	0
74	31	0
74	32	0
74	33	0
74	34	0
74	35	0
74	36	0
74	37	0
74	38	0
74	39	0
74	40	0
75	0	0
75	1	0
75	2	0
75	3	0
75	4	0
75	6	0
75	7	0
75	8	0
75	9	0
75	10	0
75	11	0
75	12	0
75	13	0
75	14	0
75	15	0
75	16	0
75	17	0
75	18	0
75	19	0
75	20	0
75	21	0
75	22	0
75	23	0
75	24	0
75	25	0
75	26	0
75	27	0
75	28	0
75	29	0
75	30	0
75	31	0
75	32	0
75	33	0
75	34	0
75	35	0
75	36	0
75	37	0
75	38	0
75	39	0
75	40	0
76	0	0
76	16	0
76	17	0
76	18	0
76	19	0
76	20	0
76	21	0
76	22	0
76	23	0
76	24	0
76	25	0
76	26	0
76	27	0
76	28	0
76	29	0
76	30	0
76	31	0
76	32	0
76	33	0
76	34	0
76	35	0
76	36	0
76	37	0
76	38	0
76	39	0
77	0	0
77	1	0
77	2	0
77	3	0
77	4	0
77	6	0
77	7	0
77	8	0
77	9	0
77	10	0
77	11	0
77	12	0
77	13	0
77	15	0
77	16	0
77	18	0
77	19	0
77	20	0
77	21	0
77	22	0
77	23	0
77	24	0
77	25	0
77	26	0
77	27	0
77	28	0
77	29	0
77	30	0
77	31	0
77	32	0
77	33	0
77	34	0
78	0	0
78	1	0
78	2	0
78	3	0
78	4	0
78	6	0
78	7	0
78	8	0
78	9	0
78	10	0
78	11	0
78	12	0
78	13	0
78	15	0
78	16	0
78	18	0
78	19	0
78	20	0
78	21	0
78	22	0
78	23	0
78	24	0
78	25	0
78	26	0
78	27	0
78	28	0
78	29	0
78	30	0
78	31	0
78	32	0
78	33	0
78	34	0
78	35	0
78	36	0
78	37	0
78	38	0
78	39	0
79	0	0
79	1	0
79	2	0
79	3	0
79	4	0
79	6	0
79	7	0
79	8	0
79	9	0
79	10	0
79	11	0
79	12	0
79	13	0
79	14	0
79	15	0
79	16	0
79	17	0
79	18	0
79	19	0
79	20	0
79	21	0
79	22	0
79	23	0
79	24	0
79	25	0
79	26	0
79	27	0
79	28	0
79	29	0
79	30	0
79	31	0
79	32	0
79	33	0
79	34	0
79	35	0
79	36	0
79	37	0
79	38	0
79	39	0
80	0	0
80	1	0
80	2	0
80	3	0
80	4	0
80	6	0
80	7	0
80	8	0
80	9	0
80	10	0
80	11	0
80	12	0
80	13	0
80	15	0
80	16	0
80	18	0
80	19	0
80	20	0
80	21	0
80	22	0
80	23	0
80	24	0
80	25	0
80	26	0
80	27	0
80	28	0
80	29	0
80	30	0
80	31	0
80	32	0
80	33	0
80	34	0
80	35	0
80	36	0
80	37	0
80	38	0
80	39	0
81	0	0
81	1	0
81	2	0
81	3	0
81	4	0
81	6	0
81	9	0
81	10	0
81	11	0
81	12	0
81	13	0
81	15	0
81	16	0
81	17	0
81	18	0
81	19	0
81	20	0
81	21	0
81	22	0
81	23	0
81	24	0
81	25	0
81	26	0
81	27	0
81	28	0
81	29	0
81	30	0
81	31	0
81	32	0
81	33	0
81	34	0
81	35	0
81	36	0
81	37	0
81	38	0
81	39	0
81	40	0
82	0	0
82	1	0
82	2	0
82	3	0
82	4	0
82	6	0
82	7	0
82	8	0
82	9	0
82	10	0
82	11	0
82	13	0
82	15	0
82	16	0
82	18	0
82	19	0
82	20	0
82	21	0
82	22	0
82	23	0
82	25	0
82	26	0
82	27	0
82	28	0
82	29	0
82	30	0
82	31	0
82	32	0
82	33	0
82	34	0
82	35	0
82	36	0
82	37	0
82	38	0
82	39	0
83	0	0
83	1	0
83	2	0
83	3	0
83	4	0
83	6	0
83	7	0
83	8	0
83	9	0
83	11	0
83	12	0
83	13	0
83	15	0
83	16	0
83	17	0
83	18	0
83	19	0
83	20	0
83	21	0
83	22	0
83	23	0
83	25	0
83	26	0
83	27	0
83	28	0
83	29	0
83	30	0
83	31	0
83	32	0
83	33	0
83	34	0
83	35	0
83	36	0
83	37	0
83	38	0
83	39	0
84	0	0
84	1	0
84	2	0
84	3	0
84	4	0
84	6	0
84	7	0
84	8	0
84	9	0
84	10	0
84	11	0
84	12	0
84	13	0
84	14	0
84	15	0
84	16	0
84	18	0
84	19	0
84	20	0
84	21	0
84	22	0
84	23	0
84	24	0
84	25	0
84	26	0
84	27	0
84	28	0
84	29	0
84	30	0
84	31	0
84	32	0
84	33	0
84	34	0
84	36	0
84	37	0
84	38	0
84	39	0
85	0	0
85	1	0
85	2	0
85	3	0
85	4	0
85	6	0
85	8	0
85	9	0
85	11	0
85	12	0
85	13	0
85	15	0
85	16	0
85	17	0
85	18	0
85	19	0
85	20	0
85	21	0
85	22	0
85	23	0
85	24	0
85	25	0
85	26	0
85	27	0
85	28	0
85	29	0
85	30	0
85	31	0
85	32	0
85	33	0
85	34	0
85	35	0
85	36	0
85	37	0
85	38	0
85	39	0
85	40	0
86	0	0
86	1	0
86	2	0
86	3	0
86	4	0
86	6	0
86	7	0
86	8	0
86	9	0
86	10	0
86	11	0
86	12	0
86	13	0
86	14	0
86	15	0
86	16	0
86	17	0
86	18	0
86	19	0
86	20	0
86	21	0
86	22	0
86	23	0
86	24	0
86	25	0
86	26	0
86	27	0
86	28	0
86	29	0
86	30	0
86	31	0
86	32	0
86	33	0
86	34	0
86	35	0
86	36	0
86	37	0
86	38	0
86	39	0
87	0	0
87	1	0
87	2	0
87	3	0
87	4	0
87	5	0
87	6	0
87	7	0
87	8	0
87	9	0
87	10	0
87	11	0
87	12	0
87	13	0
87	14	0
87	15	0
87	16	0
87	17	0
87	18	0
87	19	0
87	20	0
87	21	0
87	22	0
87	23	0
87	24	0
87	25	0
87	26	0
87	27	0
87	28	0
87	29	0
87	30	0
87	31	0
87	32	0
87	33	0
87	34	0
87	35	0
87	36	0
87	37	0
87	38	0
87	39	0
87	40	0
88	0	0
88	1	0
88	2	0
88	3	0
88	4	0
88	5	0
88	6	0
88	7	0
88	8	0
88	9	0
88	10	0
88	11	0
88	12	0
88	13	0
88	15	0
88	16	0
88	17	0
88	18	0
88	19	0
88	20	0
88	21	0
88	22	0
88	23	0
88	24	0
88	25	0
88	26	0
88	27	0
88	28	0
88	29	0
88	32	0
88	34	0
88	35	0
88	36	0
88	37	0
88	38	0
88	39	0
89	0	0
89	1	0
89	2	0
89	3	0
89	4	0
89	6	0
89	7	0
89	8	0
89	9	0
89	10	0
89	11	0
89	12	0
89	13	0
89	26	0
89	27	0
89	28	0
89	29	0
89	30	0
89	31	0
89	32	0
89	33	0
89	34	0
89	35	0
89	36	0
89	37	0
89	38	0
89	39	0
90	0	0
90	1	0
90	2	0
90	3	0
90	4	0
90	6	0
90	7	0
90	8	0
90	9	0
90	10	0
90	11	0
90	12	0
90	13	0
90	15	0
90	16	0
90	18	0
90	19	0
90	20	0
90	21	0
90	22	0
90	23	0
90	24	0
90	25	0
90	26	0
90	27	0
90	28	0
90	29	0
90	30	0
90	31	0
90	32	0
90	33	0
90	34	0
90	35	0
90	36	0
90	37	0
90	38	0
90	39	0
91	0	0
91	1	0
91	2	0
91	3	0
91	4	0
91	6	0
91	7	0
91	8	0
91	9	0
91	10	0
91	11	0
91	12	0
91	13	0
91	15	0
91	16	0
91	19	0
91	20	0
91	21	0
91	22	0
91	23	0
91	24	0
91	25	0
91	26	0
91	27	0
91	28	0
91	29	0
91	30	0
91	31	0
91	32	0
91	33	0
91	34	0
91	35	0
91	36	0
91	37	0
91	38	0
91	39	0
92	0	0
92	1	0
92	2	0
92	3	0
92	4	0
92	6	0
92	7	0.043
92	8	0
92	9	0
92	11	0
92	12	0
92	13	0
92	14	0
92	15	0
92	16	0
92	18	0
92	19	0
92	20	0
92	21	0
92	22	0
92	23	0
92	24	0
92	25	0
92	26	0
92	27	0
92	28	0
92	29	0
92	30	0
92	31	0
92	32	0
92	33	0
92	34	0
92	35	0
92	36	0
92	37	0
92	38	0
92	39	0
93	0	0.203
93	1	0
93	2	0
93	3	0
93	4	0
93	5	0
93	6	0
93	7	0
93	8	0
93	9	0
93	10	0
93	11	0
93	12	0
93	13	0
93	14	0
93	15	0
93	16	0
93	18	0
93	19	0
93	20	0
93	21	0
93	22	0
93	23	0
93	24	0
93	25	0
93	26	0
93	27	0
93	28	0
93	29	0
93	30	0
93	31	0
93	32	0
93	33	0
93	34	0
93	35	0
93	36	0
93	37	0
93	38	0
93	39	0
94	0	0.093
94	1	0
94	2	0
94	3	0
94	4	0
94	5	0
94	6	0
94	7	0
94	8	0
94	9	0
94	10	0
94	11	0
94	12	0
94	13	0
94	14	0
94	15	0
94	16	0
94	17	0
94	18	0
94	19	0
94	20	0.111
94	21	0
94	22	0
94	23	0
94	24	0
94	25	0
94	26	0
94	27	0
94	28	0
94	29	0
94	30	0
94	31	0
94	32	0
94	33	0
94	34	0
94	35	0
94	36	0.048
94	37	0.012
94	38	0
94	39	0
94	40	0
95	0	0.175
95	1	0
95	2	0
95	3	0
95	4	0
95	5	0
95	6	0
95	7	0
95	8	0
95	9	0
95	10	0
95	11	0
95	12	0
95	13	0
95	14	0
95	15	0
95	16	0
95	17	0
95	18	0
95	19	0
95	20	0.083
95	21	0
95	22	0
95	23	0
95	24	0
95	25	0
95	26	0
95	27	0
95	28	0
95	29	0
95	30	0
95	31	0
95	32	0
95	33	0
95	34	0
95	35	0
95	36	0.022
95	37	0.009
95	38	0
95	39	0
95	40	0
96	0	0.136
96	1	0
96	2	0
96	3	0
96	4	0
96	5	0
96	6	0
96	7	0
96	8	0
96	9	0
96	10	0
96	11	0
96	12	0
96	13	0
96	14	0
96	15	0
96	16	0
96	17	0
96	18	0
96	19	0
96	20	0
96	21	0
96	22	0
96	23	0
96	24	0
96	25	0
96	26	0
96	27	0
96	28	0
96	29	0
96	30	0
96	31	0
96	32	0
96	33	0
96	34	0
96	35	0
96	36	0
96	37	0
96	38	0
96	39	0
97	0	0.214
97	1	0
97	2	0
97	3	0
97	4	0
97	5	0
97	6	0
97	7	0
97	8	0
97	9	0
97	10	0
97	11	0
97	12	0
97	13	0
97	15	0
97	16	0
97	17	0
97	18	0
97	19	0
97	20	0
97	21	0
97	22	0
97	23	0
97	24	0.25
97	25	0.091
97	26	0
97	27	0
97	28	0
97	29	0
97	30	0
97	31	0
97	32	0
97	33	0
97	34	0
97	35	0
97	36	0.045
97	37	0.011
97	38	0.009
97	39	0
97	40	0
98	0	0.071
98	1	0
98	2	0
98	3	0
98	4	0
98	5	0
98	6	0
98	7	0
98	8	0
98	9	0
98	10	0
98	11	0
98	12	0
98	13	0
98	14	0
98	15	0
98	16	0
98	17	0
98	18	0
98	19	0
98	20	0
98	21	0
98	22	0
98	23	0
98	24	0
98	25	0
98	26	0
98	27	0
98	28	0
98	29	0
98	30	0
98	31	0
98	32	0
98	33	0
98	34	0
98	35	0
98	36	0.123
98	37	0.138
98	38	0.107
98	39	0.059
98	40	0
99	0	0.094
99	1	0
99	2	0
99	3	0
99	4	0
99	5	0
99	6	0
99	7	0
99	8	0
99	9	0
99	10	0
99	11	0
99	12	0
99	13	0
99	14	0
99	15	0
99	16	0.012
99	17	0
99	18	0
99	19	0
99	20	0
99	21	0
99	22	0
99	23	0
99	24	0
99	25	0
99	26	0
99	27	0
99	28	0
99	29	0
99	30	0
99	31	0
99	32	0
99	33	0
99	34	0
99	35	0
99	36	0.103
99	37	0.022
99	38	0.021
99	39	0
100	0	0.064
100	1	0
100	2	0
100	3	0
100	4	0
100	6	0
100	7	0
100	8	0
100	9	0
100	10	0
100	11	0
100	12	0
100	13	0
100	14	0
100	15	0
100	16	0.023
100	17	0
100	18	0
100	19	0
100	20	0
100	21	0
100	22	0
100	23	0
100	24	0
100	25	0
100	26	0
100	27	0
100	28	0
100	29	0
100	30	0
100	31	0
100	32	0
100	33	0
100	34	0
100	35	0
100	36	0.038
100	37	0.01
100	38	0
100	39	0
100	40	0
101	0	0.045
101	1	0
101	2	0
101	3	0
101	4	0
101	6	0
101	7	0
101	8	0
101	9	0
101	10	0
101	11	0
101	12	0
101	13	0
101	14	0
101	15	0
101	16	0
101	17	0
101	18	0
101	19	0
101	20	0
101	21	0
101	22	0
101	23	0
101	24	0
101	25	0
101	26	0
101	27	0
101	28	0
101	29	0
101	30	0
101	31	0
101	32	0
101	33	0
101	34	0
101	35	0
101	36	0
101	37	0
101	38	0
101	39	0
102	0	0.077
102	1	0
102	2	0
102	3	0
102	4	0
102	6	0
102	7	0
102	8	0
102	9	0
102	10	0
102	11	0
102	12	0
102	13	0
102	14	0
102	15	0
102	16	0
102	17	0
102	18	0
102	19	0
102	20	0
102	21	0
102	22	0
102	23	0
102	24	0
102	25	0
102	26	0
102	27	0
102	28	0
102	29	0
102	30	0
102	31	0
102	32	0
102	33	0
102	34	0
102	35	0
102	36	0
102	37	0.021
102	38	0.028
102	39	0.015
102	40	0
103	0	0.061
103	1	0
103	2	0
103	3	0
103	4	0
103	5	0
103	6	0
103	7	0
103	8	0
103	9	0
103	10	0
103	11	0
103	12	0
103	13	0
103	14	0
103	15	0
103	16	0
103	17	0
103	18	0
103	19	0
103	20	0
103	21	0
103	22	0
103	23	0
103	24	0
103	25	0
103	26	0
103	27	0
103	28	0
103	29	0
103	30	0
103	31	0
103	32	0
103	33	0
103	34	0
103	35	0
103	36	0
103	37	0
103	38	0
103	39	0
103	40	0
104	0	0.031
104	1	0
104	2	0
104	3	0
104	4	0
104	6	0
104	7	0
104	8	0
104	9	0
104	10	0
104	11	0
104	12	0
104	13	0
104	14	0
104	15	0
104	16	0
104	17	0
104	18	0
104	19	0
104	20	0
104	21	0
104	22	0
104	23	0
104	24	0
104	25	0
104	26	0
104	27	0
104	28	0
104	29	0
104	30	0
104	31	0
104	32	0
104	33	0
104	34	0
104	35	0
104	36	0
104	37	0
104	38	0
104	39	0
104	40	0
105	0	0.021
105	1	0
105	2	0
105	3	0
105	4	0
105	5	0
105	6	0
105	7	0
105	8	0
105	9	0
105	10	0
105	11	0
105	12	0
105	13	0
105	14	0
105	15	0
105	16	0
105	17	0
105	18	0
105	19	0
105	20	0
105	21	0
105	22	0
105	23	0
105	24	0
105	25	0
105	26	0
105	27	0
105	28	0
105	29	0
105	30	0
105	31	0
105	32	0
105	33	0
105	34	0
105	35	0
105	36	0
105	37	0
105	38	0
105	39	0
105	40	0
106	0	0.021
106	1	0
106	2	0
106	3	0
106	4	0
106	5	0
106	6	0
106	7	0
106	8	0
106	9	0
106	10	0
106	11	0
106	12	0
106	13	0
106	14	0
106	15	0
106	16	0
106	17	0
106	18	0
106	19	0
106	20	0
106	21	0
106	22	0
106	23	0
106	24	0
106	25	0
106	26	0
106	27	0
106	28	0
106	29	0
106	30	0
106	31	0
106	32	0
106	33	0
106	34	0
106	35	0
106	36	0
106	37	0
106	38	0
106	39	0
107	0	0.069
107	1	0
107	2	0
107	3	0
107	4	0
107	5	0
107	6	0
107	7	0
107	8	0
107	9	0
107	10	0
107	11	0
107	12	0
107	13	0
107	15	0
107	16	0
107	17	0
107	18	0
107	19	0
107	20	0
107	21	0
107	22	0
107	23	0
107	24	0
107	25	0
107	26	0
107	27	0
107	28	0
107	29	0
107	30	0
107	31	0
107	32	0
107	33	0
107	34	0
107	35	0
107	36	0
107	37	0
107	38	0
107	39	0
107	40	0
108	0	0.042
108	1	0
108	2	0
108	3	0
108	4	0
108	6	0
108	7	0
108	8	0
108	9	0
108	10	0
108	11	0
108	12	0
108	13	0
108	14	0
108	15	0
108	16	0
108	17	0
108	18	0
108	19	0
108	20	0
108	21	0
108	22	0
108	23	0
108	24	0
108	25	0
108	26	0
108	27	0
108	28	0
108	29	0
108	30	0
108	31	0
108	32	0
108	33	0
108	34	0
108	35	0
108	36	0.018
108	37	0.045
108	38	0.095
108	39	0.026
109	0	0.057
109	1	0
109	2	0
109	3	0
109	4	0
109	5	0
109	6	0
109	7	0
109	8	0
109	9	0
109	10	0
109	11	0
109	12	0
109	13	0
109	14	0
109	15	0
109	16	0
109	17	0
109	18	0
109	19	0
109	20	0
109	21	0
109	22	0
109	23	0
109	24	0
109	25	0
109	26	0
109	27	0
109	28	0
109	29	0
109	30	0
109	31	0
109	32	0
109	33	0
109	34	0
109	35	0
109	36	0
109	37	0.021
109	38	0
109	39	0
110	0	0.076
110	1	0
110	2	0
110	3	0
110	4	0
110	6	0
110	7	0
110	8	0
110	9	0
110	10	0
110	11	0
110	12	0
110	13	0
110	14	0
110	15	0
110	16	0
110	17	0
110	18	0
110	19	0
110	20	0
110	21	0
110	22	0
110	23	0
110	24	0
110	25	0
110	26	0
110	27	0
110	28	0
110	29	0
110	30	0
110	31	0
110	32	0
110	33	0
110	34	0
110	35	0
110	36	0
110	37	0.061
110	38	0.139
110	39	0.149
111	0	0.024
111	1	0
111	2	0
111	3	0
111	4	0
111	5	0
111	6	0
111	7	0
111	8	0
111	9	0
111	10	0
111	11	0
111	12	0
111	13	0
111	14	0
111	15	0
111	16	0
111	17	0
111	18	0
111	19	0
111	20	0
111	21	0
111	22	0
111	23	0
111	24	0
111	25	0
111	26	0
111	27	0
111	28	0
111	29	0
111	30	0
111	31	0
111	32	0
111	33	0
111	34	0
111	35	0
111	36	0
111	37	0
111	38	0
111	39	0
112	0	0.093
112	1	0
112	2	0
112	3	0
112	4	0
112	5	0
112	6	0
112	7	0
112	8	0
112	9	0
112	10	0
112	11	0
112	12	0
112	13	0
112	14	0
112	15	0
112	16	0
112	17	0
112	18	0
112	19	0
112	20	0
112	21	0
112	22	0
112	23	0
112	24	0
112	25	0
112	26	0
112	27	0
112	28	0
112	29	0
112	30	0
112	31	0
112	32	0
112	33	0
112	34	0
112	35	0
112	36	0
112	37	0
112	38	0.011
112	39	0.026
112	40	1
113	0	0.021
113	1	0
113	2	0
113	3	0
113	4	0
113	6	0
113	7	0
113	8	0
113	9	0
113	10	0
113	11	0
113	12	0
113	13	0
113	14	0
113	15	0
113	16	0
113	17	0
113	18	0
113	19	0
113	20	0
113	21	0
113	22	0
113	23	0
113	24	0
113	25	0
113	26	0
113	27	0
113	28	0.032
113	29	0
113	30	0
113	31	0
113	32	0
113	33	0
113	34	0
113	35	0
113	36	0
113	37	0
113	38	0.036
113	39	0.04
114	0	0
114	1	0
114	2	0
114	3	0
114	4	0
114	6	0
114	7	0
114	8	0
114	9	0
114	10	0
114	11	0
114	12	0
114	13	0
114	15	0
114	16	0
114	17	0
114	18	0
114	19	0
114	20	0
114	21	0
114	22	0
114	23	0
114	24	0
114	25	0
114	26	0
114	27	0
114	28	0
114	29	0
114	30	0
114	31	0
114	32	0
114	33	0
114	34	0
114	35	0
114	36	0
114	37	0
114	38	0
114	39	0
115	0	0.075
115	1	0
115	2	0
115	3	0
115	4	0
115	5	0
115	6	0
115	7	0
115	8	0
115	9	0
115	10	0
115	11	0
115	12	0
115	13	0
115	14	0
115	15	0
115	16	0
115	17	0
115	18	0
115	19	0
115	20	0
115	21	0
115	38	0
115	39	0
115	40	0
116	0	0.333
116	9	0
116	10	0
116	11	0
116	12	0
116	13	0
116	15	0
116	16	0
116	17	0
116	18	0
116	19	0
116	20	0
116	21	0
116	22	0
116	23	0
116	24	0
116	25	0
116	26	0
116	27	0
116	28	0
116	29	0
116	30	0
116	31	0
116	32	0
116	33	0
116	34	0
116	35	0
116	36	0
116	37	0
116	38	0
116	39	0
117	0	0.205
117	1	0
117	2	0
117	3	0
117	4	0
117	5	0
117	6	0
117	7	0
117	8	0
117	9	0
117	10	0
117	11	0
117	12	0
117	13	0
117	14	0
117	15	0
117	16	0
117	18	0
117	19	0
117	20	0
117	21	0
117	22	0
117	23	0
117	24	0
117	25	0
117	26	0
117	27	0
117	28	0
117	29	0
117	30	0
117	31	0
117	33	0
117	34	0
117	35	0
117	36	0.167
117	37	0.2
117	38	0.15
117	39	0
118	0	0.538
118	1	0.111
118	2	0
118	3	0
118	4	0
118	5	0
118	6	0
118	7	0
118	8	0
118	9	0
118	10	0
118	11	0
118	12	0
118	13	0
118	14	0
118	15	0
118	16	0
118	17	0
118	19	0
118	20	0
118	21	0
118	22	0
118	23	0
118	24	0
118	25	0
118	26	0
118	27	0
118	28	0
118	29	0
118	30	0
118	31	0
118	32	0
118	33	0
118	34	0
118	35	0
118	36	0
118	37	0.017
118	38	0
119	0	0.218
119	1	0
119	2	0
119	4	0
119	7	0
119	8	0
119	9	0
119	11	0
119	13	0
119	15	0
119	16	0
119	17	0
119	18	0
119	19	0
119	20	0
119	21	0
119	22	0
119	23	0
119	24	0
119	25	0
119	26	0
119	27	0
119	28	0
119	29	0
119	30	0
119	31	0
119	32	0
119	33	0
119	34	0
119	35	0
119	36	0.026
119	37	0.069
119	38	0.027
119	39	0
120	0	0.393
120	1	0
120	2	0
120	3	0
120	4	0
120	6	0
120	7	0
120	8	0
120	9	0
120	10	0
120	11	0
120	12	0
120	13	0
120	15	0
120	16	0
120	17	0
120	18	0
120	19	0
120	20	0
120	21	0
120	22	0
120	23	0
120	24	0
120	25	0
120	26	0
120	27	0
120	38	0.061
120	39	0
121	0	0.357
121	9	0
121	10	0
121	11	0
121	12	0
121	13	0
121	14	0
121	15	0
121	16	0
121	17	0
121	18	0
121	19	0
121	20	0
121	21	0
121	22	0
121	23	0
121	24	0
121	25	0
121	26	0
121	27	0
121	28	0
121	29	0
121	30	0
121	31	0
121	32	0
121	33	0
121	34	0
121	35	0
121	36	0
121	37	0.038
121	38	0.015
121	39	0
121	40	0
122	0	0.254
122	1	0
122	2	0
122	3	0
122	4	0
122	5	0
122	6	0
122	7	0
122	8	0
122	9	0
122	10	0
122	11	0
122	12	0
122	13	0
122	14	0
122	15	0
122	16	0
122	18	0
122	19	0
122	20	0
122	21	0
122	22	0
122	23	0
122	24	0
122	26	0
122	27	0
122	28	0
122	29	0
122	30	0
122	31	0
122	32	0
122	33	0
122	34	0
122	35	0
122	36	0.021
122	37	0.049
122	38	0.107
122	39	0.105
123	0	0.095
123	3	0
123	4	0
123	8	0
123	10	0
123	12	0
123	13	0
123	14	0
123	15	0
123	16	0
123	18	0
123	19	0
123	20	0
123	21	0
123	22	0
123	23	0
123	24	0
123	25	0
123	26	0
123	27	0
123	28	0
123	29	0
123	30	0
123	31	0
123	32	0
123	33	0
123	34	0
123	35	0
123	36	0
123	37	0.015
123	38	0
123	39	0
124	0	0.16
124	1	0
124	2	0
124	3	0
124	4	0
124	5	0
124	6	0
124	7	0
124	8	0
124	9	0
124	10	0
124	11	0
124	12	0
124	13	0
124	14	0
124	15	0
124	16	0
124	17	0
124	18	0
124	19	0
124	20	0
124	21	0
125	18	0
125	19	0
125	20	0
125	21	0
125	22	0
125	23	0
125	24	0
125	25	0
125	26	0
125	27	0
125	28	0
125	29	0
125	30	0
125	31	0
125	32	0
125	33	0
125	34	0
125	35	0
125	36	0
125	37	0
125	38	0
126	0	0.195
126	1	0
126	2	0
126	3	0
126	4	0
126	5	0
126	6	0
126	7	0
126	8	0
126	9	0
126	11	0
126	13	0
126	14	0
126	15	0
126	16	0
126	18	0
126	19	0
126	20	0
126	21	0
126	22	0
126	23	0
126	24	0
126	25	0
126	26	0
126	27	0
126	28	0
126	29	0
126	30	0
126	31	0
126	32	0
126	33	0
126	34	0
126	35	0
126	36	0
126	37	0
126	38	0
126	39	0
127	0	0.058
127	1	0
127	2	0
127	3	0
127	4	0
127	5	0
127	6	0
127	7	0
127	8	0
127	9	0
127	10	0
127	11	0
127	12	0
127	13	0
127	15	0
127	16	0
127	17	0
127	18	0
127	19	0
127	20	0
127	21	0
127	22	0
127	23	0
127	24	0
127	25	0
127	26	0
127	27	0
127	28	0
127	29	0
127	30	0
127	31	0
127	32	0
127	33	0
127	34	0
127	35	0
127	36	0
128	0	0.276
128	1	0
128	2	0
128	4	0
128	6	0
128	7	0
128	8	0
128	9	0
128	11	0
128	12	0
128	13	0
128	14	0
128	15	0
128	16	0
128	17	0
128	18	0
128	19	0
128	20	0
128	21	0
128	22	0
128	23	0
128	24	0
128	25	0
128	26	0
128	27	0
128	28	0
128	29	0
128	30	0
128	31	0
128	32	0
128	33	0
128	34	0
128	35	0
128	36	0
128	37	0
128	38	0
128	39	0
129	0	0.102
129	1	0
129	2	0
129	3	0
129	4	0
129	6	0
129	7	0
129	8	0
129	9	0
129	10	0
129	11	0
129	12	0
129	13	0
129	14	0
129	15	0
129	16	0
129	17	0
129	18	0
129	19	0
129	20	0
129	21	0
129	22	0
129	23	0
129	24	0
129	25	0
129	26	0
129	27	0
129	28	0
129	29	0
129	30	0
129	31	0
129	32	0
129	33	0
129	34	0
129	35	0
129	36	0
129	37	0
129	38	0
129	39	0
129	40	0
130	0	0.016
130	1	0
130	2	0
130	3	0
130	4	0
130	5	0
130	7	0
130	8	0
130	9	0
130	10	0
130	11	0
130	12	0
130	13	0
130	15	0
130	16	0
130	17	0
130	18	0
130	19	0
130	20	0
130	21	0
130	22	0
130	23	0
130	24	0
130	25	0
130	26	0
130	27	0
130	28	0
130	29	0
130	30	0
130	31	0
130	32	0
130	33	0
130	34	0
130	35	0
130	36	0
130	37	0
130	38	0.012
130	39	0
130	40	0
131	0	0.068
131	1	0
131	2	0
131	3	0
131	4	0
131	5	0
131	6	0
131	7	0
131	8	0
131	9	0
131	10	0
131	11	0
131	12	0
131	13	0
131	14	0
131	15	0
131	16	0
131	18	0
131	19	0
131	20	0
131	21	0
131	22	0
131	23	0
131	24	0
131	26	0
131	28	0
131	30	0
131	31	0
131	33	0
131	36	0
131	37	0
131	38	0
131	39	0.091
131	40	0
132	0	0.074
132	13	0
132	14	0
132	15	0
132	16	0
132	17	0
132	18	0
132	19	0
132	20	0
132	21	0
132	22	0
132	23	0
132	24	0
132	25	0
132	26	0
132	27	0
132	28	0
132	29	0
132	30	0
132	31	0
132	32	0
132	33	0
132	34	0
132	35	0
132	36	0
132	37	0
132	38	0
132	39	0.108
133	0	0.091
133	1	0
133	2	0
133	3	0
133	4	0
133	5	0
133	6	0
133	7	0
133	8	0
133	9	0
133	10	0
133	11	0
133	12	0
133	13	0
133	15	0
133	16	0
133	18	0
133	20	0
133	21	0
133	23	0
133	24	0
133	25	0
133	26	0
133	27	0
133	28	0
133	30	0
133	31	0
133	32	0
133	33	0
133	34	0
133	35	0
133	36	0
133	37	0
133	38	0.015
133	39	0
134	0	0.146
134	1	0
134	2	0
134	3	0
134	4	0
134	6	0
134	7	0
134	8	0
134	9	0
134	10	0
134	11	0
134	12	0
134	13	0
134	14	0
134	15	0
134	16	0
134	17	0
134	18	0
134	19	0
134	20	0
134	21	0
134	22	0
134	23	0
134	24	0
134	25	0
134	26	0
134	27	0
134	28	0
134	29	0
134	30	0
134	31	0
134	32	0
134	33	0
134	34	0
134	35	0
134	36	0
134	37	0
135	0	0.034
135	1	0
135	3	0
135	4	0
135	6	0
135	7	0
135	8	0
135	9	0
135	10	0
135	11	0
135	12	0
135	13	0
135	14	0
135	15	0
135	16	0
135	18	0
135	19	0
135	20	0
135	21	0
135	22	0
135	23	0
135	24	0
135	25	0
135	26	0
135	27	0
135	28	0
135	29	0
135	30	0
135	31	0
135	32	0
135	33	0
135	34	0
135	35	0
135	36	0
135	37	0.01
135	38	0.011
135	39	0.026
136	0	0.096
136	1	0
136	2	0
136	3	0
136	28	0
136	29	0
136	30	0
136	31	0
136	32	0
136	33	0
136	34	0
136	36	0
136	37	0
136	38	0
136	39	0
137	0	0.203
137	1	0.059
137	2	0
137	3	0.059
137	4	0.017
137	5	0
137	6	0
137	7	0
137	8	0
137	9	0
137	10	0
137	11	0
137	12	0
137	13	0
137	14	0
137	15	0
137	16	0
137	17	0
137	18	0
137	19	0
137	20	0.051
137	21	0
137	22	0
137	23	0
137	24	0
138	13	0
138	14	0
138	15	0
138	16	0
138	17	0
138	18	0
138	19	0
138	20	0
138	21	0
138	22	0
138	23	0
138	24	0
138	25	0
138	26	0
138	27	0
138	28	0
138	29	0
138	30	0
138	31	0
138	32	0
138	33	0
138	34	0
138	35	0
138	36	0
138	37	0.042
138	38	0
139	0	0.097
139	3	0
139	4	0
139	7	0
139	8	0
139	9	0
139	12	0
139	13	0
139	15	0
139	16	0
139	20	0
139	21	0
139	22	0
139	25	0
139	27	0
139	28	0
139	29	0
139	30	0
139	31	0
139	32	0
139	33	0
139	34	0
139	35	0
139	36	0
139	37	0
139	38	0
139	39	0
140	0	0.294
140	1	0
140	2	0
140	3	0
140	4	0
140	6	0
140	7	0
140	8	0
140	9	0
140	10	0
140	11	0
140	12	0
140	13	0
140	14	0
140	15	0
140	16	0
140	17	0
140	18	0
140	19	0
140	20	0
140	21	0
140	22	0
140	23	0
140	24	0
140	25	0
140	26	0
140	27	0
140	28	0
140	29	0
140	38	0
140	39	0
141	0	0.219
141	1	0
141	2	0
141	3	0
141	4	0
141	6	0
141	7	0
141	8	0
141	9	0
141	10	0
141	11	0
141	12	0
141	13	0
141	14	0
141	29	0
141	30	0
141	31	0
141	32	0
141	33	0
141	34	0
141	35	0
141	36	0.071
141	37	0.022
141	38	0
141	39	0
142	0	0
142	1	0
142	2	0
142	3	0
142	4	0
142	6	0
142	7	0
142	8	0
142	9	0
142	10	0
142	11	0
142	12	0
142	13	0
142	15	0
142	16	0
142	17	0
142	18	0
142	19	0
142	20	0
142	21	0
142	22	0
142	23	0
142	24	0
142	25	0
142	26	0
142	27	0
142	28	0
142	29	0
142	30	0
142	31	0
142	32	0
142	33	0
142	34	0
142	35	0
142	36	0
142	37	0
142	38	0
142	39	0
143	0	0.116
143	1	0
143	2	0
143	3	0
143	4	0
143	6	0
143	7	0
143	8	0
143	9	0
143	11	0
143	12	0
143	13	0
143	14	0
143	33	0
143	34	0
143	35	0
143	36	0
143	37	0
143	38	0.015
143	39	0.067
