"time"	"distance"	"value"
36	0	0.395
36	1	0.516
36	2	0.455
36	3	0.222
36	4	0.303
36	5	0.267
36	6	0.311
36	7	0.308
36	8	0.276
36	9	0.36
36	10	0.368
36	11	0.444
36	12	0.469
36	13	0.557
36	14	0.528
36	15	0.511
36	16	0.422
36	17	0.267
36	18	0.242
36	19	0.2
36	20	0.22
36	21	0.194
36	22	0.176
36	23	0.16
36	24	0.31
36	25	0.194
36	26	0.097
36	27	0
36	28	0
36	29	0.034
36	30	0.037
36	31	0
36	32	0.05
36	33	0.353
36	34	0.247
38	0	0.667
38	1	0.636
38	2	0.429
38	3	0.333
38	4	0.143
38	5	1
38	6	0.333
38	7	0.333
38	8	0.2
38	9	0
38	10	0.333
38	11	0.333
38	12	0.75
38	13	0.636
38	14	0.429
38	15	0.5
38	16	0.5
38	17	0.571
38	18	0.444
38	19	0.4
38	20	0.25
38	21	0.5
38	22	0.429
38	23	0.375
38	24	0.5
38	25	0.5
38	26	0.25
38	27	0
38	28	0
38	29	0
38	30	0
38	31	0
38	32	0
38	33	0
38	34	0.412
39	0	0.316
39	1	0.471
39	2	0.44
39	3	0.333
39	4	0.333
39	5	0.438
39	6	0.556
39	7	0.462
39	8	0.357
39	9	0.4
39	10	0.5
39	11	0.5
39	12	0.525
39	13	0.605
39	14	0.586
39	15	0.542
39	16	0.692
39	17	0.231
39	18	0.269
39	19	0.176
39	20	0.083
39	21	0.05
39	22	0.053
39	23	0.108
39	24	0.154
39	25	0.167
39	26	0.105
39	27	0
39	28	0
39	29	0
39	30	0
39	31	0
39	32	0.053
39	33	0
39	34	0.213
40	0	0
40	1	0
40	2	0
40	3	0
40	4	0
40	5	0
40	6	0
40	7	0
40	8	0
40	9	0
40	11	0
40	12	0
40	13	0.333
40	14	0
40	15	0
40	16	0
40	17	0
40	18	0
40	19	0
40	20	0
40	21	0
40	22	0
40	23	0.667
40	24	0
40	25	0
40	26	0
40	27	0
40	28	0
40	29	0
40	31	0
40	32	0
40	34	0
41	0	0.269
41	1	0.267
41	2	0.312
41	3	0.25
41	4	0.333
41	5	0.182
41	6	0.312
41	7	0.3
41	8	0.3
41	9	0.273
41	10	0
41	11	0.333
41	12	0.435
41	13	0.281
41	14	0.389
41	15	0.389
41	16	0.364
41	17	0.15
41	18	0.05
41	19	0
41	20	0
41	21	0
41	22	0.143
41	23	0.176
41	24	0.091
41	25	0.083
41	26	0.167
41	27	0
41	28	0
41	29	0
41	30	0
41	31	0
41	32	0
41	33	0.545
41	34	0.316
42	0	0.75
42	1	0.727
42	2	0.4
42	3	0.5
42	4	0.455
42	5	0.571
42	6	0.4
42	7	0.5
42	8	0.667
42	9	0.429
42	10	0.4
42	11	0.6
42	12	0.632
42	13	0.762
42	14	0.833
42	15	0.667
42	16	0.643
42	17	0.308
42	18	0.353
42	19	0.429
42	20	0.231
42	21	0.3
42	22	0.273
42	23	0.25
42	24	0.143
42	25	0.143
42	26	0.222
42	27	0
42	28	0
42	29	0
42	30	0
42	31	0
42	32	0.273
42	33	0.333
42	34	0.615
43	0	0.447
43	1	0.419
43	2	0.364
43	3	0.368
43	4	0.217
43	5	0.273
43	6	0.28
43	7	0.5
43	8	0.267
43	9	0.333
43	10	0.25
43	11	0.5
43	12	0.485
43	13	0.619
43	14	0.56
43	15	0.548
43	16	0.474
43	17	0.206
43	18	0.125
43	19	0.077
43	20	0.08
43	21	0.133
43	22	0.208
43	23	0.186
43	24	0.25
43	25	0.111
43	26	0.12
43	27	0
43	28	0
43	29	0
43	30	0
43	31	0.111
43	32	0.167
43	33	0.545
43	34	0.563
44	0	0.652
44	1	0.842
44	2	0.6
44	3	0.444
44	4	0.222
44	5	0.5
44	6	0.333
44	7	0.5
44	8	0.25
44	9	0.667
44	10	0.4
44	11	0.455
44	12	0.375
44	13	0.571
44	14	0.533
44	15	0.353
44	16	0.6
44	17	0.167
44	18	0.1
44	19	0.091
44	20	0.3
44	21	0.091
44	22	0.091
44	23	0.077
44	24	0.143
44	25	0
44	26	0.125
44	27	0
44	28	0
44	29	0
44	30	0
44	31	0
44	32	0.091
44	33	0.5
44	34	0.857
45	0	0.1
45	1	0.24
45	2	0.263
45	3	0.133
45	4	0.267
45	5	0.222
45	6	0.214
45	7	0
45	8	0.25
45	9	0.182
45	10	0.182
45	11	0.412
45	12	0.37
45	13	0.417
45	14	0.4
45	15	0.474
45	16	0.588
45	17	0.1
45	18	0.083
45	19	0.111
45	20	0.077
45	21	0
45	22	0.143
45	23	0.065
45	24	0
45	25	0
45	26	0
45	27	0
45	28	0
45	29	0
45	30	0
45	31	0
45	32	0
45	33	0
45	34	0.25
46	0	0.393
46	1	0.28
46	2	0.4
46	3	0.2
46	4	0.118
46	5	0.286
46	6	0.111
46	7	0.125
46	8	0.182
46	9	0
46	10	0.167
46	11	0.15
46	12	0.12
46	13	0.219
46	14	0.318
46	15	0.316
46	16	0.2
46	17	0.136
46	18	0.185
46	19	0.077
46	20	0
46	21	0.077
46	22	0.154
46	23	0.125
46	24	0.417
46	25	0.071
46	26	0.25
46	27	0
46	28	0
46	29	0
46	30	0
46	31	0
46	32	0.056
46	33	0.125
46	34	0.404
47	0	0.419
47	1	0.378
47	2	0.312
47	3	0.118
47	4	0.174
47	5	0
47	6	0.167
47	7	0.167
47	8	0.167
47	9	0.154
47	10	0.286
47	11	0.286
47	12	0.412
47	13	0.568
47	14	0.474
47	15	0.455
47	16	0.474
47	17	0.056
47	18	0.077
47	19	0
47	20	0.118
47	21	0.067
47	22	0
47	23	0.182
47	24	0.133
47	25	0.071
47	26	0.059
47	27	0
47	28	0
47	29	0
47	30	0
47	31	0
47	32	0.111
47	33	0
47	34	0.311
48	0	0.125
48	1	0.17
48	2	0.15
48	3	0.091
48	4	0.1
48	5	0.111
48	6	0.115
48	7	0
48	8	0
48	9	0.077
48	10	0
48	11	0.071
48	12	0.184
48	13	0.143
48	14	0.148
48	15	0.12
48	16	0.115
48	17	0.043
48	18	0.074
48	19	0.05
48	20	0.045
48	21	0.056
48	22	0.091
48	23	0.044
48	24	0.067
48	25	0
48	26	0.048
48	27	0
48	28	0
48	29	0
48	30	0
48	31	0
48	32	0
48	33	0
48	34	0.157
49	0	0.333
49	1	0.5
49	2	0.4
49	3	0.143
49	4	0.188
49	5	0.1
49	6	0.312
49	7	0.2
49	8	0.267
49	9	0.375
49	10	0.1
49	11	0.48
49	12	0.536
49	13	0.548
49	14	0.5
49	15	0.481
49	16	0.353
49	17	0.345
49	18	0.32
49	19	0.231
49	20	0.19
49	21	0.071
49	22	0.308
49	23	0.368
49	24	0.4
49	25	0.091
49	26	0.25
49	27	0
49	28	0
49	29	0
49	30	0
49	31	0
49	32	0.059
49	33	0.714
49	34	0.568
50	0	0.385
50	1	0.417
50	2	0.143
50	3	0.143
50	4	0.25
50	5	0.333
50	6	0
50	7	0.286
50	8	0.25
50	9	0
50	10	0
50	11	0.111
50	12	0.333
50	13	0.5
50	14	0.4
50	15	0.7
50	16	0.333
50	17	0.286
50	18	0.188
50	19	0.167
50	20	0.2
50	21	0.25
50	22	0
50	23	0.077
50	24	0.429
50	25	0
50	26	0
50	27	0
50	28	0
50	29	0
50	30	0
50	31	0
50	32	0
50	33	0
50	34	0.5
51	0	0.281
51	1	0.259
51	2	0.1
51	3	0.077
51	4	0.167
51	5	0.125
51	6	0.357
51	7	0.154
51	8	0.125
51	9	0.143
51	10	0.333
51	11	0.222
51	12	0.538
51	13	0.5
51	14	0.435
51	15	0.476
51	16	0.5
51	17	0.318
51	18	0.25
51	19	0.455
51	20	0.368
51	21	0.286
51	22	0.353
51	23	0.314
51	24	0.143
51	25	0.091
51	26	0.105
51	27	0
51	28	0
51	29	0
51	30	0
51	31	0
51	32	0.133
51	33	0.286
51	34	0.656
52	0	0.36
52	1	0.355
52	2	0.636
52	3	0.417
52	4	0.273
52	5	0.5
52	6	0.583
52	7	0.364
52	8	0.167
52	9	0.6
52	10	0.333
52	11	0.579
52	12	0.625
52	13	0.706
52	14	0.688
52	15	0.778
52	16	0.647
52	17	0.412
52	18	0.208
52	19	0.167
52	20	0.062
52	21	0.2
52	22	0.133
52	23	0.257
52	24	0.077
52	25	0.273
52	26	0.2
52	27	0
52	28	0
52	29	0
52	30	0
52	31	0
52	32	0
52	33	0.667
52	34	0.644
53	0	0.292
53	1	0.347
53	2	0.37
53	3	0.095
53	4	0.172
53	5	0.417
53	6	0.25
53	7	0.133
53	8	0.111
53	9	0.333
53	10	0.364
53	11	0.308
53	12	0.475
53	13	0.564
53	14	0.345
53	15	0.333
53	16	0.238
53	17	0.267
53	18	0.273
53	19	0.143
53	20	0.182
53	21	0.083
53	22	0.24
53	23	0.242
53	24	0.25
53	25	0.167
53	26	0.091
53	27	0
53	28	0
53	29	0
53	30	0
53	31	0
53	32	0.13
53	33	0.545
53	34	0.561
54	11	0
54	12	0
54	13	0
54	14	0
54	15	0
54	16	0
54	17	0
54	18	0
54	19	0
54	21	0
54	23	0
54	24	0
54	25	0
54	26	0
54	28	0
54	29	0
54	30	0
54	32	0
54	33	0
54	34	0
55	0	0.532
55	1	0.49
55	2	0.476
55	3	0.318
55	4	0.269
55	5	0.1
55	6	0.238
55	7	0.312
55	8	0.333
55	9	0.353
55	10	0.5
55	11	0.4
55	12	0.525
55	13	0.667
55	14	0.576
55	15	0.607
55	16	0.581
55	17	0.25
55	18	0.22
55	19	0.364
55	20	0.091
55	21	0.125
55	22	0.1
55	23	0.21
55	24	0.316
55	25	0.182
55	26	0.048
55	27	0
55	28	0
55	29	0
55	30	0
55	31	0
55	32	0.091
55	33	0.667
55	34	0.391
56	0	0.6
56	1	0.714
56	2	0.75
56	3	0.667
56	4	1
56	5	0.25
56	6	0.5
56	7	0.333
56	8	0.667
56	9	0.5
56	10	0.5
56	11	0.833
56	12	0.545
56	13	0.667
56	14	0.4
56	15	0.75
56	16	0.429
56	17	0
56	18	0.333
56	19	0
56	20	0.25
56	21	0.2
56	22	0.667
56	23	0.222
56	24	0.333
56	25	0.2
56	26	0
56	27	0
56	28	0
56	29	0
56	30	0
56	31	0
56	32	0.333
56	33	0.667
56	34	0.077
57	0	0.292
57	1	0.353
57	2	0.385
57	3	0.357
57	4	0.4
57	5	0.25
57	6	0.267
57	7	0.571
57	8	0.273
57	9	0.429
57	10	0.444
57	11	0.368
57	12	0.55
57	13	0.485
57	14	0.625
57	15	0.5
57	16	0.474
57	17	0.375
57	18	0.094
57	19	0.2
57	20	0
57	21	0
57	22	0.167
57	23	0.323
57	24	0.333
57	25	0.222
57	26	0.222
57	27	0
57	28	0
57	29	0
57	30	0
57	31	0
57	32	0.143
57	33	0.4
57	34	0.132
58	0	0.462
58	1	0.65
58	2	0.6
58	3	0.545
58	4	0.455
58	5	0.5
58	6	0.5
58	7	0.625
58	8	0.5
58	9	0.667
58	10	0.4
58	11	0.688
58	12	0.765
58	13	0.667
58	14	0.727
58	15	0.4
58	16	0.5
58	17	0.294
58	18	0.412
58	19	0.357
58	20	0.364
58	21	0.353
58	22	0.357
58	23	0.414
58	24	0.462
58	25	0.111
58	26	0.154
58	27	0
58	28	0
58	29	0
58	30	0
58	31	0
58	32	0.091
58	33	0
58	34	0.352
59	0	0.458
59	1	0.479
59	2	0.348
59	3	0.3
59	4	0.227
59	5	0.214
59	6	0.231
59	7	0.267
59	8	0.118
59	9	0.412
59	10	0.5
59	11	0.378
59	12	0.5
59	13	0.545
59	14	0.5
59	15	0.594
59	16	0.522
59	17	0.184
59	18	0.25
59	19	0.241
59	20	0.038
59	21	0.136
59	22	0.185
59	23	0.207
59	24	0.105
59	25	0.08
59	26	0.091
59	27	0.148
59	28	0.1
59	29	0.067
59	30	0
59	31	0
59	32	0.111
59	33	0.239
59	34	0.222
61	0	0.12
61	1	0.261
61	2	0.154
61	3	0
61	4	0
61	5	0
61	6	0
61	7	0
61	8	0
61	9	0
61	10	0
61	11	0.056
61	12	0.25
61	13	0.462
61	14	0.368
61	15	0.286
61	16	0.316
61	17	0.278
61	18	0.217
61	19	0.167
61	20	0.071
61	21	0.231
61	22	0.467
61	23	0.25
61	24	0.333
61	25	0.25
61	26	0.286
61	27	0
61	28	0
61	29	0
61	30	0
61	31	0
61	32	0.111
61	33	0.167
61	34	0.129
62	0	0.224
62	1	0.261
62	2	0.188
62	3	0.25
62	4	0.125
62	5	0
62	6	0.074
62	7	0.167
62	8	0.05
62	9	0.182
62	10	0
62	11	0.194
62	12	0.275
62	13	0.308
62	14	0.286
62	15	0.25
62	16	0.25
62	17	0.161
62	18	0.073
62	19	0.04
62	20	0.167
62	21	0.111
62	22	0.25
62	23	0.15
62	24	0.056
62	25	0.053
62	26	0.034
62	27	0
62	28	0
62	29	0
62	30	0
62	31	0
62	32	0.136
62	33	0.333
62	34	0.158
63	0	0.222
63	1	0.172
63	2	0.15
63	3	0.133
63	4	0.111
63	5	0.111
63	6	0
63	7	0.25
63	8	0.111
63	9	0.2
63	10	0.167
63	11	0.2
63	12	0.409
63	13	0.5
63	14	0.476
63	15	0.368
63	16	0.5
63	17	0.167
63	18	0.111
63	19	0
63	20	0.062
63	21	0
63	22	0.105
63	23	0.257
63	24	0.235
63	25	0
63	26	0.133
63	27	0
63	28	0
63	29	0
63	30	0
63	31	0
63	32	0.125
63	33	0.4
63	34	0.25
64	0	0.367
64	1	0.333
64	2	0.231
64	3	0.462
64	4	0.154
64	5	0.5
64	6	0.214
64	7	0.167
64	8	0.308
64	9	0.375
64	10	0
64	11	0.25
64	12	0.278
64	13	0.31
64	14	0.176
64	15	0.2
64	16	0.2
64	17	0.077
64	18	0.083
64	19	0.111
64	20	0.062
64	21	0.154
64	22	0.333
64	23	0.258
64	24	0.062
64	25	0.091
64	26	0.067
64	27	0
64	28	0
64	29	0
64	30	0
64	31	0
64	32	0
64	33	0.5
64	34	0
65	0	0.571
65	1	0.667
65	2	0.4
65	3	0.417
65	4	0.357
65	5	0.25
65	6	0.294
65	7	0.333
65	8	0.25
65	9	0.5
65	10	0
65	11	0.526
65	12	0.517
65	13	0.688
65	14	0.636
65	15	0.75
65	16	0.591
65	17	0.273
65	18	0.312
65	19	0.385
65	20	0.15
65	21	0.333
65	22	0.273
65	23	0.243
65	24	0.412
65	25	0.176
65	26	0.2
65	27	0.067
65	28	0.067
65	29	0
65	30	0
65	31	0.2
65	32	0.235
65	33	0
65	34	0.071
66	0	0.333
66	1	0.368
66	2	0.556
66	3	0.5
66	4	0.417
66	5	0.333
66	6	0.25
66	7	0.5
66	8	0.286
66	9	0.286
66	10	0.6
66	11	0.538
66	12	0.643
66	13	0.7
66	14	0.571
66	15	0.556
66	16	0.7
66	17	0.571
66	18	0.556
66	19	0.6
66	20	0.3
66	21	0.083
66	22	0.167
66	23	0.421
66	24	0.714
66	25	0.3
66	26	0.2
66	27	0.111
66	28	0.091
66	29	0
66	30	0.167
66	31	0
66	32	0.154
66	33	0
66	34	0
67	0	0.364
67	1	0.692
67	2	0.615
67	3	0.545
67	4	0.417
67	5	0.167
67	6	0.571
67	7	0
67	8	0.556
67	9	0.25
67	10	1
67	11	0.353
67	12	0.4
67	13	0.545
67	14	0.375
67	15	0.571
67	16	0.462
67	17	0.385
67	18	0.421
67	19	0.154
67	20	0.273
67	21	0.286
67	22	0.429
67	23	0.333
67	24	0.182
67	25	0.25
67	26	0.167
67	27	0
67	28	0
67	29	0
67	30	0
67	31	0
67	32	0.071
67	33	0.2
67	34	0.171
68	0	0.464
68	1	0.406
68	2	0.263
68	3	0.071
68	4	0.3
68	5	0.2
68	6	0.176
68	7	0.143
68	8	0.333
68	9	0.286
68	10	0.111
68	11	0.3
68	12	0.32
68	13	0.375
68	14	0.304
68	15	0.261
68	16	0.462
68	17	0.222
68	18	0.087
68	19	0.222
68	20	0.071
68	21	0.154
68	22	0.25
68	23	0.353
68	24	0.19
68	25	0.125
68	26	0.278
68	27	0
68	28	0
68	29	0
68	30	0
68	31	0
68	32	0.048
68	33	0
68	34	0.095
69	0	0.346
69	1	0.414
69	2	0.389
69	3	0.462
69	4	0.45
69	5	0.25
69	6	0.583
69	7	0.333
69	8	0.6
69	9	0.5
69	10	0.25
69	11	0.556
69	12	0.481
69	13	0.581
69	14	0.4
69	15	0.478
69	16	0.556
69	17	0.13
69	18	0.038
69	19	0.188
69	20	0
69	21	0
69	22	0.095
69	23	0.176
69	24	0.308
69	25	0.067
69	26	0.143
69	27	0
69	28	0
69	29	0
69	30	0
69	31	0
69	32	0.056
69	33	0
69	34	0
70	0	0.4
70	1	0.5
70	2	0.417
70	3	0.2
70	4	0.25
70	5	0.2
70	6	0.231
70	7	0.429
70	8	0.375
70	9	0.5
70	10	0.2
70	11	0.692
70	12	0.688
70	13	0.789
70	14	0.5
70	15	0.588
70	16	0.529
70	17	0.25
70	18	0.088
70	19	0.4
70	20	0.182
70	21	0.3
70	22	0.25
70	23	0.333
70	24	0.091
70	25	0
70	26	0.167
70	27	0
70	28	0
70	29	0
70	30	0
70	31	0
70	32	0
70	33	0.5
70	34	0.75
71	0	0.548
71	1	0.577
71	2	0.333
71	3	0.333
71	4	0.5
71	5	0.222
71	6	0.538
71	7	0.5
71	8	0.571
71	9	0.333
71	10	0.667
71	11	0.667
71	12	0.8
71	13	0.767
71	14	0.909
71	15	0.786
71	16	0.844
71	17	0.296
71	18	0.24
71	19	0.125
71	20	0.176
71	21	0.214
71	22	0.125
71	23	0.303
71	24	0.385
71	25	0.467
71	26	0.312
71	27	0
71	28	0
71	29	0
71	30	0
71	31	0
71	32	0
71	33	0.143
71	34	0.125
72	0	0.206
72	1	0.241
72	2	0.25
72	3	0.2
72	4	0.15
72	5	0.1
72	6	0.235
72	7	0
72	8	0.158
72	9	0.364
72	10	0.429
72	11	0.423
72	12	0.3
72	13	0.405
72	14	0.296
72	15	0.458
72	16	0.519
72	17	0.083
72	18	0.091
72	19	0.071
72	20	0
72	21	0
72	22	0
72	23	0.146
72	24	0.154
72	25	0
72	26	0.062
72	27	0.053
72	28	0.062
72	29	0.136
72	30	0
72	31	0
72	32	0
72	33	0
72	34	0.25
73	0	0.424
73	1	0.529
73	2	0.429
73	3	0.4
73	4	0.36
73	5	0.222
73	6	0.455
73	7	0.444
73	8	0.5
73	9	0.412
73	10	0.545
73	11	0.514
73	12	0.619
73	13	0.673
73	14	0.667
73	15	0.66
73	16	0.737
73	17	0.367
73	18	0.408
73	19	0.222
73	20	0.148
73	21	0.174
73	22	0.312
73	23	0.474
73	24	0.296
73	25	0.391
73	26	0.516
73	27	0.233
73	28	0.172
73	29	0.25
73	30	0.2
73	31	0.368
73	32	0.435
73	33	0.333
73	34	0.272
75	0	0.345
75	1	0.355
75	2	0.333
75	3	0.176
75	4	0.438
75	5	0.286
75	6	0.286
75	7	0.364
75	8	0.188
75	9	0.333
75	10	0.429
75	11	0.429
75	12	0.552
75	13	0.5
75	14	0.522
75	15	0.613
75	16	0.458
75	17	0.333
75	18	0.233
75	19	0.15
75	20	0.077
75	21	0.059
75	22	0.217
75	23	0.209
75	24	0.188
75	25	0.15
75	26	0.217
75	27	0.042
75	28	0.048
75	29	0
75	30	0
75	31	0
75	32	0.133
75	33	0.25
75	34	0.069
76	0	0.56
76	1	0.55
76	2	0.273
76	3	0.111
76	4	0.111
76	5	0
76	6	0.083
76	7	0.333
76	8	0.286
76	9	0.286
76	10	0
76	11	0.333
76	12	0.214
76	13	0.429
76	14	0.6
76	15	0.625
76	16	0.429
76	17	0.35
76	18	0.111
76	19	0.091
76	20	0
76	21	0
76	22	0.182
76	23	0.233
76	24	0.182
76	25	0.222
76	26	0.143
76	27	0.077
76	28	0.083
76	29	0
76	30	0
76	31	0
76	32	0
76	33	0
76	34	0.094
77	0	0.449
77	1	0.577
77	2	0.607
77	3	0.375
77	4	0.5
77	5	0.188
77	6	0.321
77	7	0.5
77	8	0.481
77	9	0.389
77	10	0.429
77	11	0.629
77	12	0.75
77	13	0.75
77	14	0.583
77	15	0.707
77	16	0.65
77	17	0.412
77	18	0.344
77	19	0.353
77	20	0.258
77	21	0.407
77	22	0.39
77	23	0.415
77	24	0.406
77	25	0.375
77	26	0.333
77	27	0.079
77	28	0.1
77	29	0.061
77	30	0.048
77	31	0.067
77	32	0.111
77	33	0.143
77	34	0.258
79	0	0.422
79	1	0.308
79	2	0.111
79	3	0.167
79	4	0
79	5	0
79	6	0.167
79	7	0
79	8	0.167
79	9	0.167
79	10	0
79	11	0.182
79	12	0.222
79	13	0.267
79	14	0.2
79	15	0.111
79	16	0.25
79	17	0.125
79	18	0
79	19	0
79	20	0
79	21	0
79	22	0
79	23	0.118
79	24	0.429
79	25	0
79	26	0
79	27	0.125
79	28	0.1
79	29	0.4
79	30	0.167
79	31	0.167
79	32	0.125
79	33	0.25
79	34	0.523
80	0	0.378
80	1	0.357
80	2	0.3
80	3	0.238
80	4	0.176
80	5	0.267
80	6	0.3
80	7	0.2
80	8	0.389
80	9	0.231
80	10	0.167
80	11	0.345
80	12	0.258
80	13	0.282
80	14	0.36
80	15	0.265
80	16	0.5
80	17	0.176
80	18	0.182
80	19	0.118
80	20	0.235
80	21	0.111
80	22	0.12
80	23	0.255
80	24	0.143
80	25	0.2
80	26	0.12
80	27	0
80	28	0
80	29	0
80	30	0
80	31	0
80	32	0.1
80	33	0.333
80	34	0.223
82	0	0.391
82	1	0.458
82	2	0.625
82	3	0.2
82	4	0.417
82	5	0.286
82	6	0.438
82	7	0.6
82	8	0.625
82	9	0.375
82	10	0.571
82	11	0.45
82	12	0.429
82	13	0.621
82	14	0.467
82	15	0.625
82	16	0.462
82	17	0.214
82	18	0.15
82	19	0.286
82	20	0.214
82	21	0.182
82	22	0.133
82	23	0.483
82	24	0.467
82	25	0.2
82	26	0.316
82	27	0
82	28	0
82	29	0
82	30	0
82	31	0
82	32	0.154
82	33	0.25
82	34	0.255
83	0	0.233
83	1	0.08
83	2	0
83	3	0
83	4	0
83	5	0
83	6	0.077
83	7	0
83	8	0.111
83	9	0.111
83	10	0.333
83	11	0.133
83	12	0.1
83	13	0.091
83	14	0.053
83	15	0.053
83	16	0.071
83	17	0.053
83	18	0
83	19	0
83	20	0
83	21	0
83	22	0
83	23	0
83	24	0
83	25	0
83	26	0
83	27	0
83	28	0
83	29	0
83	30	0
83	31	0
83	32	0
83	33	0
83	34	0.333
84	0	0.261
84	1	0.417
84	2	0.429
84	3	0.333
84	4	0.2
84	5	0.217
84	6	0.2
84	7	0.429
84	8	0.25
84	9	0.333
84	10	0.333
84	11	0.533
84	12	0.5
84	13	0.444
84	14	0.353
84	15	0.526
84	16	0.412
84	17	0.348
84	18	0.391
84	19	0.222
84	20	0.333
84	21	0.25
84	22	0.357
84	23	0.448
84	24	0.417
84	25	0.267
84	26	0.357
84	27	0
84	28	0.067
84	29	0.071
84	30	0
84	31	0
84	32	0.071
84	33	0.2
84	34	0.155
85	0	0.364
85	1	0.375
85	2	0.214
85	3	0.2
85	4	0.25
85	5	0.333
85	6	0.308
85	7	0.4
85	8	0.5
85	9	0.286
85	10	0.222
85	11	0.286
85	12	0.412
85	13	0.481
85	14	0.294
85	15	0.4
85	16	0.44
85	17	0.375
85	18	0.294
85	19	0.083
85	20	0.077
85	21	0.333
85	22	0.2
85	23	0.194
85	24	0.214
85	25	0.125
85	26	0.067
85	27	0.059
85	28	0
85	29	0.071
85	30	0
85	31	0
85	32	0.273
85	33	0.556
85	34	0.513
86	0	0.522
86	1	0.533
86	2	0.4
86	3	0.25
86	4	0.375
86	5	0.222
86	6	0.2
86	7	0.333
86	8	0.077
86	9	0.333
86	10	0.444
86	11	0.091
86	12	0.448
86	13	0.423
86	14	0.5
86	15	0.524
86	16	0.476
86	17	0.438
86	18	0.409
86	19	0.5
86	20	0.25
86	21	0.273
86	22	0.389
86	23	0.419
86	24	0.615
86	25	0.154
86	26	0.438
86	27	0.053
86	28	0
86	29	0
86	30	0
86	31	0
86	32	0.056
86	33	0.25
86	34	0.447
87	0	0.364
87	1	0.731
87	2	0.727
87	3	0.429
87	4	0.375
87	5	0.429
87	6	0.556
87	7	0.4
87	8	0.875
87	9	0.25
87	10	0.4
87	11	0.556
87	12	0.8
87	13	0.765
87	14	0.733
87	15	0.778
87	16	0.615
87	17	0.438
87	18	0.458
87	19	0.455
87	20	0.222
87	21	0
87	22	0.5
87	23	0.45
87	24	0.538
87	25	0.5
87	26	0.333
87	27	0.143
87	28	0.143
87	29	0.1
87	30	0
87	31	0
87	32	0
87	33	0
87	34	0.125
88	0	0.352
88	1	0.457
88	2	0.308
88	3	0.192
88	4	0.095
88	5	0.071
88	6	0.192
88	7	0.238
88	8	0.19
88	9	0.375
88	10	0.462
88	11	0.303
88	12	0.432
88	13	0.449
88	14	0.545
88	15	0.417
88	16	0.5
88	17	0.222
88	18	0.175
88	19	0.111
88	20	0.032
88	21	0.091
88	22	0.065
88	23	0.048
88	24	0.136
88	25	0.036
88	26	0.107
88	27	0.059
88	28	0.033
88	29	0
88	30	0
88	31	0
88	32	0.125
88	33	0.154
88	34	0.417
90	0	0.531
90	1	0.578
90	2	0.467
90	3	0.429
90	4	0.385
90	5	0.154
90	6	0.632
90	7	0.5
90	8	0.5
90	9	0.167
90	10	0.375
90	11	0.619
90	12	0.679
90	13	0.595
90	14	0.688
90	15	0.621
90	16	0.692
90	17	0.188
90	18	0.265
90	19	0.067
90	20	0
90	21	0.083
90	22	0.174
90	23	0.289
90	24	0.222
90	25	0.154
90	26	0.062
90	27	0
90	28	0.067
90	29	0
90	30	0
90	31	0
90	32	0.071
90	33	0.111
90	34	0.102
91	0	0.647
91	1	0.6
91	2	0.556
91	3	0.4
91	4	0.364
91	5	0.75
91	6	0.444
91	7	0.625
91	8	0
91	9	0.714
91	10	0.5
91	11	0.667
91	12	0.533
91	13	0.714
91	14	0.5
91	15	0.643
91	16	0.562
91	17	0.333
91	18	0.333
91	19	0.333
91	20	0.143
91	21	0
91	22	0.308
91	23	0.56
91	24	0.429
91	25	0.222
91	26	0.143
91	27	0
91	28	0
91	29	0
91	30	0
91	31	0
91	32	0.222
91	33	0.333
91	34	0.222
92	0	0.478
92	1	0.537
92	2	0.37
92	3	0.118
92	4	0.143
92	5	0.312
92	6	0.304
92	7	0.471
92	8	0.4
92	9	0.389
92	10	0.778
92	11	0.452
92	12	0.514
92	13	0.519
92	14	0.379
92	15	0.596
92	16	0.578
92	17	0.143
92	18	0.1
92	19	0.071
92	20	0.077
92	21	0.1
92	22	0.094
92	23	0.271
92	24	0.185
92	25	0.091
92	26	0.261
92	27	0
92	28	0
92	29	0
92	30	0
92	31	0
92	32	0.05
92	33	0.4
92	34	0.545
93	0	0.579
93	1	0.857
93	2	0.556
93	3	0.4
93	4	0.429
93	5	0.333
93	6	0.333
93	7	0.5
93	8	0.333
93	9	0.5
93	10	0.5
93	11	0.3
93	12	0.571
93	13	0.636
93	14	0.643
93	15	0.667
93	16	0.765
93	17	0.417
93	18	0.647
93	19	0.143
93	20	0.143
93	21	0.375
93	22	0.455
93	23	0.556
93	24	0.545
93	25	0.6
93	26	0.5
93	27	0
93	28	0
93	29	0
93	30	0
93	31	0
93	32	0.111
93	33	0.4
93	34	0.6
94	0	0.444
94	1	0.576
94	2	0.45
94	3	0.375
94	4	0.13
94	5	0.167
94	6	0.385
94	7	0.417
94	8	0.364
94	9	0.462
94	10	0.727
94	11	0.5
94	12	0.5
94	13	0.619
94	14	0.552
94	15	0.667
94	16	0.673
94	17	0.355
94	18	0.513
94	19	0.4
94	20	0.227
94	21	0.2
94	22	0.222
94	23	0.386
94	24	0.28
94	25	0.143
94	26	0.16
94	27	0.107
94	28	0.182
94	29	0.074
94	30	0.1
94	31	0.077
94	32	0.211
94	33	0.294
94	34	0.488
95	0	0.259
95	1	0.206
95	2	0.222
95	3	0.125
95	4	0.25
95	5	0.25
95	6	0.125
95	7	0.143
95	8	0.308
95	9	0.2
95	10	0.333
95	11	0.333
95	12	0.385
95	13	0.421
95	14	0.538
95	15	0.722
95	16	0.75
95	17	0.294
95	18	0.286
95	19	0.154
95	20	0
95	21	0.111
95	22	0.286
95	23	0.333
95	24	0.308
95	25	0.167
95	26	0.091
95	27	0.111
95	28	0
95	29	0.125
95	30	0.125
95	31	0.5
95	32	0.25
95	33	0.5
95	34	0.667
96	0	0.298
96	1	0.612
96	2	0.24
96	3	0.062
96	4	0
96	5	0
96	6	0.095
96	7	0.3
96	8	0.2
96	9	0.364
96	10	0.3
96	11	0.24
96	12	0.276
96	13	0.243
96	14	0.214
96	15	0.121
96	16	0.206
96	17	0.192
96	18	0.189
96	19	0.235
96	20	0.042
96	21	0
96	22	0.12
96	23	0.34
96	24	0.278
96	25	0.158
96	26	0.263
96	27	0.143
96	28	0.1
96	29	0.182
96	30	0.071
96	31	0.071
96	32	0.294
96	33	0.444
96	34	0.244
97	0	0.568
97	1	0.722
97	2	0.6
97	3	0.333
97	4	0.111
97	5	0.5
97	6	0.385
97	7	0.375
97	8	0.273
97	9	0.286
97	10	0
97	11	0.286
97	12	0.611
97	13	0.583
97	14	0.462
97	15	0.583
97	16	0.36
97	17	0.45
97	18	0.231
97	19	0.5
97	20	0.214
97	21	0
97	22	0.333
97	23	0.552
97	24	0.143
97	25	0.2
97	26	0.25
97	27	0.143
97	28	0.083
97	29	0.077
97	30	0.083
97	31	0.143
97	32	0.25
97	33	0.286
97	34	0.286
98	0	0.6
98	1	0.564
98	2	0.27
98	3	0.148
98	4	0.125
98	5	0.25
98	6	0.229
98	7	0.308
98	8	0.355
98	9	0.36
98	10	0.474
98	11	0.391
98	12	0.524
98	13	0.521
98	14	0.481
98	15	0.574
98	16	0.521
98	17	0.353
98	18	0.241
98	19	0.242
98	20	0.121
98	21	0.088
98	22	0.282
98	23	0.265
98	24	0.222
98	25	0.2
98	26	0.179
98	27	0
98	28	0
98	29	0
98	30	0
98	31	0
98	32	0.125
98	33	0.105
98	34	0.146
99	0	0.381
99	1	0.467
99	2	0.4
99	3	0.129
99	4	0.115
99	5	0.125
99	6	0.22
99	7	0.188
99	8	0.107
99	9	0.227
99	10	0.077
99	11	0.188
99	12	0.306
99	13	0.262
99	14	0.333
99	15	0.37
99	16	0.5
99	17	0.19
99	18	0.17
99	19	0.143
99	20	0.108
99	21	0.045
99	22	0.115
99	23	0.297
99	24	0.212
99	25	0.077
99	26	0.085
99	27	0
99	28	0
99	29	0.03
99	30	0.04
99	31	0
99	32	0.093
99	33	0.482
99	34	0.179
100	0	0.106
100	1	0.259
100	2	0.143
100	3	0.091
100	4	0
100	5	0.091
100	6	0.043
100	7	0
100	8	0.182
100	9	0.062
100	10	0
100	11	0.088
100	12	0.1
100	13	0.143
100	14	0.091
100	15	0.111
100	16	0.316
100	17	0.219
100	18	0.023
100	19	0
100	20	0
100	21	0
100	22	0
100	23	0.065
100	24	0.043
100	25	0.059
100	26	0
100	27	0
100	28	0.08
100	29	0.048
100	30	0.059
100	31	0.067
100	32	0.042
100	33	0.273
100	34	0.229
101	0	0.3
101	1	0.363
101	2	0.308
101	3	0.244
101	4	0.238
101	5	0.214
101	6	0.317
101	7	0.286
101	8	0.297
101	9	0.242
101	10	0.263
101	11	0.344
101	12	0.319
101	13	0.362
101	14	0.284
101	15	0.317
101	16	0.522
101	17	0.323
101	18	0.257
101	19	0.229
101	20	0.19
101	21	0.229
101	22	0.214
101	23	0.386
101	24	0.302
101	25	0.195
101	26	0.189
101	27	0.021
101	28	0.041
101	29	0
101	30	0.033
101	31	0.031
101	32	0.111
101	33	0.143
101	34	0.266
102	0	0.433
102	1	0.429
102	2	0.379
102	3	0.233
102	4	0.1
102	5	0.105
102	6	0.281
102	7	0.4
102	8	0.37
102	9	0.435
102	10	0.417
102	11	0.478
102	12	0.556
102	13	0.603
102	14	0.635
102	15	0.553
102	16	0.457
102	17	0.324
102	18	0.352
102	19	0.111
102	20	0.094
102	21	0
102	22	0.2
102	23	0.397
102	24	0.25
102	25	0.226
102	26	0.286
102	27	0.12
102	28	0.054
102	29	0.074
102	30	0.087
102	31	0.05
102	32	0.222
102	33	0.385
102	34	0.14
103	0	0.409
103	1	0.419
103	2	0.286
103	3	0.2
103	4	0.318
103	5	0.118
103	6	0.083
103	7	0.158
103	8	0.19
103	9	0.176
103	10	0.25
103	11	0.231
103	12	0.372
103	13	0.463
103	14	0.41
103	15	0.404
103	16	0.457
103	17	0.176
103	18	0.178
103	19	0.15
103	20	0.143
103	21	0.182
103	22	0.185
103	23	0.24
103	24	0.348
103	25	0.217
103	26	0.12
103	27	0
103	28	0
103	29	0.037
103	30	0.053
103	31	0.056
103	32	0.133
103	33	0.294
103	34	0.306
104	0	0.309
104	1	0.371
104	2	0.304
104	3	0.158
104	4	0.37
104	5	0.238
104	6	0.34
104	7	0.226
104	8	0.414
104	9	0.345
104	10	0.278
104	11	0.455
104	12	0.417
104	13	0.511
104	14	0.456
104	15	0.456
104	16	0.424
104	17	0.169
104	18	0.143
104	19	0.214
104	20	0.065
104	21	0.179
104	22	0.119
104	23	0.168
104	24	0.14
104	25	0.05
104	26	0.171
104	27	0.068
104	28	0.044
104	29	0.091
104	30	0.065
104	31	0
104	32	0.085
104	33	0.2
104	34	0.125
105	0	0.347
105	1	0.436
105	2	0.269
105	3	0.217
105	4	0.312
105	5	0.125
105	6	0.154
105	7	0.158
105	8	0.333
105	9	0.188
105	10	0.308
105	11	0.357
105	12	0.405
105	13	0.604
105	14	0.394
105	15	0.371
105	16	0.444
105	17	0.368
105	18	0.278
105	19	0.167
105	20	0.13
105	21	0.118
105	22	0.129
105	23	0.308
105	24	0.353
105	25	0.217
105	26	0.25
105	27	0
105	28	0.114
105	29	0
105	30	0
105	31	0
105	32	0.148
105	33	0.188
105	34	0.268
106	0	0.183
106	1	0.196
106	2	0.143
106	3	0.205
106	4	0.027
106	5	0.083
106	6	0.121
106	7	0.062
106	8	0.094
106	9	0.038
106	10	0.095
106	11	0.109
106	12	0.139
106	13	0.261
106	14	0.267
106	15	0.306
106	16	0.288
106	17	0.082
106	18	0.101
106	19	0.031
106	20	0.047
106	21	0.029
106	22	0.231
106	23	0.305
106	24	0.2
106	25	0.147
106	26	0.154
106	27	0.049
106	28	0.068
106	29	0.029
106	30	0
106	31	0.062
106	32	0.093
106	33	0.286
106	34	0.18
107	0	0.356
107	1	0.455
107	2	0.1
107	3	0.357
107	4	0.15
107	5	0.091
107	6	0.059
107	7	0.2
107	8	0.154
107	9	0.231
107	10	0.25
107	11	0.16
107	12	0.37
107	13	0.341
107	14	0.296
107	15	0.269
107	16	0.259
107	17	0.214
107	18	0.296
107	19	0.056
107	20	0.048
107	21	0.111
107	22	0.188
107	23	0.174
107	24	0.286
107	25	0.188
107	26	0.167
107	27	0.083
107	28	0.042
107	29	0.154
107	30	0.133
107	31	0.1
107	32	0.25
107	33	0.333
107	34	0.125
108	0	0.247
108	1	0.373
108	2	0.355
108	3	0.23
108	4	0.25
108	5	0.095
108	6	0.147
108	7	0.12
108	8	0.1
108	9	0.182
108	10	0.2
108	11	0.25
108	12	0.308
108	13	0.368
108	14	0.362
108	15	0.327
108	16	0.366
108	17	0.288
108	18	0.4
108	19	0.259
108	20	0.242
108	21	0.231
108	22	0.3
108	23	0.367
108	24	0.3
108	25	0.192
108	26	0.133
108	27	0.074
108	28	0.069
108	29	0.069
108	30	0.077
108	31	0.095
108	32	0.125
108	33	0.143
108	34	0.144
109	0	0.603
109	1	0.537
109	2	0.484
109	3	0.25
109	4	0.276
109	5	0.267
109	6	0.29
109	7	0.318
109	8	0.25
109	9	0.526
109	10	0.429
109	11	0.553
109	12	0.689
109	13	0.71
109	14	0.6
109	15	0.578
109	16	0.5
109	17	0.553
109	18	0.4
109	19	0.296
109	20	0.136
109	21	0.231
109	22	0.31
109	23	0.364
109	24	0.25
109	25	0.381
109	26	0.281
109	27	0.125
109	28	0.194
109	29	0.143
109	30	0.2
109	31	0.158
109	32	0.25
109	33	0.225
109	34	0.333
110	0	0.692
110	1	0.386
110	2	0.31
110	3	0.241
110	4	0.152
110	5	0.125
110	6	0.111
110	7	0.105
110	8	0.107
110	9	0.056
110	10	0.125
110	11	0.167
110	12	0.289
110	13	0.418
110	14	0.271
110	15	0.333
110	16	0.406
110	17	0.227
110	18	0.14
110	19	0.12
110	20	0.033
110	21	0.045
110	22	0.125
110	23	0.111
110	24	0.148
110	25	0
110	26	0.077
110	27	0
110	28	0.04
110	29	0.045
110	30	0
110	31	0.056
110	32	0.103
110	33	0.429
110	34	0.392
111	0	0.361
111	1	0.375
111	2	0.25
111	3	0.286
111	4	0.062
111	5	0.091
111	6	0.129
111	7	0.231
111	8	0.154
111	9	0.273
111	10	0.111
111	11	0.19
111	12	0.375
111	13	0.432
111	14	0.217
111	15	0.296
111	16	0.32
111	17	0.033
111	18	0
111	19	0
111	20	0.053
111	21	0.077
111	22	0.05
111	23	0.062
111	24	0.152
111	25	0
111	26	0.056
111	27	0.062
111	28	0.045
111	29	0
111	30	0
111	31	0.077
111	32	0.143
111	33	0.2
111	34	0.1
112	0	0.143
112	1	0.138
112	2	0.316
112	3	0.214
112	4	0.077
112	5	0
112	6	0.059
112	7	0.091
112	8	0.143
112	9	0
112	10	0.143
112	11	0.208
112	12	0.143
112	13	0.324
112	14	0.158
112	15	0.15
112	16	0.429
112	17	0
112	18	0.042
112	19	0.091
112	20	0
112	21	0
112	22	0
112	23	0.03
112	24	0.071
112	25	0
112	26	0
112	27	0
112	28	0
112	29	0
112	30	0
112	31	0
112	32	0.067
112	33	0.143
112	34	0.128
113	0	0.368
113	1	0.607
113	2	0.521
113	3	0.318
113	4	0.262
113	5	0.294
113	6	0.318
113	7	0.412
113	8	0.41
113	9	0.5
113	10	0.308
113	11	0.589
113	12	0.533
113	13	0.583
113	14	0.583
113	15	0.515
113	16	0.525
113	17	0.239
113	18	0.206
113	19	0.094
113	20	0.08
113	21	0.182
113	22	0.189
113	23	0.261
113	24	0.214
113	25	0.094
113	26	0.089
113	27	0.077
113	28	0.018
113	29	0.026
113	30	0.034
113	31	0.038
113	32	0.104
113	33	0.056
113	34	0.16
114	0	0.154
114	1	0
114	2	0
114	3	0
114	4	0
114	5	0
114	6	0
114	7	0
114	8	0
114	9	0
114	10	0
114	11	0
114	12	0
114	13	0.182
114	14	0.222
114	15	0.333
114	16	0.333
114	17	0.25
114	18	0.2
114	19	0.333
114	20	0.25
114	21	0
114	22	0
114	23	0.176
114	24	0
114	25	0
114	26	0
114	27	0
114	28	0
114	29	0
114	30	0
114	31	0
114	32	0
114	33	0.333
114	34	0.094
115	0	0.543
115	1	0.67
115	2	0.568
115	3	0.333
115	4	0.353
115	5	0.353
115	6	0.25
115	7	0.333
115	8	0.273
115	9	0.375
115	10	0.308
115	11	0.488
115	12	0.464
115	13	0.559
115	14	0.581
115	15	0.526
115	16	0.595
115	17	0.34
115	18	0.353
115	19	0.261
115	20	0.086
115	21	0.167
115	22	0.192
115	23	0.197
115	24	0.286
115	25	0.179
115	26	0.267
115	27	0.242
115	28	0.163
115	29	0
115	30	0.115
115	31	0.053
115	32	0.194
115	33	0.067
115	34	0.18
116	0	0
116	1	0
116	2	0
116	3	0
116	4	0
116	5	0
116	6	0
116	7	0
116	8	0
116	9	0
116	10	0
116	11	0
116	12	0.042
116	13	0.091
116	14	0.042
116	15	0.062
116	16	0
116	17	0
116	18	0.038
116	19	0
116	20	0
116	21	0
116	22	0.118
116	23	0.037
116	24	0.125
116	25	0.077
116	26	0
116	27	0
116	28	0
116	29	0
116	30	0
116	31	0
116	32	0
116	33	0
116	34	0.267
117	0	0.417
117	1	0.432
117	2	0.231
117	3	0.4
117	4	0.286
117	5	0.286
117	6	0.231
117	7	0.2
117	8	0.3
117	9	0.444
117	10	0.4
117	11	0.429
117	12	0.381
117	13	0.286
117	14	0.312
117	15	0.286
117	16	0.391
117	17	0.2
117	18	0.312
117	19	0.143
117	20	0.231
117	21	0.286
117	22	0.143
117	23	0.348
117	24	0.15
117	25	0.3
117	26	0.154
117	27	0
117	28	0
117	29	0
117	30	0
117	31	0
117	32	0.083
117	33	0
117	34	0.118
118	0	0.543
118	1	0.789
118	2	0.542
118	3	0.222
118	4	0.273
118	5	0.111
118	6	0.188
118	7	0.222
118	8	0.385
118	9	0.5
118	10	0.571
118	11	0.684
118	12	0.81
118	13	0.806
118	14	0.739
118	15	0.667
118	16	0.579
118	17	0.438
118	18	0.172
118	19	0.2
118	20	0.167
118	21	0.4
118	22	0.364
118	23	0.321
118	24	0
118	25	0.214
118	26	0.154
118	27	0
118	28	0
118	29	0
118	30	0
118	31	0
118	32	0.067
118	33	0.5
118	34	0.096
119	0	0.154
119	1	0.308
119	2	0.105
119	3	0.056
119	4	0.045
119	5	0
119	6	0.115
119	7	0.091
119	8	0.222
119	9	0.176
119	10	0.125
119	11	0.333
119	12	0.387
119	13	0.415
119	14	0.455
119	15	0.276
119	16	0.348
119	17	0.103
119	18	0.069
119	19	0
119	20	0.105
119	21	0.083
119	22	0.05
119	23	0.121
119	24	0.188
119	25	0
119	26	0.125
119	27	0
119	28	0
119	29	0
119	30	0
119	31	0
119	32	0.105
119	33	0
119	34	0.103
120	0	0.41
120	1	0.685
120	2	0.5
120	3	0.241
120	4	0.276
120	5	0.364
120	6	0.161
120	7	0.36
120	8	0.25
120	9	0.304
120	10	0.562
120	11	0.489
120	12	0.517
120	13	0.507
120	14	0.61
120	15	0.533
120	16	0.41
120	17	0.385
120	18	0.321
120	19	0.227
120	20	0.256
120	21	0.35
120	22	0.259
120	23	0.435
120	24	0.381
120	25	0.259
120	26	0.261
120	27	0.286
120	28	0.257
120	29	0.095
120	30	0.217
120	31	0.333
120	32	0.258
120	33	0.545
120	34	0.171
121	0	0.107
121	1	0.143
121	2	0.1
121	3	0.167
121	4	0
121	5	0.167
121	6	0.059
121	7	0.128
121	8	0
121	9	0
121	10	0
121	11	0
121	12	0.167
121	13	0.083
121	14	0
121	15	0.071
121	16	0
121	17	0.062
121	18	0
121	19	0
121	20	0
121	21	0
121	22	0.1
121	23	0
121	24	0.182
121	25	0.25
121	26	0
121	27	0
121	28	0
121	29	0
121	30	0
121	31	0
121	32	0
121	33	0
121	34	0.021
122	0	0.109
122	1	0.519
122	2	0.222
122	3	0.158
122	4	0.176
122	5	0
122	6	0.154
122	7	0.071
122	8	0.067
122	9	0.071
122	10	0.125
122	11	0.143
122	12	0.212
122	13	0.182
122	14	0.207
122	15	0.121
122	16	0.115
122	17	0.188
122	18	0.08
122	19	0.125
122	20	0.042
122	21	0.091
122	22	0.095
122	23	0.135
122	24	0.167
122	25	0.154
122	26	0.211
122	27	0.059
122	28	0.077
122	29	0.133
122	30	0.091
122	31	0.077
122	32	0.12
122	33	0
122	34	0.192
123	0	0.667
123	1	0.837
123	2	0.692
123	3	0.375
123	4	0.25
123	5	0.333
123	6	0.524
123	7	0.273
123	8	0.231
123	9	0.286
123	10	0.25
123	11	0.45
123	12	0.625
123	13	0.657
123	14	0.571
123	15	0.542
123	16	0.611
123	17	0.571
123	18	0.45
123	19	0.333
123	20	0.471
123	21	0.417
123	22	0.438
123	23	0.524
123	24	0.6
123	25	0.273
123	26	0.529
123	27	0.2
123	28	0.375
123	29	0.4
123	30	0.154
123	31	0.3
123	32	0.312
123	33	0
123	34	0.059
124	0	0.077
124	1	0.182
124	2	0.167
124	3	0.2
124	4	0.2
124	5	0
124	6	0.167
124	7	0.2
124	8	0.167
124	9	0
124	10	0.2
124	11	0.111
124	12	0.222
124	13	0.2
124	14	0.25
124	15	0.25
124	16	0.143
124	17	0
124	18	0.111
124	19	0
124	20	0
124	21	0
124	22	0
124	23	0
124	24	0.167
124	25	0
124	26	0
124	27	0
124	28	0
124	29	0
124	30	0
124	31	0
124	32	0
124	33	0
124	34	0
125	0	0.296
125	1	0.473
125	2	0.178
125	3	0.088
125	4	0.152
125	5	0.107
125	6	0.212
125	7	0.269
125	8	0.273
125	9	0.118
125	10	0.353
125	11	0.39
125	12	0.333
125	13	0.343
125	14	0.366
125	15	0.311
125	16	0.297
125	17	0.132
125	18	0.222
125	19	0.158
125	20	0.111
125	21	0.125
125	22	0.214
125	23	0.312
125	24	0.238
125	25	0.2
125	26	0.095
125	27	0.069
125	28	0.061
125	29	0.074
125	30	0
125	31	0.125
125	32	0.097
125	33	0.182
125	34	0.188
126	0	0
126	1	0
126	2	0
126	3	0
126	5	0
126	6	0
126	7	0
126	8	0
126	9	0
126	10	0
126	11	0
126	12	0
126	13	0
126	14	0
126	15	0
126	16	0
126	17	0
126	18	0
126	19	0
126	20	0
126	22	0
126	23	0
126	24	0
126	25	0
126	26	0
126	27	0
126	28	0
126	29	0
126	30	0
126	31	0
126	32	0
126	33	0
126	34	0
127	0	0.273
127	1	0.63
127	2	0.524
127	3	0.267
127	4	0.167
127	5	0.25
127	6	0.364
127	7	0.143
127	8	0
127	9	0.25
127	10	0.125
127	11	0.19
127	12	0.333
127	13	0.5
127	14	0.433
127	15	0.36
127	16	0.471
127	17	0.348
127	18	0.226
127	19	0.267
127	20	0.235
127	21	0.308
127	22	0.214
127	23	0.263
127	24	0.083
127	25	0.167
127	26	0.2
127	27	0
127	28	0
127	29	0
127	30	0
127	31	0
127	32	0.278
127	33	0
127	34	0.149
128	0	0
128	1	0.214
128	2	0.385
128	3	0
128	4	0.077
128	5	0.4
128	6	0.182
128	7	0.167
128	8	0
128	9	0.167
128	10	0
128	11	0.2
128	12	0.19
128	13	0.323
128	14	0.278
128	15	0.5
128	16	0.5
128	17	0.174
128	18	0.12
128	19	0.051
128	20	0.188
128	21	0.2
128	22	0.222
128	23	0.182
128	24	0.2
128	25	0.077
128	26	0.2
128	27	0
128	28	0.091
128	29	0.077
128	30	0.125
128	31	0
128	32	0.091
128	33	0.5
128	34	0.676
129	0	0.43
129	1	0.615
129	2	0.545
129	3	0.289
129	4	0.452
129	5	0.333
129	6	0.372
129	7	0.333
129	8	0.343
129	9	0.214
129	10	0.286
129	11	0.32
129	12	0.484
129	13	0.568
129	14	0.4
129	15	0.516
129	16	0.429
129	17	0.224
129	18	0.219
129	19	0.091
129	20	0.109
129	21	0.333
129	22	0.171
129	23	0.317
129	24	0.286
129	25	0.154
129	26	0.278
129	27	0.194
129	28	0.07
129	29	0.108
129	30	0.043
129	31	0.154
129	32	0.31
129	33	0.5
129	34	0.524
131	0	0.8
131	1	1
131	2	1
131	3	1
131	4	1
131	6	1
131	7	1
131	8	1
131	10	1
131	11	1
131	12	1
131	13	1
131	14	1
131	15	1
131	16	1
131	17	0
131	18	0
131	19	0
131	20	0
131	22	0
131	23	0
131	24	0
131	25	0
131	26	0
131	27	0
131	28	0
131	29	0
131	30	0
131	32	0.5
131	33	0.5
131	34	0.048
132	0	0.154
132	1	0.375
132	2	0.286
132	3	0.125
132	4	0.5
132	5	0.167
132	6	0.125
132	7	0
132	8	0
132	9	0.667
132	10	0.167
132	11	0.333
132	12	0.25
132	13	0.333
132	14	0.25
132	15	0.182
132	16	0.222
132	17	0
132	18	0
132	19	0
132	20	0
132	21	0
132	22	0
132	23	0
132	24	0
132	25	0
132	26	0
132	27	0
132	28	0
132	29	0
132	30	0
132	31	0
132	32	0
132	33	0
132	34	0
133	0	0.233
133	1	0.375
133	2	0.222
133	3	0.273
133	4	0.091
133	5	0.188
133	6	0.25
133	7	0.211
133	8	0.118
133	9	0.176
133	10	0.2
133	11	0.2
133	12	0.366
133	13	0.358
133	14	0.286
133	15	0.31
133	16	0.174
133	17	0.125
133	18	0.147
133	19	0
133	20	0
133	21	0
133	22	0.045
133	23	0.25
133	24	0.13
133	25	0.188
133	26	0.107
133	27	0.182
133	28	0.121
133	29	0.095
133	30	0.136
133	31	0.059
133	32	0.2
133	33	0.278
133	34	0.304
135	0	0.4
135	1	0.542
135	2	0.379
135	3	0.24
135	4	0.15
135	5	0.182
135	6	0.19
135	7	0.308
135	8	0.333
135	9	0.267
135	10	0.364
135	11	0.64
135	12	0.444
135	13	0.529
135	14	0.515
135	15	0.433
135	16	0.48
135	17	0.125
135	18	0.2
135	19	0.19
135	20	0.091
135	21	0.167
135	22	0.167
135	23	0.2
135	24	0.214
135	25	0.25
135	26	0.263
135	27	0
135	28	0
135	29	0
135	30	0
135	31	0
135	32	0.053
135	33	0.25
135	34	0.154
136	2	0
136	3	0
136	5	0
136	6	0
136	8	0
136	9	0
136	10	0
136	11	0
136	12	0
136	13	0
136	14	0
136	16	0
136	17	0
136	18	0
136	19	0
136	20	0
136	22	0
136	23	0
136	24	0
136	25	0
136	27	0
136	28	0
136	29	0
136	31	0
136	32	0
136	33	1
136	34	0.867
137	0	0.1
137	1	0.19
137	2	0
137	3	0.154
137	4	0.222
137	5	0
137	6	0.077
137	7	0.083
137	8	0.111
137	9	0
137	10	0.125
137	11	0.071
137	12	0.176
137	13	0.212
137	14	0.231
137	15	0.143
137	16	0.143
137	17	0.067
137	18	0
137	19	0
137	20	0
137	21	0
137	22	0.083
137	23	0
137	24	0
137	25	0.2
137	26	0
137	27	0
137	28	0
137	29	0
137	30	0
137	31	0
137	32	0
137	33	0.25
137	34	0.019
138	0	0.387
138	1	0.594
138	2	0.444
138	3	0.071
138	4	0
138	5	0.143
138	6	0.211
138	7	0.429
138	8	0.333
138	9	0.5
138	10	0.375
138	11	0.562
138	12	0.5
138	13	0.655
138	14	0.6
138	15	0.65
138	16	0.471
138	17	0.167
138	18	0.118
138	19	0.286
138	20	0.067
138	21	0
138	22	0.133
138	23	0.15
138	24	0.1
138	25	0.083
138	26	0.091
138	27	0
138	28	0
138	29	0.083
138	30	0.091
138	31	0
138	32	0.083
138	33	0.217
138	34	0.225
139	0	0.129
139	1	0.053
139	2	0.143
139	3	0.067
139	4	0.118
139	5	0.143
139	6	0
139	7	0.143
139	8	0
139	9	0
139	10	0
139	11	0
139	12	0.062
139	13	0.189
139	14	0
139	15	0
139	16	0.083
139	17	0.077
139	18	0.062
139	19	0.111
139	20	0
139	21	0
139	22	0
139	23	0
139	24	0.143
139	25	0
139	26	0.5
139	27	0
139	28	0
139	29	0
139	31	0
139	32	0
139	34	0
140	0	0.184
140	1	0.297
140	2	0.154
140	3	0.125
140	4	0.111
140	5	0
140	6	0.083
140	7	0.375
140	8	0
140	9	0.111
140	10	0.25
140	11	0.273
140	12	0.375
140	13	0.435
140	14	0.364
140	15	0.286
140	16	0.273
140	17	0.308
140	18	0.188
140	19	0.5
140	20	0
140	21	0.75
140	22	0.182
140	23	0.214
140	24	0.2
140	25	0
140	26	0.333
140	27	0
140	28	0
140	29	0
140	30	0
140	31	0
140	32	0
140	33	0.231
140	34	0.154
