"time"	"distance"	"value"
36	0	0.364
36	1	0.455
36	2	0.444
36	3	0.455
36	4	0.333
36	5	0
36	6	0
36	7	0
36	8	0
36	10	0.615
36	11	0.308
36	12	0.6
36	13	0.471
36	14	0.3
36	15	0.375
36	16	0.25
36	17	0.222
36	18	0.4
36	19	0.375
36	20	0.6
36	21	0.571
36	22	0.467
36	23	0.875
36	24	0.6
36	25	0.154
36	26	0
36	27	0
36	28	0.167
36	29	0
36	30	0.25
36	31	0.133
36	32	0
36	33	0
36	34	0
36	35	0
36	36	0
36	37	0
36	38	0
36	39	0
36	40	0
36	41	0
36	42	0
36	43	0
36	44	0
36	45	0
36	46	0.1
36	47	0.182
36	48	0.143
36	49	0.167
36	57	0
37	0	0.593
37	1	0.714
37	2	0.5
37	3	0.222
37	4	0.3
37	5	0.333
37	6	0.5
37	7	0.556
37	8	0.2
37	9	0.538
37	10	0.406
37	11	0.321
37	12	0.5
37	13	0.442
37	14	0.414
37	15	0.375
37	16	0.5
37	17	0.091
37	18	0.333
37	19	0.222
37	20	0.25
37	21	0.2
37	22	0.346
37	23	0.625
37	24	0.513
37	25	0.229
37	26	0
37	28	0.25
37	29	1
37	30	0.667
37	31	1
37	32	0
37	33	0
37	34	0
37	35	0
37	36	0
37	37	0
37	38	0
37	39	0
37	40	0
37	41	0
37	42	0
37	43	0
37	44	0
37	46	0
37	47	0
37	48	0
37	49	0
37	50	0
37	51	0
37	52	0
37	53	0
37	54	0
37	55	0
37	56	0
37	57	0
38	0	0.635
38	1	0.594
38	2	0.381
38	3	0.211
38	4	0.286
38	5	0.462
38	6	0.125
38	7	0.25
38	8	0.125
38	9	0.5
38	10	0.607
38	11	0.435
38	12	0.44
38	13	0.333
38	14	0.389
38	15	0.533
38	16	0.5
38	17	0.143
38	24	0.312
38	25	0.125
38	26	0.154
38	27	0.167
38	28	0
38	29	0.2
38	30	0.438
38	31	0.208
38	32	0
38	33	0
38	34	0
38	35	0
38	36	0
38	37	0
38	38	0
38	39	0
38	40	0
38	41	0
38	42	0
38	43	0
38	44	0
38	45	0
38	46	0.4
38	47	0.333
38	48	0
38	49	0.5
38	50	0.25
38	51	0
38	52	0
38	53	0
38	54	0
38	55	0
38	56	0
38	57	0.056
39	17	0
39	18	0.333
39	19	0.25
39	20	0.286
39	21	0.375
39	22	0.375
39	23	0.9
39	24	0.667
39	25	0.207
39	26	0.1
39	27	0
39	28	0.25
39	29	0.667
39	30	0.4
39	31	0.308
39	32	0.062
39	33	0.105
39	34	0.067
39	35	0
39	36	0
39	37	0.273
39	38	0.182
39	39	0.125
39	40	0.083
39	41	0
39	42	0.167
39	43	0.125
39	44	0.095
39	45	0.111
39	46	0.062
39	47	0.121
39	48	0.16
39	49	0.062
39	50	0.088
39	51	0
39	52	0
39	53	0
39	54	0
39	55	0
39	56	0
39	57	0.333
40	0	0.548
40	1	0.763
40	2	0.556
40	3	0.429
40	4	0.462
40	5	0.167
40	6	0.375
40	7	0.222
40	8	0.167
40	9	0.167
40	10	0.643
40	11	0.6
40	12	0.571
40	13	0.615
40	14	0.538
40	15	0.526
40	16	0.667
40	17	0.25
40	18	0.333
40	19	0.2
40	20	0
40	21	0.222
40	22	0.4
40	23	0.7
40	24	0.514
40	25	0.235
40	26	0.059
40	27	0.5
40	28	0
40	29	0
40	30	0.15
40	31	0.111
40	32	0.077
40	33	0.133
40	34	0
40	35	0
40	36	0.143
40	37	0.182
40	38	0.111
40	39	0
40	40	0.5
40	41	0
40	42	0.2
40	43	0.5
40	44	0
40	45	0
40	46	0
40	47	0
40	48	0
40	49	0
40	50	0
40	51	0.25
40	52	0.133
40	53	0.143
40	54	0.154
40	55	0.136
40	56	0.364
40	57	0.013
41	0	0.448
41	1	0.444
41	2	0.265
41	3	0.233
41	4	0.227
41	5	0.286
41	6	0.462
41	7	0.3
41	8	0.385
41	9	0.467
41	10	0.407
41	11	0.6
41	12	0.579
41	13	0.484
41	14	0.368
41	15	0.583
41	16	0.667
41	17	0.25
41	18	0.5
41	19	0
41	20	0.429
41	21	0
41	22	0.6
41	23	0.727
41	24	0.696
41	25	0.333
41	26	0
41	27	0
41	28	0
41	29	0
41	30	0.182
41	31	0.182
41	32	0
41	33	0
41	34	0
41	35	0
41	36	0
41	37	0
41	38	0
41	39	0
41	40	0
41	41	0
41	42	0
41	43	0
41	44	0
41	45	0
41	46	0
41	47	0.067
41	48	0
41	49	0
41	50	0.062
41	51	0.111
41	52	0.091
41	53	0.083
41	54	0
41	55	0.077
41	56	0
41	57	0.176
42	0	0.7
42	1	0.833
42	2	0.571
42	3	0.667
42	4	0.636
42	5	0.286
42	6	0.357
42	7	0.188
42	8	0
42	9	0.182
42	10	0.524
42	11	0.227
42	12	0.333
42	13	0.4
42	14	0.3
42	15	0.188
42	16	0
42	17	0.077
42	18	0.273
42	19	0.333
42	20	0.25
42	21	0.3
42	22	0.629
42	23	0.688
42	24	0.704
42	25	0.32
42	26	0.231
42	27	0.375
42	28	0
42	29	0.273
42	30	0.576
42	31	0.192
42	32	0
42	33	0
42	34	0
42	35	0
42	36	0.111
42	37	0.2
42	38	0.105
42	39	0.118
42	40	0
42	41	0.2
42	42	0
42	43	0
42	44	0
42	45	0
42	46	0.25
42	47	0.071
42	48	0.3
42	49	0.167
42	50	0.222
42	51	0
42	52	0.111
42	53	0.182
42	54	0.143
42	55	0
42	56	0.25
42	57	0.047
43	0	0.581
43	1	0.636
43	2	0.364
43	3	0.3
43	4	0.4
43	5	0.333
43	6	0
43	7	0.556
43	8	0.667
43	9	0.7
43	10	0.688
43	11	0.438
43	12	0.692
43	13	0.611
43	14	0.538
43	15	0.5
43	16	0.5
43	17	0.25
43	18	0.444
43	19	0.5
43	20	0.333
43	21	0.5
43	22	0.684
43	23	0.75
43	24	0.659
43	25	0.222
43	26	0.143
43	27	0.167
43	28	0
43	29	0.125
43	30	0.353
43	31	0.098
43	32	0.143
43	33	0.091
43	34	0.059
43	35	0.053
43	36	0.091
43	37	0.045
43	38	0.125
43	39	0.042
43	40	0
43	41	0.056
43	42	0.25
43	43	0
43	44	0.143
43	45	0.214
43	46	0.188
43	47	0.316
43	48	0.364
43	49	0.067
43	50	0.059
43	51	0.083
43	52	0.071
43	53	0.133
43	54	0
43	55	0
43	56	0
43	57	0.118
44	0	0.466
44	1	0.353
44	2	0.241
44	3	0.182
44	4	0.231
44	5	0
44	6	0.143
44	7	0.25
44	8	0
44	9	0.3
44	10	0.412
44	11	0.385
44	12	0.4
44	13	0.526
44	14	0.385
44	15	0.714
44	16	0
44	17	0.5
44	18	0.25
44	19	0.571
44	20	0.333
44	21	0.429
44	22	0.462
44	23	0.647
44	24	0.704
44	25	0.316
44	26	0.143
44	27	0
44	28	0.4
44	29	0.5
44	30	0.467
44	31	0.238
44	32	0
44	33	0
44	34	0
44	35	0
44	36	0
44	37	0
44	38	0
44	39	0
44	40	0
44	41	0
44	42	0
44	43	0
44	44	0
44	45	0
44	46	0
44	47	0.043
44	48	0
44	49	0
44	50	0
44	51	0
44	52	0
44	53	0
44	54	0.071
44	55	0
44	56	0.053
44	57	0.116
45	0	0.282
45	1	0.582
45	2	0.333
45	3	0.167
45	4	0.214
45	5	0
45	6	0.4
45	7	0.071
45	8	0.25
45	9	0.4
45	10	0.364
45	11	0.175
45	12	0.25
45	13	0.312
45	14	0.182
45	15	0.273
45	16	0.5
45	17	0.4
45	18	0.111
45	19	0.231
45	20	0.111
45	21	0.286
45	22	0.231
45	23	0.714
45	24	0.302
45	25	0.067
45	26	0
45	27	0
45	28	0
45	29	0
45	30	0
45	31	0.031
45	32	0
45	33	0
45	34	0
45	35	0
45	36	0
45	37	0
45	38	0
45	39	0
45	40	0
45	41	0
45	42	0
45	43	0
45	44	0
45	45	0
45	46	0
45	47	0.1
45	48	0.091
45	49	0
45	50	0.067
45	51	0
45	52	0.167
45	53	0.083
45	54	0.125
45	55	0.125
45	56	0
45	57	0.136
46	0	0.727
46	1	0.783
46	2	0.467
46	3	0.357
46	4	0.333
46	5	0
46	6	0.375
46	7	0.222
46	8	0.5
46	9	0.583
46	10	0.526
46	11	0.333
46	12	0.364
46	13	0.636
46	14	0.619
46	15	0.533
46	16	1
46	17	0.4
46	18	0.333
46	19	0.615
46	20	0.429
46	21	0.625
46	22	0.6
46	23	0.75
46	24	0.574
46	25	0.483
46	26	0.211
46	27	0.5
46	28	0
46	29	0
46	30	0.263
46	31	0.267
46	32	0.083
46	33	0.091
46	34	0.043
46	35	0.045
46	36	0.056
46	37	0
46	38	0.053
46	39	0.071
46	40	0
46	41	0
46	42	0.062
46	43	0
46	44	0.167
46	45	0
46	46	0
46	47	0.059
46	48	0
46	49	0.091
46	50	0.143
46	51	0
46	52	0.111
46	53	0.077
46	54	0.083
46	55	0
46	56	0.2
46	57	0.188
47	0	0.411
47	1	0.613
47	2	0.462
47	3	0.261
47	4	0.368
47	5	0.2
47	6	0.368
47	7	0.231
47	8	0.333
47	9	0.5
47	10	0.567
47	11	0.32
47	12	0.333
47	13	0.257
47	14	0.429
47	15	0.133
47	16	0.5
47	17	0.143
47	18	0.143
47	19	0.3
47	20	0.143
47	21	0.25
47	22	0.45
47	23	0.583
47	24	0.614
47	25	0.286
47	26	0.222
47	27	0
47	28	0.143
47	29	0.25
47	30	0.722
47	31	0.75
47	32	0
47	33	0
47	34	0
47	35	0
47	36	0
47	37	0.125
47	38	0.188
47	39	0.062
47	40	0
47	41	0.091
47	42	0.267
47	43	0.222
47	44	0
47	45	0.111
47	46	0
47	47	0.15
47	48	0.176
47	49	0.143
47	50	0.174
47	51	0.182
47	52	0.273
47	53	0.222
47	54	0.364
47	55	0.188
47	56	0.111
47	57	0.4
48	0	0.63
48	1	0.478
48	2	0.324
48	3	0.231
48	4	0.2
48	5	0.308
48	6	0.227
48	7	0.083
48	8	0.333
48	9	0.154
48	10	0.24
48	11	0.378
48	12	0.531
48	13	0.481
48	14	0.364
48	15	0.111
48	16	0
48	17	0
48	18	0.167
48	19	0.333
48	20	0.333
48	21	0
48	22	0.4
48	23	0.5
48	24	0.429
48	25	0.083
48	26	0.143
48	27	0
48	28	0
48	29	0
48	30	0
48	31	0
48	32	0
48	33	0
48	34	0
48	35	0
48	36	0
48	37	0
48	38	0
48	39	0
48	40	0
48	41	0
48	42	0
48	43	0
48	44	0
48	45	0
48	46	0
48	47	0.13
48	48	0.105
48	49	0
48	50	0
48	51	0
48	52	0
48	53	0
48	54	0
48	55	0
48	56	0
48	57	0
49	0	0.477
49	1	0.341
49	2	0.273
49	3	0.111
49	4	0.273
49	5	0.167
49	6	0.182
49	7	0.143
49	8	0.333
49	9	0
49	10	0.286
49	11	0.304
49	12	0.444
49	13	0.438
49	14	0.387
49	15	0.259
49	16	0.571
49	17	0.312
49	18	0.25
49	19	0.278
49	20	0.308
49	21	0.2
49	22	0.273
49	23	0.727
49	24	0.349
49	25	0.048
49	26	0.069
49	27	0.1
49	28	0
49	29	0
49	30	0.071
49	31	0.115
49	32	0
49	33	0
49	34	0
49	35	0
49	36	0
49	37	0
49	38	0
49	39	0
49	40	0
49	41	0
49	42	0
49	43	0
49	44	0
49	45	0
49	46	0
49	47	0
49	48	0.125
49	49	0
49	50	0.083
49	51	0.167
49	52	0
49	53	0
49	54	0
49	55	0
49	56	0
49	57	0
50	0	0.216
50	1	0.225
50	2	0.278
50	3	0.211
50	4	0.176
50	5	0.1
50	6	0.2
50	7	0.357
50	8	0
50	9	0.111
50	10	0.211
50	11	0.241
50	12	0.267
50	13	0.323
50	14	0.312
50	15	0.143
50	16	0.25
50	17	0.111
50	18	0
50	19	0.364
50	20	0.333
50	21	0.286
50	22	0.312
50	23	0.889
50	24	0.444
50	25	0.182
50	26	0.077
50	27	0
50	28	0
50	29	0
50	30	0.2
50	31	0.077
50	32	0
50	33	0
50	34	0
50	35	0
50	36	0
50	37	0
50	38	0
50	39	0
50	40	0
50	41	0
50	42	0
50	43	0
50	44	0
50	45	0
50	46	0
50	47	0.062
50	48	0
50	49	0.083
50	50	0.062
50	51	0
50	52	0.1
50	53	0.105
50	54	0.182
50	55	0.083
50	56	0
50	57	0
51	0	0.2
51	1	0.449
51	2	0.647
51	3	0.182
51	4	0.143
51	5	0.167
51	6	0
51	7	0.091
51	8	0
51	9	0
51	10	0.167
51	11	0.125
51	12	0.333
51	13	0.385
51	14	0.286
51	15	0.25
51	16	0.333
51	17	0.2
51	18	0.1
51	19	0.444
51	20	0.4
51	21	0.364
51	22	0.294
51	23	0.143
51	24	0.45
51	25	0.13
51	26	0
51	27	0
51	28	0
51	29	0
51	30	0
51	31	0
51	32	0
51	33	0
51	34	0
51	35	0
51	36	0
51	37	0
51	38	0
51	39	0
51	40	0
51	41	0
51	42	0
51	43	0
51	44	0
51	45	0
51	46	0
51	47	0.036
51	48	0
51	49	0
51	50	0
51	51	0
51	52	0
51	53	0
51	54	0
51	55	0
51	56	0
51	57	0
52	1	0.179
52	2	0.214
52	3	0.083
52	4	0.107
52	5	0.25
52	6	0.077
52	7	0.182
52	8	0
52	9	0
52	10	0.167
52	11	0.133
52	12	0.238
52	13	0.167
52	14	0.308
52	15	0.133
52	16	0.111
52	17	0.118
52	18	0
52	19	0.182
52	20	0.111
52	21	0.273
52	22	0.2
52	23	0.667
52	24	0.463
52	25	0.12
52	26	0
52	27	0
52	28	0
52	29	0
52	30	0.083
52	31	0.2
52	32	0
52	33	0
52	34	0
52	35	0
52	36	0
52	37	0
52	38	0
52	39	0
52	40	0
52	41	0
52	42	0
52	43	0
52	44	0
52	45	0
52	46	0
52	47	0
52	48	0
52	49	0
52	50	0
52	51	0
52	52	0
53	0	0.069
53	1	0.2
53	2	0.231
53	3	0.143
53	4	0.182
53	5	0
53	6	0.222
53	7	0
53	8	0
53	9	0.25
53	10	0.167
53	11	0.333
53	12	0.167
53	13	0.333
53	14	0.462
53	15	0.273
53	16	1
53	17	0.6
53	18	0
53	19	0.3
53	20	0
53	21	0.333
53	22	0.308
53	23	0.25
53	24	0.316
53	25	0
53	26	0
53	27	0
53	28	0
53	29	0
53	30	0
53	31	0.043
53	32	0
53	33	0
53	34	0
53	35	0
53	36	0
53	37	0
53	38	0
53	39	0
53	40	0
53	41	0
53	42	0
53	43	0
53	44	0
53	45	0
53	46	0
53	47	0.048
53	48	0.077
53	49	0
53	50	0
53	51	0
53	52	0
53	53	0
53	54	0
53	55	0
53	56	0
53	57	0
54	0	0.196
54	1	0.107
54	2	0.08
54	3	0.143
54	4	0.105
54	5	0
54	6	0.074
54	7	0.1
54	8	0
54	9	0.105
54	10	0
54	11	0.075
54	12	0.054
54	13	0.077
54	14	0.056
54	15	0.182
54	16	0.2
54	17	0.333
54	18	0.111
54	19	0.286
54	20	0.167
54	21	0.111
54	22	0.235
54	23	0.6
54	24	0.321
54	25	0.042
54	26	0.059
54	27	0
54	28	0
54	29	0
54	30	0
54	31	0.053
54	32	0
54	33	0
54	34	0
54	35	0
54	36	0
54	37	0
54	38	0
54	39	0
54	40	0
54	41	0
54	42	0
54	43	0
54	44	0
54	45	0
54	46	0
54	47	0
54	48	0
54	49	0
54	50	0
54	51	0
54	52	0
54	53	0
54	54	0
54	55	0
54	56	0
54	57	0
55	0	0.242
55	1	0.267
55	2	0.188
55	3	0.067
55	4	0.1
55	5	0.091
55	6	0.125
55	7	0.111
55	8	0
55	9	0.2
55	10	0.4
55	11	0.364
55	12	0.464
55	13	0.457
55	14	0.452
55	15	0.094
55	16	0.125
55	17	0.115
55	18	0.15
55	19	0.094
55	20	0.125
55	21	0.048
55	22	0.271
55	23	0.194
55	24	0.338
55	25	0.102
55	26	0.016
55	27	0.1
55	28	0
55	29	0
55	30	0
55	31	0.054
55	32	0
55	33	0
55	34	0
55	35	0
55	36	0
55	37	0
55	38	0
55	39	0
55	40	0
55	41	0
55	42	0
55	43	0
55	44	0
55	45	0
55	46	0
55	47	0
55	48	0
55	49	0
55	50	0
55	51	0
55	52	0
55	53	0
55	54	0
55	55	0
55	56	0
55	57	0
56	0	0.125
56	1	0.105
56	2	0
56	3	0
56	4	0
56	5	0
56	6	0
56	7	0.091
56	8	0
56	9	0
56	10	0.1
56	11	0.053
56	12	0.222
56	13	0.242
56	14	0.2
56	15	0.1
56	17	0.091
56	18	0
56	19	0.25
56	20	0.25
56	21	0.222
56	22	0.381
56	23	0.25
56	24	0.433
56	25	0
56	26	0.056
56	27	0
56	28	0
56	29	0
56	30	0
56	31	0.071
56	32	0
56	33	0
56	34	0
56	35	0
56	36	0
56	37	0
56	38	0
56	39	0
56	40	0
56	41	0
56	42	0
56	43	0
56	44	0
56	45	0
56	46	0
56	47	0
56	48	0.04
56	49	0
56	50	0
56	51	0
56	52	0
56	53	0
56	54	0
56	55	0
56	56	0
56	57	0
57	0	0.341
57	1	0.282
57	2	0.258
57	3	0.05
57	4	0.143
57	5	0.083
57	6	0.25
57	7	0.214
57	8	0.25
57	9	0
57	10	0.154
57	11	0.562
57	12	0.125
57	13	0
57	37	0
57	38	0
57	39	0
57	40	0
57	41	0
57	42	0
57	43	0
57	44	0
57	45	0
57	46	0
57	47	0
57	48	0
57	49	0
57	50	0
57	51	0
57	52	0
57	53	0
57	54	0
57	55	0
57	56	0
57	57	0.016
58	0	0.167
58	1	0.4
58	2	0
58	3	0
58	4	0
58	5	0
58	6	0
58	7	0
58	8	0
58	9	0.286
58	10	0.333
58	11	0.316
58	12	0.556
58	13	0.302
58	14	0.24
58	15	0.417
58	16	0.4
58	17	0.214
58	18	0.125
58	19	0.263
58	20	0.222
58	21	0.222
58	22	0.167
58	23	0.25
58	24	0.25
58	25	0.103
58	26	0
58	27	0
58	28	0
58	29	0
58	30	0
58	31	0
58	32	0
58	33	0
58	34	0
58	35	0
58	36	0
58	37	0
58	38	0
58	39	0
58	40	0
58	41	0
58	42	0
58	43	0
58	44	0
58	45	0
58	46	0
58	47	0
58	48	0
58	49	0
58	50	0
58	51	0
58	52	0
58	53	0
58	54	0
58	55	0
58	56	0.062
58	57	0
59	0	0.158
59	1	0.227
59	2	0.133
59	3	0.308
59	4	0.167
59	5	0.25
59	6	0.143
59	7	0.333
59	8	0.167
59	9	0
59	10	0.222
59	11	0.333
59	12	0.111
59	13	0.207
59	14	0.273
59	15	0.444
59	16	0.333
59	17	0.417
59	18	0.143
59	19	0.273
59	20	0
59	21	0.4
59	22	0.111
59	23	0.25
59	24	0.24
59	25	0.071
59	26	0
59	27	0.167
59	28	0
59	29	0
59	30	0
59	31	0.143
59	32	0
59	33	0
59	34	0
59	35	0
59	36	0
59	37	0
59	38	0
59	39	0
59	40	0
59	41	0
59	42	0
59	43	0
59	44	0
59	45	0
59	46	0
59	47	0
59	48	0
59	49	0
59	50	0
59	51	0
59	52	0
59	53	0
59	54	0
59	55	0
59	56	0
59	57	0.005
60	0	0.156
60	1	0.275
60	2	0.367
60	3	0.182
60	4	0.158
60	5	0.188
60	6	0.333
60	7	0.154
60	8	0.375
60	9	0.2
60	10	0.2
60	11	0.28
60	12	0.292
60	13	0.206
60	14	0.1
60	15	0.4
60	16	0.25
60	17	0
60	18	0.333
60	19	0.143
60	20	0
60	21	0.111
60	22	0.217
60	23	0.25
60	24	0.306
60	25	0.033
60	26	0
60	27	0
60	28	0
60	29	0
60	30	0
60	31	0
60	32	0
60	33	0
60	34	0
60	35	0
60	36	0
60	37	0
60	38	0
60	39	0
60	40	0
60	41	0
60	42	0
60	43	0
60	44	0
60	51	0
60	52	0
60	53	0
60	54	0
60	55	0
60	56	0
60	57	0.014
61	0	0.118
61	1	0.222
61	2	0.154
61	3	0.062
61	4	0.077
61	5	0.222
61	6	0
61	7	0
61	8	0
61	9	0
61	10	0
61	11	0.067
61	12	0.067
61	13	0.219
61	14	0.136
61	15	0
61	16	0
61	17	0
61	18	0
61	19	0.111
61	20	0
61	21	0
61	22	0
61	23	0.167
61	24	0.12
61	25	0.071
61	26	0.143
61	27	0.167
61	28	0.125
61	29	0
61	30	0
61	31	0.08
61	32	0
61	33	0
61	34	0
61	35	0
61	36	0
61	37	0
61	38	0
61	39	0
61	40	0
61	41	0
61	42	0
61	43	0
61	44	0
61	45	0
61	46	0
61	47	0
61	48	0
61	49	0
61	50	0
61	51	0
61	52	0
61	53	0
61	54	0
61	55	0
61	56	0
61	57	0.008
62	0	0.105
62	1	0.058
62	2	0.049
62	3	0.02
62	4	0.043
62	5	0
62	6	0.034
62	7	0.024
62	8	0
62	9	0.036
62	10	0.056
62	11	0.042
62	12	0.044
62	13	0.116
62	14	0.087
62	15	0.059
62	16	0.333
62	17	0
62	18	0
62	19	0.158
62	20	0.2
62	21	0
62	22	0.214
62	23	0.167
62	24	0.312
62	25	0.167
62	26	0.042
62	27	0
62	28	0.111
62	29	0
62	30	0.182
62	31	0
62	33	0
62	34	0
62	35	0
62	36	0
62	37	0
62	38	0
62	39	0
62	40	0
62	41	0
62	42	0
62	43	0
62	44	0
62	45	0
62	46	0
62	47	0
62	48	0.2
62	49	0
62	50	0
62	51	0
62	52	0
62	53	0
62	54	0
62	55	0
62	56	0.25
62	57	0.041
63	0	0.667
63	1	0.5
63	2	0.5
63	3	0
63	4	0
63	6	0
63	8	0
63	9	0
63	10	0
63	11	0
63	12	0.125
63	13	0.043
63	14	0.04
63	15	0
63	16	0
63	17	0
63	18	0
63	19	0.045
63	20	0.1
63	21	0
63	22	0.057
63	23	0.111
63	24	0.073
63	25	0
63	26	0
63	27	0
63	28	0
63	29	0
63	30	0
63	31	0.036
63	32	0
63	33	0
63	34	0
63	35	0
63	36	0
63	37	0
63	38	0
63	39	0
63	40	0
63	41	0
63	42	0
63	43	0
63	44	0
63	45	0
63	46	0
63	47	0
63	48	0.111
63	49	0
63	50	0
63	51	0
63	52	0
63	53	0
63	54	0
63	55	0
63	56	0
63	57	0.012
64	0	0.167
64	1	0.112
64	2	0.159
64	3	0.073
64	4	0.081
64	5	0.056
64	6	0
64	7	0
64	8	0
64	9	0.091
64	10	0.077
64	11	0.2
64	12	0.143
64	13	0.143
64	14	0.1
64	15	0
64	16	0
64	17	0
64	18	0
64	19	0
64	20	0.25
64	21	0
64	22	0.333
64	23	0.5
64	24	0.375
64	25	0
64	26	0.125
64	27	0
64	28	0
64	29	0
64	30	0.167
64	31	0.143
64	32	0.25
64	33	0
64	34	0
64	35	0
64	36	0
64	37	0
64	38	0
64	39	0
64	40	0
64	41	0
64	42	0
64	43	0
64	44	0
64	45	0
64	46	0
64	47	0
64	48	0
64	49	0
64	50	0
64	51	0
64	52	0
64	53	0
64	54	0
64	55	0
64	56	0.167
64	57	0.025
65	0	0
65	1	0
65	2	0.667
65	3	0
65	4	1
65	5	0
65	6	0
65	7	0
65	8	0
65	9	0
65	10	0.091
65	11	0.122
65	12	0.138
65	13	0.109
65	14	0.118
65	15	0.125
65	16	0.333
65	17	0.087
65	18	0.111
65	19	0.038
65	20	0
65	21	0.2
65	22	0.178
65	23	0.167
65	24	0.117
65	25	0.094
65	26	0.031
65	27	0
65	28	0
65	29	0.143
65	30	0.045
65	31	0.062
65	32	0
65	33	0
65	34	0
65	35	0
65	36	0
65	37	0
65	38	0
65	39	0
65	40	0
65	41	0
65	42	0
65	43	0
65	44	0
65	45	0
65	46	0
65	47	0.125
65	48	0.167
65	50	0
65	51	0
65	52	0
65	53	0
65	54	0
65	55	0
65	56	0
65	57	0
66	0	0.132
66	1	0.376
66	2	0.319
66	3	0.222
66	4	0.316
66	5	0.143
66	6	0.182
66	7	0
66	8	0.5
66	9	0
66	10	0.2
66	11	0.364
66	12	0.375
66	13	0.235
66	14	0.4
66	15	0
66	16	1
66	17	0.167
66	18	0.333
66	19	0.167
66	20	0
66	21	0.2
66	22	0.182
66	23	0.5
66	24	0.286
66	25	0
66	26	0
66	27	0
66	28	0
66	29	0
66	30	0
66	31	0
66	32	0
66	33	0
66	34	0
66	35	0
66	36	0
66	37	0
66	38	0
66	39	0
66	40	0
66	41	0
66	42	0
66	43	0
66	44	0
66	45	0
66	46	0
66	47	0
66	48	0
66	49	0
66	50	0
66	51	0
66	52	0
66	53	0
66	54	0
66	55	0
66	56	0
66	57	0
67	0	0
67	1	0.156
67	2	0.043
67	3	0
67	4	0.037
67	5	0.167
67	6	0.083
67	7	0.118
67	8	0.1
67	9	0.105
67	10	0.114
67	11	0.254
67	12	0.155
67	13	0.108
67	14	0.106
67	15	0.13
67	16	0.2
67	17	0.042
67	18	0.136
67	19	0
67	20	0.25
67	21	0
67	22	0.154
67	23	0.333
67	24	0.306
67	25	0.143
67	26	0
67	27	0
67	28	0
67	29	0
67	30	0
67	31	0.071
67	32	0
67	33	0
67	34	0
67	35	0
67	36	0
67	37	0
67	38	0
67	39	0
67	40	0
67	41	0
67	42	0
67	57	0.043
68	0	0.179
68	1	0.294
68	2	0.353
68	3	0.133
68	4	0.312
68	5	0.333
68	6	0.222
68	7	0.1
68	8	0
68	9	0.167
68	10	0.167
68	11	0.316
68	12	0.214
68	13	0.233
68	14	0.067
68	15	0.125
68	16	0
68	17	0.1
68	18	0.25
68	19	0.143
68	20	0.083
68	21	0.167
68	22	0.111
68	23	0.143
68	24	0.154
68	25	0
68	26	0.022
68	27	0
68	28	0
68	29	0
68	30	0.077
68	31	0.026
68	32	0.056
68	33	0
68	34	0
68	35	0
68	36	0
68	37	0
68	38	0
68	39	0
68	40	0
68	41	0
68	42	0
68	43	0
68	44	0
68	45	0
68	46	0
68	47	0
68	48	0
68	49	0
68	50	0
68	51	0
68	52	0
68	53	0
68	54	0
68	55	0
68	56	0
68	57	0.065
69	0	0.195
69	1	0.311
69	2	0.13
69	3	0.143
69	4	0.167
69	5	0.111
69	6	0.15
69	7	0.2
69	8	0.25
69	9	0.182
69	10	0.444
69	11	0.29
69	12	0.45
69	13	0.31
69	14	0.316
69	15	0.125
69	16	0
69	17	0.3
69	18	0.143
69	19	0.375
69	20	0.1
69	21	0.429
69	22	0.276
69	23	0.222
69	24	0.289
69	25	0.077
69	26	0.033
69	27	0
69	28	0
69	29	0.25
69	30	0.083
69	31	0
69	32	0
69	33	0
69	34	0.125
69	35	0.154
69	36	0
69	37	0.045
69	38	0.023
69	39	0.028
69	40	0
69	41	0
69	42	0.025
69	43	0
69	44	0
69	45	0
69	46	0
69	47	0
69	48	0.029
69	49	0
69	50	0
69	51	0
69	52	0
69	53	0
69	54	0
69	55	0
69	56	0
69	57	0
70	0	0.189
70	1	0.255
70	2	0.174
70	3	0.182
70	4	0.091
70	5	0.091
70	6	0.125
70	7	0
70	8	0.125
70	9	0
70	10	0.158
70	11	0.267
70	12	0.714
70	13	0.625
70	14	0.6
70	15	0.25
70	17	0
70	18	0.667
70	19	0
70	20	0
70	21	0
70	22	0
70	23	0.667
70	24	0.5
70	30	0
70	31	0
70	32	0
70	33	0
70	34	0
70	35	0
70	36	0
70	37	0
70	38	0
70	39	0
70	40	0
70	41	0
70	42	0
70	43	0
70	44	0
70	45	0
70	46	0
70	47	0.067
70	48	0.083
70	49	0
70	50	0
70	51	0
70	52	0
70	53	0
70	54	0
70	55	0
70	56	0
70	57	0.02
71	0	0.152
71	1	0.125
71	2	0.059
71	3	0.077
71	4	0.091
71	5	0
71	6	0.167
71	7	0.2
71	8	0.167
71	9	0.1
71	10	0
71	11	0.333
71	12	0.258
71	13	0.133
71	14	0.182
71	15	0.188
71	16	0
71	17	0.105
71	18	0
71	19	0.176
71	20	0.143
71	21	0.182
71	22	0.231
71	23	0.316
71	24	0.397
71	25	0.178
71	26	0.079
71	27	0.222
71	28	0.083
71	29	0
71	30	0.167
71	31	0
71	32	0
71	33	0
71	34	0
71	35	0
71	36	0
71	37	0
71	38	0
71	39	0
71	40	0
71	41	0
71	42	0
71	43	0
71	44	0
71	45	0
71	46	0
71	47	0
71	48	0.222
71	49	0
71	50	0
71	51	0
71	52	0
71	53	0
71	54	0
71	55	0
71	56	0
71	57	0.158
72	0	0.091
72	1	0.279
72	2	0.195
72	3	0.167
72	4	0.062
72	5	0.105
72	6	0.083
72	7	0.105
72	8	0
72	9	0
72	10	0.1
72	11	0.217
72	12	0.087
72	13	0.098
72	14	0.048
72	15	0.071
72	16	0
72	17	0
72	18	0.143
72	19	0
72	20	0.2
72	21	0
72	22	0.15
72	23	0.214
72	24	0.257
72	25	0
72	26	0
72	27	0
72	28	0
72	29	0
72	30	0
72	31	0.208
72	32	0
72	33	0.045
72	34	0
72	35	0.083
72	36	0.056
72	37	0.061
72	38	0.036
72	39	0
72	40	0
72	41	0.04
72	42	0
72	43	0
72	44	0
72	45	0
72	46	0
72	47	0.107
72	48	0
72	49	0
72	50	0
72	51	0
72	52	0
72	53	0
72	54	0
72	55	0
72	56	0
72	57	0
73	0	0.023
73	1	0.086
73	2	0.043
73	3	0.05
73	4	0
73	5	0
73	6	0
73	7	0
73	8	0
73	9	0
73	10	0
73	11	0
73	12	0.053
73	13	0.222
73	14	0.143
73	15	0.167
73	16	0
73	17	0
73	18	0
73	19	0.333
73	20	0.167
73	21	0.5
73	22	0.167
73	23	0
73	24	0.25
73	25	0.13
73	26	0.028
73	27	0
73	28	0
73	29	0
73	30	0
73	31	0
73	32	0
73	33	0
73	34	0
73	35	0
73	36	0
73	37	0
73	38	0
73	39	0
73	40	0
73	41	0
73	42	0
73	43	0
73	44	0
73	45	0
73	46	0
73	47	0.13
73	48	0.257
73	49	0
73	50	0
73	51	0
73	52	0
73	53	0
73	54	0
73	55	0
73	56	0
73	57	0.013
74	0	0.261
74	1	0.289
74	2	0.2
74	3	0.2
74	4	0.167
74	5	0
74	6	0.1
74	7	0.167
74	8	0
74	9	0.125
74	10	0.25
74	11	0.294
74	12	0.308
74	13	0.205
74	14	0.074
74	15	0.067
74	16	0
74	17	0.071
74	18	0
74	19	0.133
74	20	0.333
74	21	0
74	22	0.115
74	23	0.3
74	24	0.229
74	25	0.111
74	26	0
74	27	0
74	28	0
74	29	0
74	30	0
74	31	0
74	32	0
74	33	0
74	34	0
74	35	0
74	36	0
74	37	0
74	38	0
74	39	0
74	40	0
74	41	0
74	42	0
74	43	0
74	44	0
74	45	0
74	46	0
74	47	0
74	48	0.333
74	49	0
74	50	0
74	51	0
74	52	0
74	53	0
74	54	0
74	55	0
74	56	0.364
74	57	0.134
75	0	0.295
75	1	0.408
75	2	0.316
75	3	0.143
75	4	0.226
75	5	0.091
75	6	0.143
75	7	0.053
75	8	0
75	9	0.222
75	10	0.405
75	11	0.306
75	12	0.161
75	13	0.083
75	14	0
75	15	0.25
75	16	0.333
75	17	0.167
75	18	0
75	19	0.333
75	20	0
75	21	0.5
75	22	0.222
75	23	0
75	24	0.182
75	25	0
75	26	0
75	27	0
75	28	0
75	29	0
75	30	0
75	31	0
75	32	0
75	33	0
75	34	0
75	35	0
75	36	0
75	37	0
75	38	0
75	39	0
75	40	0
75	41	0
75	42	0
75	43	0
75	44	0
75	45	0
75	46	0
75	47	0
75	48	0
75	55	0
75	56	0
75	57	0.077
76	0	0.478
76	1	0.435
76	2	0.273
76	3	0.077
76	4	0.083
76	5	0
76	6	0
76	7	0
76	8	0
76	9	0
76	10	0.214
76	11	0.294
76	12	0.2
76	13	0.312
76	14	0.263
76	15	0.158
76	16	0
76	17	0.2
76	18	0
76	19	0.091
76	20	0.091
76	21	0.333
76	22	0.423
76	23	0.538
76	24	0.559
76	25	0.167
76	26	0.081
76	27	0
76	28	0
76	29	0
76	30	0
76	31	0
76	32	0
76	33	0
76	34	0
76	49	0
76	50	0
76	51	0
76	52	0
76	53	0
76	54	0
76	55	0
76	56	0
76	57	0.051
77	13	0.5
77	14	0.25
77	15	0.143
77	16	0
77	17	0
77	18	0.2
77	19	0.143
77	20	0.75
77	21	0
77	22	0.5
77	23	0.167
77	24	0.5
77	25	0.062
77	26	0
77	27	0
77	28	0
77	29	0
77	30	0
77	31	0.1
77	32	0
77	33	0
77	34	0
77	35	0
77	36	0
77	37	0
77	38	0
77	39	0
77	40	0
77	41	0
77	42	0
77	43	0
77	44	0
77	45	0
77	46	0
77	47	0
77	48	0.35
77	49	0
77	50	0
77	51	0
77	52	0
77	53	0
77	54	0
77	55	0
78	0	0.305
78	1	0.5
78	2	0.533
78	3	0.438
78	4	0
78	5	0.25
78	6	0.333
78	7	0
78	9	0.167
78	10	0.143
78	11	0.143
78	12	0
78	13	0.125
78	14	0.2
78	15	0
78	16	0
78	18	0
78	19	0.167
78	20	0
78	22	0.167
78	23	0.6
78	24	0.667
78	25	0
78	26	0
78	28	0
78	29	0
78	30	0
78	31	0
78	32	0
78	33	0
78	34	0
78	35	0
78	36	0
78	37	0
78	38	0
78	39	0
78	40	0
78	41	0
78	42	0
78	43	0
78	44	0
78	45	0
78	46	0
78	47	0.105
78	48	0.167
78	49	0
78	50	0
78	51	0
78	52	0
78	53	0
78	54	0
78	55	0
78	56	0.095
78	57	0.129
79	0	0.25
79	1	0.422
79	2	0.372
79	3	0.074
79	4	0.276
79	5	0.167
79	6	0.286
79	7	0.32
79	8	0.182
79	9	0.24
79	10	0.288
79	11	0.34
79	12	0.438
79	13	0.643
79	14	0.6
79	15	0.333
79	16	0
79	17	0.4
79	18	0.5
79	19	0.4
79	20	0.6
79	21	0.333
79	22	0.875
79	23	0.667
79	24	0.824
79	25	0.182
79	26	0
79	27	0.5
79	28	0
79	29	0
79	30	0
79	31	0.25
79	32	0
79	33	0
79	34	0
79	35	0
79	36	0
79	37	0
79	38	0
79	39	0
79	40	0
79	41	0
79	42	0
79	43	0
79	44	0
79	45	0
80	0	0.75
80	1	0.538
80	2	0.375
80	3	0.25
80	4	0.25
80	5	0.4
80	6	0
80	7	0.4
80	8	0
80	9	1
80	10	0.8
80	11	0.273
80	12	0.385
80	13	0.412
80	14	0.314
80	15	0.067
80	16	1
80	17	0.286
80	18	0.333
80	19	0.25
80	20	0.176
80	21	0.222
80	22	0.375
80	23	0.429
80	24	0.455
80	25	0.2
80	26	0
80	27	0.1
80	28	0
80	29	0
80	30	0.125
80	31	0.062
80	32	0
80	33	0
80	34	0
80	45	0
80	46	0
80	47	0
80	48	0
80	49	0
80	50	0
80	51	0
80	52	0
80	53	0
80	54	0
80	55	0
80	56	0
80	57	0.222
81	0	0.294
81	1	0.333
81	2	0.25
81	3	0.25
81	4	0.286
81	5	0.2
81	6	0.25
81	7	0.143
81	8	0
81	9	0
81	10	0
81	31	0.4
81	32	0
81	33	0
81	34	0
81	35	0
81	36	0
81	37	0
81	38	0.034
81	39	0
81	40	0
81	41	0
81	42	0.034
81	43	0
81	44	0.083
81	45	0.1
81	46	0.061
81	47	0.121
81	48	0.12
81	49	0.053
81	50	0.03
81	51	0
81	52	0.062
81	53	0.034
81	54	0
81	55	0
81	56	0
81	57	0.091
82	0	0.306
82	1	0.607
82	2	0
82	3	0
82	4	0
82	5	0
82	6	0
82	9	0
82	10	0.333
82	11	0.364
82	12	0.375
82	13	0.2
82	14	0.3
82	15	0
82	16	0
82	17	0
82	18	0.2
82	19	0.333
82	20	0.5
82	21	0
82	22	0.125
82	23	0.6
82	24	0.235
82	25	0
82	26	0
82	27	0
82	28	0
82	29	0
82	30	0
82	31	0
82	32	0
82	33	0
82	34	0
82	35	0
82	36	0
82	37	0
82	38	0
82	39	0
82	41	0
82	42	0
82	43	0
82	44	0
82	45	0
82	46	0
82	47	0
82	48	0
82	49	0
82	50	0
82	51	0
82	52	0
82	53	0
82	54	0
82	55	0
82	56	0.071
82	57	0.087
83	0	0.517
83	1	0.538
83	2	0.424
83	3	0.107
83	4	0.25
83	5	0.25
83	6	0.2
83	7	0.188
83	8	0.083
83	9	0.286
83	10	0.485
83	11	0.31
83	12	0.176
83	13	0.25
83	14	0.182
83	15	0.143
83	16	0
83	17	0.2
83	18	0.4
83	19	0.2
83	20	0.286
83	21	0.2
83	22	0.308
83	23	0
83	24	0.25
83	25	0
83	26	0
83	27	0
83	28	0
83	29	0
83	30	0
83	31	0.083
83	32	0
83	33	0
83	34	0
83	49	0
83	50	0
83	51	0
83	52	0
83	53	0
83	54	0
83	55	0
83	56	0.333
83	57	0.067
84	0	0.722
84	1	0.857
84	2	0.667
84	3	0.5
84	4	0.222
84	5	1
84	6	0.333
84	7	0.4
84	8	1
84	9	0.667
84	11	0.417
84	12	0.385
84	13	0.429
84	14	0.368
84	15	0.182
84	16	0
84	17	0
84	18	0.167
84	19	0.2
84	20	0.286
84	21	0.1
84	22	0.211
84	23	0
84	24	0.438
84	25	0.143
84	26	0.133
84	27	0
84	28	0
84	29	0
84	30	0.25
84	34	0
84	35	0
84	36	0
84	37	0
84	38	0
84	39	0
84	40	0
84	41	0
84	42	0
84	43	0
84	44	0
84	45	0
84	46	0
84	47	0.2
84	48	0.167
84	49	0
84	50	0
84	51	0
84	52	0
84	53	0
84	54	0
84	55	0
84	56	0.222
84	57	0.154
85	0	0.1
85	1	0.688
85	2	0.636
85	3	0.25
85	4	0.571
85	5	0.75
85	6	0.333
85	7	0.75
85	8	0
85	9	0.375
85	10	0.526
85	11	0.45
85	12	0.455
85	13	0.444
85	14	0.625
85	15	0.375
85	16	0.5
85	17	0.333
85	18	0.4
85	19	0
85	20	0
85	21	0.333
85	22	0.182
85	23	0.333
85	24	0.333
85	25	0
85	26	0
85	27	0
85	28	0
85	29	0
85	30	0.333
85	31	0.097
85	32	0
85	33	0
85	34	0
85	35	0
85	36	0
85	37	0.043
85	38	0
85	39	0
85	40	0
85	41	0
85	42	0.062
85	43	0.083
85	44	0.071
85	45	0.118
85	46	0.091
85	47	0.167
85	48	0.182
85	49	0
85	50	0
85	51	0
85	52	0
85	53	0
85	54	0
85	55	0
85	56	0.25
85	57	0
86	0	0.5
86	1	0.75
86	2	0.5
86	3	0.429
86	4	0.375
86	5	0.25
86	6	0.5
86	7	0.429
86	8	0
86	9	0.667
86	10	0.75
86	11	0.647
86	12	0.818
86	13	0.667
86	14	0.583
86	15	0.5
86	17	0
86	18	0
86	19	0.5
86	20	0.333
86	21	0.5
86	22	0.273
86	23	0.5
86	24	0.526
86	25	0
86	26	0.133
86	27	0
86	28	0
86	30	0.167
86	31	0.273
86	32	0
86	33	0
86	34	0
86	35	0
86	36	0
86	37	0
86	38	0
86	39	0
86	40	0
86	41	0
86	42	0
86	43	0
86	44	0
86	45	0
86	46	0
86	47	0
86	48	0.2
86	49	0.091
86	50	0.045
86	51	0
86	52	0
86	53	0.062
86	54	0.056
86	55	0
86	56	0
86	57	0.038
87	0	0.322
87	1	0.365
87	2	0.533
87	3	0.2
87	4	0.167
87	5	0.25
87	6	0.25
87	7	0.333
87	8	0
87	9	0
87	10	0.455
87	11	0.583
87	12	0.4
87	13	0.455
87	14	0.667
87	15	0.667
87	16	1
87	17	0.667
87	18	1
87	19	0.5
87	20	0.5
87	21	1
87	22	0.429
87	23	0.6
87	24	0.625
87	25	0.4
87	26	0.1
87	27	0
87	28	0
87	29	0
87	30	0
87	31	0.182
87	32	0
87	33	0
87	34	0
87	35	0
87	36	0
87	37	0
87	38	0
87	39	0
87	40	0
87	41	0
87	42	0
87	43	0
87	44	0
87	45	0
87	46	0
87	47	0
87	48	0
87	49	0
87	50	0
87	51	0
87	52	0
87	53	0
87	54	0
87	55	0
87	56	0
87	57	0.034
88	1	0.833
88	2	0.286
88	3	0.077
88	4	0.077
88	5	0
88	6	0
88	7	0.2
88	8	0.1
88	9	0.2
88	10	0.421
88	11	0.179
88	12	0.111
88	13	0.212
88	14	0.273
88	15	0.067
88	16	0.333
88	17	0.083
88	18	0.143
88	19	0.091
88	20	0
88	21	0.091
88	22	0.105
88	23	0.111
88	24	0.3
88	25	0.087
88	26	0.04
88	27	0
88	28	0
88	29	0
88	30	0
88	31	0.059
88	32	0
88	33	0
88	34	0
88	35	0
88	36	0
88	37	0
88	38	0
88	39	0
88	40	0
88	41	0
88	42	0
88	43	0
88	44	0
88	45	0
88	46	0
88	47	0
88	48	0
88	49	0
88	50	0
88	51	0
88	52	0
88	53	0
88	54	0
88	55	0
88	56	0
88	57	0
89	0	0.545
89	1	0.633
89	2	0.5
89	3	0.312
89	4	0.368
89	5	0.308
89	6	0.231
89	7	0.4
89	8	0.5
89	9	0.353
89	10	0.667
89	11	0.312
89	12	0.455
89	13	0.412
89	14	0.5
89	15	0.143
89	16	0.5
89	17	0.5
89	18	0
89	19	0.714
89	20	0.667
89	21	0.4
89	22	0.333
89	39	0
89	40	0
89	41	0
89	42	0
89	43	0
89	44	0
89	45	0
89	46	0
89	47	0
89	48	0.067
89	49	0
89	50	0
89	51	0
89	52	0
89	53	0
89	54	0
89	55	0
89	56	0
89	57	0.13
90	0	0.556
90	1	0.943
90	2	0.917
90	3	0.667
90	4	0.571
90	5	0.25
90	6	0.6
90	7	0
90	8	0.5
90	9	0.556
90	10	0.619
90	11	0.533
90	12	0.545
90	13	0.417
90	14	0.429
90	15	0.2
90	16	0.667
90	17	0.333
90	18	0
90	19	0.25
90	20	0.4
90	22	0.471
90	23	0.722
90	24	0.647
90	25	0.261
90	26	0.2
90	27	0
90	28	0.143
90	29	0.333
90	30	0.4
90	31	0.15
90	32	0
90	33	0
90	34	0
90	35	0
90	36	0
90	37	0
90	38	0
90	39	0
90	40	0
90	41	0
90	42	0
90	43	0
90	44	0
90	45	0
90	46	0
90	47	0
90	48	0.167
90	49	0
90	50	0
90	51	0
90	52	0
90	53	0
90	54	0.25
90	55	0.2
90	56	0
90	57	0
91	0	0.409
91	1	0.614
91	2	0.3
91	3	0.5
91	4	0.25
91	5	0.5
91	7	0.333
91	8	1
91	9	0.875
91	10	0.818
91	11	0.579
91	12	0.545
91	13	0.6
91	14	0.692
91	15	0
91	16	0
91	17	0.167
91	18	0
91	19	0.4
91	20	0.2
91	21	0
91	22	0.571
91	23	0.8
91	24	0.583
91	25	0.5
91	26	0.1
91	27	0.25
91	28	0
91	29	0.5
91	30	0.25
91	31	0.286
91	32	0
91	33	0
91	34	0
91	35	0
91	36	0
91	37	0
91	38	0
91	39	0
91	40	0
91	41	0
91	42	0
91	43	0
91	44	0
91	45	0
91	46	0
91	47	0
91	48	0.077
91	49	0
91	50	0
91	51	0
91	52	0
91	53	0
91	54	0
91	55	0
91	56	0
91	57	0.167
92	0	0.524
92	1	0.771
92	2	0.526
92	3	0.167
92	4	0.2
92	5	0.263
92	6	0.308
92	7	0.417
92	8	0.333
92	9	0.438
92	10	0.394
92	11	0.472
92	12	0.625
92	13	0.457
92	14	0.522
92	15	0.385
92	16	0.667
92	17	0.462
92	18	0.364
92	19	0.538
92	20	0.167
92	21	0.636
92	22	0.517
92	23	0.636
92	24	0.571
92	25	0.2
92	26	0.143
92	28	0.5
92	29	0
92	30	0
92	31	0.2
92	32	0
92	33	0
92	34	0
92	35	0
92	36	0
92	37	0
92	38	0
92	39	0
92	40	0
92	41	0
92	42	0
92	43	0
92	44	0
92	45	0
92	46	0
92	47	0
92	48	0
92	49	0
92	50	0
92	51	0
92	52	0
92	53	0.25
92	54	0
92	55	0.333
92	56	0
92	57	0.089
93	0	0.778
93	1	0.85
93	2	0.455
93	3	0.143
93	4	0
93	5	0.25
93	6	0
93	7	0.2
93	8	0
93	9	0.625
93	10	0.583
93	11	0.4
93	12	0.667
93	13	0.444
93	14	0.375
93	15	0.6
93	18	0.5
93	23	0.5
93	24	0.735
93	25	0.346
93	26	0.15
93	27	0.25
93	28	0.286
93	29	0
93	30	0.188
93	31	0.31
93	32	0
93	33	0
93	34	0
93	35	0
93	36	0
93	37	0
93	38	0.091
93	39	0
93	40	0
93	41	0
93	42	0
93	43	0
93	44	0
93	45	0
93	46	0
93	47	0
93	48	0
93	49	0
93	50	0
93	51	0
93	52	0
93	53	0
93	54	0
93	55	0.05
93	56	0
93	57	0.1
94	0	0.391
94	1	0.571
94	2	0.526
94	3	0.308
94	4	0.333
94	5	0
94	19	0.333
94	20	0
94	21	0.333
94	22	0.5
94	23	0.75
94	24	0.533
94	25	0
94	26	0
94	27	0.5
94	28	0
94	29	0
94	30	0.2
94	31	0.125
94	32	0
94	33	0
94	34	0
94	35	0
94	36	0
94	37	0
94	38	0
94	39	0.286
94	40	0
94	41	0
94	42	0.056
94	43	0.077
94	44	0.067
94	45	0.059
94	46	0.087
94	47	0.077
94	48	0.111
94	49	0.077
94	50	0.043
94	51	0
94	52	0.067
94	53	0.048
94	54	0.067
94	55	0.042
94	56	0.182
94	57	0.188
95	0	0.286
95	1	0.478
95	2	0.583
95	3	0.556
95	4	0.286
95	5	0.333
95	6	0.333
95	7	0.263
95	8	0.286
95	9	0.4
95	10	0.343
95	11	0.4
95	12	0.458
95	13	0.371
95	14	0.269
95	15	0.267
95	16	0.667
95	17	0.3
95	18	0.143
95	19	0.214
95	20	0
95	21	0.167
95	22	0.5
95	23	0.125
95	24	0.368
95	25	0
95	26	0.048
95	27	0
95	28	0
95	30	0
95	31	0
95	32	0
95	33	0
95	34	0
95	35	0
95	36	0
95	37	0
95	38	0
95	39	0
95	40	0
95	41	0
95	42	0
95	43	0
95	44	0
95	45	0
95	46	0
95	47	0
95	48	0.333
95	49	0
95	50	0.125
95	51	0.091
95	52	0
95	57	0.429
96	0	0.536
96	1	0.659
96	2	0.375
96	3	0.364
96	4	0.222
96	5	0.333
96	6	0.5
96	7	0.111
96	8	0.333
96	9	0.5
96	10	0.375
96	11	0.294
96	12	0.455
96	13	0.4
96	14	0.462
96	15	0.286
96	17	0
96	18	1
96	19	0
96	20	0.143
96	21	0.25
96	22	0.269
96	23	0.444
96	24	0.308
96	25	0.071
96	26	0.05
96	27	0
96	28	0
96	29	0
96	30	0.304
96	31	0.071
96	32	0
96	33	0
96	34	0
96	35	0
96	36	0
96	37	0
96	38	0
96	39	0
96	40	0
96	41	0
96	42	0
96	43	0
96	44	0.167
96	45	0
96	46	0.067
96	47	0
96	52	0
96	53	0.182
96	54	0.143
96	55	0.125
96	56	0.111
96	57	0.286
97	0	0.481
97	1	0.8
97	2	0.5
97	3	0.2
97	4	0.25
97	5	0
97	6	0.5
97	7	0
97	8	0
97	9	1
97	10	1
97	11	0.8
97	12	1
97	13	0.8
97	14	0.5
97	15	0
97	17	0
97	18	0
97	20	0
97	22	0.5
97	23	1
97	24	0.25
97	25	0.5
97	26	0
97	28	0
97	30	0
97	31	0.167
97	33	0
97	34	0
97	35	0
97	36	0
97	37	0
97	38	0
97	39	0
97	40	0
97	41	0
97	42	0
97	43	0
97	44	0
97	45	0
97	46	0
97	47	0.364
97	48	0.25
97	49	0.188
97	50	0.038
97	51	0.105
97	52	0.125
97	53	0.056
97	54	0.071
97	55	0.061
97	56	0.429
97	57	0.302
98	0	0.296
98	1	0.56
98	2	0.562
98	3	0.316
98	4	0.4
98	5	0.3
98	6	0.308
98	7	0.462
98	8	0.429
98	9	0.5
98	10	0.522
98	11	0.381
98	12	0.579
98	13	0.536
98	14	0.688
98	15	0.571
98	16	0.5
98	17	0.2
98	18	0.231
98	19	0.571
98	20	0.5
98	21	0.286
98	22	0.524
98	23	0.5
98	24	0.594
98	25	0.091
98	26	0.053
98	27	0
98	28	0
98	29	0
98	30	0
98	31	0.087
98	32	0
98	33	0
98	34	0
98	35	0
98	36	0
98	37	0.042
98	38	0
98	39	0
98	40	0
98	41	0
98	42	0
98	43	0
98	44	0
98	45	0
98	46	0
98	47	0.2
98	54	0.333
98	55	0.5
98	56	1
98	57	0.5
99	0	0.407
99	1	0.667
99	2	0.467
99	3	0.333
99	4	0.375
99	5	0.167
99	6	0
99	7	0.111
99	8	0
99	9	0.286
99	10	0.571
99	11	0.267
99	12	0.125
99	13	0.308
99	14	0.273
99	15	0
99	16	0
99	17	0
99	18	0
99	19	0
99	20	0
99	21	0.2
99	22	0.125
99	23	0.5
99	24	0.467
99	25	0.429
99	26	0.25
99	27	0
99	28	0.2
99	30	0
99	31	0.429
99	32	0
99	33	0.333
99	34	0
99	38	0.667
99	39	0
99	40	0
99	41	0.143
99	42	0.143
99	43	0
99	44	0.167
99	45	0.2
99	46	0.222
99	47	0.235
99	48	0.167
99	49	0.222
99	50	0.056
99	51	0
99	52	0.091
99	53	0.056
99	54	0.125
99	55	0.053
99	56	0.231
99	57	0.266
100	0	0.357
100	1	0.621
100	2	0.556
100	3	0.4
100	4	0.222
100	5	0.1
100	6	0.2
100	7	0.125
100	8	0.2
100	9	0.167
100	10	0.579
100	11	0.478
100	12	0.4
100	13	0.45
100	14	0.312
100	15	0.364
100	16	1
100	17	0.333
100	18	0.222
100	19	0.429
100	20	0.2
100	21	0.429
100	22	0.4
100	23	0.889
100	24	0.667
100	25	0.19
100	26	0.2
100	27	0
100	28	0
100	29	0
100	30	0.25
100	31	0.25
100	32	0
100	33	0
100	34	0
100	35	0
100	36	0
100	37	0
100	38	0
100	39	0
100	40	0
100	41	0
100	42	0
100	43	0
100	44	0
100	45	0
100	46	0
100	47	0.091
100	48	0.143
100	49	0
100	50	0.222
100	51	0
100	52	0.25
100	53	0
100	54	0.125
100	55	0
100	56	0
100	57	0.016
101	0	0.514
101	1	0.659
101	2	0.25
101	3	0.118
101	4	0.25
101	5	0.111
101	6	0.25
101	7	0.231
101	8	0.333
101	9	0.444
101	10	0.692
101	11	0.455
101	12	0.556
101	13	0.385
101	32	0
101	33	0
101	34	0
101	35	0
101	36	0
101	37	0
101	38	0
101	39	0
101	40	0
101	41	0
101	42	0
101	43	0
101	44	0
101	45	0
101	46	0
101	47	0.188
101	48	0.154
101	49	0
101	50	0
101	51	0
101	52	0
101	53	0
101	54	0
101	55	0
101	56	0.083
101	57	0.169
102	0	0.476
102	1	0.609
102	2	0.846
102	3	0.2
102	4	0.455
102	5	0.5
102	6	0.444
102	7	0.556
102	8	1
102	9	1
102	10	0.588
102	11	0.688
102	12	0.583
102	13	0.625
102	14	0.543
102	15	0.2
102	16	0.333
102	17	0.462
102	18	0.5
102	19	0.214
102	20	0.357
102	21	0.375
102	22	0.346
102	23	0.6
102	24	0.595
102	25	0.154
102	26	0.056
102	27	0
102	28	0.25
102	29	0
102	30	0.167
102	31	0.312
102	32	0
102	33	0.056
102	34	0
102	35	0
102	36	0
102	37	0
102	38	0
102	39	0
102	40	0
102	41	0
102	42	0.071
102	43	0
102	44	0.071
102	45	0
102	46	0.056
102	47	0.143
102	57	0.25
103	0	0.381
103	1	0.5
103	2	0.222
103	3	0
103	4	0.444
103	5	0.333
103	6	0.273
103	7	0.429
103	8	0.25
103	9	1
103	10	0.417
103	11	0.667
103	12	0.222
103	13	0.455
103	14	0.444
103	15	0
103	17	0
103	18	0.333
103	19	0
103	20	0.2
103	21	0
103	22	0.143
103	23	0
103	24	0.2
103	25	0.16
103	26	0.143
103	27	0.2
103	28	0.5
103	29	0
103	30	0.412
103	31	0.353
103	32	0
103	33	0
103	34	0
103	35	0
103	36	0
103	37	0
103	38	0
103	39	0
103	40	0
103	41	0
103	42	0
103	43	0.167
103	44	0
103	45	0
103	46	0.167
103	47	0.167
103	48	0.286
103	49	0.125
103	50	0.083
103	51	0.067
103	52	0
103	53	0.067
103	54	0
103	55	0
103	56	0.071
103	57	0.091
104	0	0.404
104	1	0.455
104	2	0.385
104	3	0.2
104	4	0.167
104	5	0
104	6	0.222
104	7	0.111
104	8	0.167
104	9	0.5
104	10	0.368
104	11	0.278
104	12	0.364
104	13	0.562
104	14	0.667
104	15	0.25
104	16	0
104	18	0.5
104	19	0.5
104	20	0
104	21	1
104	22	0.333
104	23	0
104	24	0.5
104	25	0.5
104	26	0.333
104	27	0
104	28	0
104	29	0
104	30	0.2
104	31	0
104	32	0
104	33	0
104	34	0
104	35	0
104	36	0
104	37	0
104	38	0
104	39	0
104	40	0
104	41	0
104	42	0.167
104	43	0
104	44	0.125
104	45	0
104	46	0.111
104	47	0.091
104	48	0
104	49	0
104	50	0
104	51	0.071
104	52	0.111
104	53	0.036
104	54	0
104	55	0.056
104	56	0.125
104	57	0.236
105	1	0.6
105	2	0.562
105	3	0.4
105	4	0.444
105	5	0.333
105	6	0.667
105	7	0.1
105	8	0.25
105	9	0.333
105	10	0.35
105	11	0.471
105	12	0.273
105	13	0.444
105	14	0.353
105	15	0.385
105	16	0.333
105	17	0.143
105	18	0.231
105	19	0
105	20	0.462
105	21	0
105	22	0.321
105	23	0.6
105	24	0.485
105	25	0.04
105	26	0
105	27	0
105	28	0
105	29	0
105	30	0
105	31	0.034
105	32	0
105	33	0
105	34	0
105	35	0
105	36	0
105	37	0
105	38	0
105	39	0
105	40	0
105	41	0
106	0	0.27
106	1	0.378
106	2	0.348
106	3	0.062
106	4	0.188
106	5	0.25
106	6	0
106	7	0.182
106	8	0
106	9	0.125
106	10	0.417
106	11	0.333
106	12	0.167
106	13	0.286
106	14	0
106	15	0.2
106	17	0
106	18	0.25
106	19	0
106	20	0.333
106	22	0.2
106	23	0
106	24	0.143
106	25	0.25
106	26	0.25
106	27	0
106	28	0
106	29	0
106	30	0.5
106	31	0
106	32	0
106	33	0
106	34	0
106	35	0
106	36	0
106	37	0
106	38	0
106	39	0
106	40	0
106	41	0
106	42	0
106	43	0
106	44	0
106	45	0
106	46	0
106	47	0.077
106	48	0.208
106	49	0
106	50	0
106	51	0
106	52	0
106	53	0
106	54	0
106	55	0
106	56	0.231
106	57	0.143
107	0	0.065
107	1	0.119
107	2	0.111
107	3	0.227
107	4	0.071
107	5	0.125
107	6	0.077
107	7	0.143
107	8	0.286
107	9	0.3
107	10	0.312
107	11	0.214
107	12	0.103
107	13	0.241
107	14	0.229
107	15	0.143
107	16	0.25
107	17	0.105
107	18	0
107	19	0.2
107	20	0.133
107	21	0.083
107	22	0.324
107	23	0.182
107	24	0.439
107	25	0.105
107	26	0
107	27	0
107	28	0
107	30	0.154
108	24	0.192
108	25	0.048
108	26	0.1
108	27	0
108	28	0
108	29	0
108	30	0.188
108	31	0.056
108	32	0
108	33	0
108	34	0
108	35	0
108	36	0
108	37	0
108	38	0
108	39	0
108	40	0
108	41	0
108	42	0
108	43	0
108	44	0
108	45	0
108	46	0
108	47	0.057
108	48	0.111
108	49	0
108	50	0
108	51	0
108	52	0
108	53	0
109	0	0.2
109	1	0.243
109	2	0.143
109	3	0.1
109	4	0.15
109	5	0.188
109	6	0.231
109	7	0.1
109	8	0.111
109	9	0
109	10	0.222
109	11	0.286
109	12	0.286
109	13	0.328
109	14	0.143
109	15	0
109	16	0
109	17	0
109	18	0.5
109	19	0
109	20	0
109	21	0
109	22	0.111
109	23	0
109	24	0.154
109	25	0
109	26	0
109	28	0
109	29	0
109	30	0
109	31	0
109	32	0
109	33	0
109	49	0
109	50	0
109	51	0
109	52	0
109	53	0.048
109	54	0
109	55	0
109	56	0.176
109	57	0.118
110	0	0.25
110	1	0.4
110	2	0.25
110	3	0.333
110	4	0.5
110	5	0
110	6	0.5
110	7	0.667
110	8	0.5
110	9	0
110	10	0.75
110	11	0.75
110	12	0.75
110	13	0.667
110	14	0.5
110	15	0.222
110	16	0.333
110	17	0.167
110	18	0.2
110	19	0.333
110	20	0.25
110	21	0.25
110	22	0.267
110	23	0.125
110	24	0.36
110	25	0
110	26	0
110	27	0
110	28	0
110	29	0.5
110	30	0.385
110	31	0
110	32	0
110	33	0
110	34	0
110	35	0
110	36	0
110	37	0
110	38	0
110	39	0
110	40	0
110	41	0
110	42	0
110	43	0
110	44	0
110	45	0
110	46	0
110	47	0
110	48	0
110	49	0
110	50	0
110	51	0
110	52	0.1
110	53	0
110	54	0
110	55	0
110	56	0
110	57	0.167
111	0	0.25
111	1	0.34
111	2	0.304
111	3	0.294
111	4	0.261
111	5	0.538
111	6	0.071
111	7	0
111	8	0
111	9	0.2
111	10	0.25
111	11	0
111	12	0
111	13	0
111	14	0
111	15	0
111	17	0
111	18	0
111	19	0
111	20	0
111	21	0
111	22	0
111	23	0
111	24	0.143
111	25	0
111	26	0
111	27	0
111	29	0
111	30	0
111	31	0
111	32	0
111	33	0
111	34	0
111	35	0
111	36	0
111	37	0
111	38	0
111	39	0
111	40	0
111	41	0
111	42	0
111	43	0
111	44	0
111	45	0
111	46	0
111	47	0.143
111	48	0.071
111	49	0
111	50	0
111	51	0
111	52	0
111	53	0
111	54	0
111	55	0
111	56	0.1
111	57	0
112	0	0.053
112	1	0.136
112	2	0.143
112	3	0
112	4	0.1
112	5	0
112	6	0.111
112	7	0.364
112	8	0.333
112	9	0.308
112	10	0.526
112	11	0.447
112	12	0.611
112	13	0.458
112	14	0.444
112	15	0.273
112	16	0
112	17	0.222
112	18	0
112	19	0.2
112	20	0.222
112	21	0.5
112	22	0.385
112	23	0.6
112	24	0.425
112	25	0.318
112	26	0.056
112	27	0.5
112	28	0.111
112	29	0
112	30	0.273
112	31	0.333
112	32	0
112	33	0
112	34	0
112	35	0
112	36	0
112	37	0
112	38	0
112	39	0
112	41	0
112	42	0
112	43	0
112	44	0
112	45	0
112	46	0
112	47	0
112	48	0
112	49	0
112	50	0
112	51	0
112	52	0
112	53	0
112	54	0
112	55	0
112	56	0
112	57	0
113	12	0.083
113	13	0.059
113	14	0.056
113	15	0
113	16	0
113	17	0
113	18	0
113	19	0
113	20	0.143
113	21	0
113	22	0.083
113	23	0
113	24	0.192
113	25	0.071
113	26	0
113	27	0
113	28	0
113	29	0
113	30	0
113	31	0.077
113	32	0
113	33	0
113	34	0
113	35	0
113	36	0
113	37	0
113	38	0
113	39	0
113	40	0
113	41	0
113	42	0
113	43	0
113	44	0
113	45	0
113	46	0
113	47	0.056
113	48	0
113	49	0
113	50	0
113	51	0
113	52	0
113	53	0
113	54	0
113	55	0
113	56	0
113	57	0.027
114	0	0.306
114	1	0.621
114	2	0.5
114	3	0.375
114	4	0.364
114	5	0.444
114	6	0.375
114	7	0.4
114	8	0.333
114	9	0.6
114	10	0.444
114	11	0.5
114	12	0.417
114	13	0.556
114	14	0.5
114	15	0.4
114	16	0.2
114	17	0.111
114	18	0.6
114	19	0.25
114	20	1
114	22	0.5
114	24	0.75
114	25	0
114	26	0
114	27	0
114	30	0
114	31	0
114	32	0
114	33	0
114	35	0
114	36	0
114	37	0
114	39	0
114	40	0
114	41	0
114	42	0
114	43	0
114	44	0
114	45	0
114	46	0
114	47	0
114	48	0
114	49	0
114	50	0.091
114	51	0.167
114	52	0
114	53	0.235
114	54	0
114	55	0.333
114	56	0
114	57	0.24
115	0	0
115	1	0
115	2	0
115	3	0
115	4	0
115	5	0
115	6	0
115	7	0
115	8	0
115	10	0
115	11	0
115	12	0
115	13	0.095
115	14	0.111
115	15	0.167
115	17	0
115	18	0
115	19	0.4
115	20	0.3
115	21	0.25
115	22	0.304
115	23	0.429
115	24	0.447
115	25	0.214
115	26	0.143
115	27	0
115	28	0.125
115	29	0.111
115	30	0.381
115	31	0.304
115	32	0
115	33	0
115	34	0
115	35	0
115	36	0
115	37	0
115	38	0
115	39	0
115	40	0
115	41	0
115	42	0
115	43	0
115	44	0
115	45	0
115	46	0
115	47	0
115	48	0
115	49	0
115	50	0
115	51	0
115	52	0
116	0	0.381
116	1	0.312
116	2	0.231
116	3	0.091
116	4	0
116	5	0.1
116	6	0.2
116	7	0
116	8	0
116	9	0.333
116	10	0.364
116	11	0.133
116	12	0.2
116	13	0.353
116	14	0.5
116	38	0
116	39	0
116	40	0
116	41	0
116	42	0
116	43	0
116	44	0
116	45	0
116	46	0
116	47	0
116	48	0
116	49	0
116	50	0
116	51	0.1
116	52	0
116	53	0
116	54	0
116	55	0
116	56	0
116	57	0.053
117	0	0.167
117	1	0.429
117	2	0.25
117	3	0.286
117	4	0.375
117	5	0.5
117	6	0.5
117	7	0.25
117	9	0
117	10	0.143
117	11	0.5
117	12	0.25
117	13	0.182
117	14	0.2
117	15	0.333
117	16	0.5
117	17	0.083
117	18	0.5
117	19	0.1
117	20	0.333
117	21	0.75
117	22	0.273
117	23	0.667
117	24	0.484
117	25	0.15
117	26	0
117	27	0
117	28	0
117	29	0
117	30	0.1
117	31	0.211
117	32	0
117	33	0
117	34	0
117	35	0
117	36	0
117	37	0
117	38	0
117	39	0
117	40	0
117	41	0
117	42	0
117	43	0
117	44	0
117	45	0
117	46	0
117	47	0
117	48	0
117	49	0
117	50	0
117	51	0
117	52	0
117	57	0.065
118	0	0.575
118	1	0.583
118	2	0.182
118	3	0
118	4	0
118	5	0
118	6	0
118	7	0
118	8	0
118	9	0.333
118	10	0.333
118	11	0.167
118	12	0.4
118	13	0.111
118	14	0.167
118	15	0.5
118	16	1
118	17	0.2
118	18	0.5
118	19	0
118	20	0
118	21	0
118	22	0.143
118	23	0.333
118	24	0.5
118	25	0
118	27	0
118	31	0
118	33	0
118	35	0
118	36	0
118	37	0
118	38	0
118	39	0
118	40	0
118	41	0
118	42	0
118	43	0
118	44	0
118	45	0
118	46	0
118	47	0
118	48	0.333
118	49	0
118	50	0
118	51	0
118	52	0
118	53	0
118	54	0
118	55	0
118	56	0
118	57	0.09
119	0	0.35
119	1	0.375
119	2	0.217
119	3	0.111
119	4	0.125
119	5	0
119	6	0.154
119	7	0
119	8	0
119	9	0.091
119	10	0.111
119	11	0.107
119	12	0.19
119	13	0.333
119	14	0.4
119	15	0.154
119	16	0
119	17	0.5
119	18	0.25
119	19	0.75
119	20	0.333
119	21	0.6
119	22	0.7
119	23	0.833
119	24	0.538
119	25	0
119	26	0
119	28	0
119	29	0
119	30	0
119	31	0
119	32	0
119	33	0
119	34	0
119	35	0
119	36	0
119	37	0
119	38	0
119	39	0
119	40	0
119	42	0
119	43	0
119	44	0
119	45	0
119	46	0
119	47	0
119	48	0.25
119	49	0
119	50	0
119	51	0
119	52	0
119	53	0
119	54	0
119	55	0
119	56	0
119	57	0
120	15	0
120	16	0
120	17	0.167
120	18	0
120	19	0
120	20	0
120	21	0
120	22	0
120	24	0.13
120	25	0
120	26	0
120	27	0
120	28	0
120	29	0.375
120	30	0.368
120	31	0.192
120	32	0
120	33	0
120	34	0
120	35	0
120	36	0
120	37	0
120	38	0
120	39	0
120	40	0
120	41	0
120	42	0
120	43	0
120	44	0
120	45	0
120	46	0
120	47	0.125
120	48	0.25
120	49	0
120	50	0
120	51	0
120	52	0
120	53	0.091
120	54	0
120	55	0
120	56	0.5
120	57	0
121	0	0.512
121	1	0.774
121	2	0.588
121	3	0.5
121	4	0.227
121	5	0.444
121	6	0.3
121	7	0.333
121	8	0.333
121	9	0.444
121	10	0.619
121	11	0.545
121	12	0.667
121	13	0.571
121	14	0.667
121	15	0.333
121	16	0
121	17	0
121	18	0.6
121	19	0.375
121	20	0.5
121	21	0.667
121	22	0.455
121	23	0.5
121	24	0.7
121	25	0
121	26	0
121	27	0
121	28	0
121	50	0
121	51	0
121	52	0
121	53	0.111
121	54	0.333
121	55	0.091
121	56	0.2
121	57	0.081
122	0	0.667
122	1	0.824
122	2	0.4
122	3	0.333
122	4	0.429
122	5	0.5
122	6	0
122	7	0.6
122	8	0
122	9	0
122	11	0.833
122	12	0.333
122	13	0.556
122	14	0.444
122	15	0
122	16	0
122	17	0
122	18	0.5
122	19	0.2
122	20	0.333
122	21	0.571
122	22	0.571
122	23	0.75
122	24	0.767
122	25	0.2
122	26	0.143
122	27	0
122	28	0
122	29	0
122	30	0.182
122	31	0.176
122	32	0.143
122	33	0
122	34	0
122	35	0
122	36	0
122	37	0
122	38	0
122	39	0
122	40	0
122	41	0
122	42	0
122	43	0
122	44	0
122	45	0
122	46	0
122	47	0.333
122	48	0.571
122	49	0
122	50	0
122	51	0
122	52	0
122	53	0
122	54	0
122	55	0
122	56	0.6
122	57	0.429
123	0	0.8
123	1	0
123	2	0
123	3	0
123	5	0
123	7	0
123	9	0
123	10	0.5
123	11	0.375
123	12	0
123	13	0.4
123	14	0.571
123	15	0.2
123	17	0
123	18	0.333
123	19	0.333
123	20	0.5
123	21	0
123	22	0.286
123	23	0.667
123	24	0.417
123	25	0.222
123	26	0.2
123	28	0.333
123	29	0
123	30	0
123	31	0.167
123	32	0
123	33	0.143
123	34	0.1
123	35	0.083
123	36	0.091
123	37	0.176
123	38	0.053
123	39	0.133
123	40	0
123	41	0.077
123	42	0.182
123	43	0.143
123	44	0.077
123	45	0.154
123	46	0.188
123	47	0.143
123	48	0.214
123	49	0
123	50	0.059
123	51	0
123	52	0.167
123	53	0.154
123	54	0.083
123	55	0.154
123	56	0.111
123	57	0.25
124	0	0.282
124	1	0.405
124	2	0.256
124	3	0.259
124	4	0.185
124	5	0.333
124	6	0.25
124	7	0.118
124	8	0
124	9	0
124	10	0.222
124	11	0.111
124	12	0.067
124	13	0.269
124	14	0
124	15	0
124	18	0
124	19	0
124	21	0
124	22	0
124	23	0
124	24	0
124	25	1
124	26	0.25
124	30	0.333
124	31	0.667
124	32	1
124	33	0
124	34	0.5
124	35	0.5
124	37	0.333
124	38	0
124	39	0
124	40	0.5
124	42	0.333
124	43	0
124	44	0.5
124	46	0
124	47	0
124	48	0
124	49	0
124	50	0
124	51	0
124	52	0
124	53	0.5
124	54	0
124	55	0
124	56	0
124	57	0.25
125	7	0.5
125	8	0.25
125	9	0.438
125	10	0.394
125	11	0.321
125	12	0.35
125	13	0.355
125	14	0.321
125	15	0.333
125	16	0.5
125	17	0
125	18	0.333
125	19	0
125	20	0
125	21	0
125	22	0.143
125	23	0
125	24	0.3
125	25	0
125	26	0
125	27	0
125	28	0
125	29	0
125	30	0
125	31	0
125	32	0
125	33	0
125	34	0
125	35	0
125	36	0
125	37	0
125	38	0
125	39	0
125	40	0
125	41	0
125	42	0
125	43	0
125	44	0
125	45	0
125	46	0
125	47	0
126	0	0.269
126	1	0.259
126	2	0.182
126	3	0.154
126	4	0.111
126	5	0.091
126	6	0
126	7	0.091
126	8	0.5
126	9	0.2
126	10	0.143
126	11	0.2
126	12	0.182
126	13	0.4
126	14	0.167
126	17	0.333
126	18	0
126	19	0.3
126	20	0.143
126	21	0.333
126	22	0.522
126	23	0.7
126	24	0.551
126	25	0.148
126	26	0.111
126	27	0
126	28	0
126	29	0
126	47	0
126	48	0
126	49	0.167
126	50	0
126	51	0.083
126	52	0
126	53	0.091
126	54	0.143
126	55	0.1
126	56	0
126	57	0
127	14	0.625
127	15	0.2
127	16	0.333
127	17	0.25
127	18	0
127	19	0
127	20	0.333
127	21	0
127	22	0.333
127	23	0.333
127	24	0.474
127	25	0.133
127	26	0
127	27	0
127	28	1
127	29	0
127	30	0.242
127	31	0.114
127	32	0.097
127	33	0.065
127	34	0.08
127	35	0.087
127	36	0.059
127	37	0.088
127	38	0
127	39	0.167
127	40	0
127	41	0.125
127	42	0
127	43	0
127	44	0.111
127	45	0
127	46	0
127	47	0
128	0	0
128	1	0
128	2	0
128	3	0
128	4	0
128	5	0
128	6	0
128	7	0
128	8	0
128	9	0
128	10	0
128	11	0
128	12	0
128	13	0
128	14	0
128	38	0.143
128	39	0.067
128	40	0.125
128	41	0
128	42	0.2
128	43	0.154
128	44	0
128	45	0.2
128	46	0.111
128	47	0.071
128	48	0.048
128	49	0
128	50	0
128	51	0
128	52	0
128	53	0.071
128	54	0
128	55	0
128	56	0
128	57	0.27
129	0	0.545
129	1	0.5
129	14	0
129	15	0
129	17	0
129	18	0
129	19	0
129	20	0
129	21	0
129	22	0
129	23	0
129	24	0
129	25	0
129	26	0
129	27	0
129	28	0
129	29	0
129	30	0
129	31	0
129	32	0
129	33	0
129	34	0
129	35	0
129	36	0
129	37	0
129	38	0
129	39	0
129	40	0
129	41	0
129	42	0
129	43	0
129	44	0
129	45	0
129	46	0
129	47	0
129	48	0
129	49	0
129	50	0
129	51	0.048
129	52	0.105
129	53	0.043
129	54	0.133
129	55	0.045
129	56	0.091
129	57	0.085
130	0	0.146
130	1	0.111
130	2	0.091
130	3	0.08
130	4	0.188
130	5	0.167
130	6	0.077
130	7	0
130	8	0
130	9	0.25
130	10	0.444
130	11	0.375
130	12	0.333
130	13	0.556
130	14	0.75
130	15	0.286
130	16	1
130	17	0.6
130	18	0
130	19	0
130	20	0.333
130	21	0
130	22	0.429
130	23	0.75
130	24	0.625
130	25	0.444
130	26	0.5
130	27	0
130	29	0.75
130	30	0.875
130	31	0.5
130	32	0
130	33	0
130	34	0
130	35	0
130	37	0
130	38	0
130	39	0
130	40	0
130	42	0
130	44	0
130	45	0
130	46	0
130	47	0
130	49	0
130	50	0
130	51	0
130	53	0
130	55	0
130	57	0
131	0	1
131	1	0.857
131	2	0
131	3	0
131	4	0
131	5	0
131	6	0
131	7	0.5
131	10	0.25
131	11	0.261
131	12	0.409
131	13	0.138
131	14	0.167
131	15	0.111
131	16	0
131	17	0
131	18	0.333
131	19	0.1
131	20	0
131	21	0.286
131	22	0.167
131	23	0.333
131	24	0.387
131	25	0.158
131	26	0.062
131	27	0
131	28	0
131	29	0
131	30	0.25
131	33	0
131	34	0
131	35	0
131	36	0
131	37	0
131	38	0
131	39	0
131	40	0
131	41	0
131	42	0
131	43	0
131	44	0
131	45	0
131	46	0
131	47	0
131	48	0.333
131	49	0
131	50	0
131	51	0
131	52	0
131	53	0
131	54	0
131	55	0
131	56	0
131	57	0
132	0	0.464
132	1	0.525
132	2	0.385
132	13	0.5
132	14	1
132	17	0
132	19	0
132	20	0
132	21	0
132	22	0.333
132	23	0.667
132	24	0.8
132	25	0.667
132	26	0.333
132	28	1
132	29	0
132	30	0.429
132	31	0.286
132	32	0
132	33	0
132	34	0
132	35	0
132	36	0
132	37	0
132	38	0
132	39	0
132	40	0
132	41	0
132	42	0
132	43	0
132	44	0
132	45	0
132	46	0
132	47	0.056
132	48	0.071
132	49	0
132	50	0
132	51	0
132	52	0
132	53	0
132	54	0
132	55	0
132	56	0
132	57	0
133	0	0.429
133	1	0.2
133	2	0.25
133	3	0.348
133	4	0.267
133	5	0.167
133	6	0.071
133	7	0.143
133	8	0.182
133	9	0.412
133	10	0.459
133	11	0.462
133	12	0.481
133	13	0.308
133	14	0.5
133	15	0.25
133	16	1
133	17	0.333
133	18	1
133	51	0
133	52	0
133	53	0
133	54	0
133	55	0
133	56	0.143
133	57	0.246
134	0	1
134	1	1
134	2	1
134	3	1
134	4	0
134	5	0
134	7	0
134	9	0
134	10	0
134	11	1
134	12	0.5
134	13	0.762
134	14	0.688
134	15	0.533
134	16	0
134	17	0.1
134	18	0.25
134	19	0.417
134	20	0.4
134	21	0.143
134	22	0.414
134	23	0.538
134	24	0.64
134	25	0.053
134	26	0
134	27	0
134	28	0
134	30	0.167
134	31	0.111
134	32	0
134	33	0
134	34	0
134	35	0
134	36	0
134	37	0
134	38	0
134	39	0
134	40	0
134	41	0
134	42	0
134	43	0
134	44	0
134	45	0
134	46	0
134	47	0.111
134	48	0
134	49	0
134	50	0
134	51	0
134	52	0
134	53	0
134	54	0
134	55	0
134	56	0
134	57	0.118
135	0	0.057
135	1	0.067
135	2	0.059
135	3	0.071
135	4	0.083
135	5	0.167
135	6	0
135	7	0.125
135	8	0
135	9	0
135	10	0.083
135	11	0.115
135	12	0.111
135	13	0.208
135	14	0.118
135	15	0.1
135	16	0
135	17	0
135	25	0.154
135	26	0.167
135	27	0
135	28	0
135	29	0.667
135	30	0.633
135	31	0.214
135	32	0
135	33	0
135	34	0
135	35	0
135	54	0
135	55	0
135	57	0.111
136	17	0.333
136	18	0
136	19	0
136	20	0
136	21	0
136	22	0.167
136	23	0.333
136	24	0.226
136	25	0.056
136	26	0.091
136	27	0
136	28	0
136	29	0
136	30	0
136	31	0.053
136	32	0
136	33	0
136	34	0
136	35	0
136	36	0
136	37	0
136	38	0
136	39	0
136	40	0
136	41	0
136	42	0
136	43	0
136	44	0
136	45	0
136	46	0
136	47	0
136	48	0
137	0	0.5
137	1	0.5
137	2	0.25
137	42	0
137	43	0
137	44	0
137	45	0
137	46	0
137	47	0
137	48	0.062
137	49	0
137	50	0
137	51	0
137	52	0
137	53	0
137	54	0
137	55	0
137	56	0.125
137	57	0.009
138	0	0.182
138	1	0.25
138	2	0.111
138	3	0.214
138	4	0.214
138	5	0.111
138	6	0.333
138	7	0.231
138	8	0.667
138	9	0.263
138	10	0.438
138	11	0.269
138	12	0.385
138	13	0.298
138	14	0.412
138	15	0.176
138	17	0.333
138	18	0.167
138	19	0.125
138	20	0
138	21	0.25
138	22	0.158
138	23	0.286
138	24	0.375
138	25	0.261
138	26	0.167
138	27	0
138	28	0
138	29	1
138	30	0
138	31	0
138	32	0
138	33	0
138	57	0.286
139	0	0.609
139	1	0.52
139	2	1
139	3	0.75
139	4	0.5
139	5	0.667
139	6	1
139	7	0.667
139	29	0
139	30	0.533
139	31	0.5
139	32	0
139	33	0
139	34	0
139	35	0
139	36	0
139	37	0
139	38	0
139	39	0
139	40	0
139	41	0
139	42	0
139	43	0
139	44	0
139	45	0
139	46	0
139	47	0
139	48	0
139	49	0
139	50	0
139	51	0
139	52	0
139	53	0
139	54	0
139	55	0
139	56	0
139	57	0.226
140	0	0.071
140	1	0.067
140	2	0.412
140	3	0.154
140	4	0.154
140	5	0.111
140	6	0
140	7	0.111
140	8	0.6
140	9	0.75
140	10	0.688
140	11	0.444
140	12	0.429
140	13	0.389
140	14	0.214
140	15	0.3
140	16	1
140	17	0.083
140	18	0
140	19	0.125
140	20	0.25
140	21	0
140	22	0.222
140	23	0.75
140	24	0.538
140	25	0
140	26	0
140	28	0
140	31	0
140	32	0
140	33	0
140	34	0
140	35	0
140	36	0
140	37	0
140	38	0
140	39	0
140	40	0
140	41	0
140	42	0
140	43	0
140	44	0
140	45	0
140	46	0
140	47	0.167
140	48	0.2
140	49	0
140	50	0
140	51	0.25
140	52	0
140	53	0
140	54	0
140	55	0
140	56	0
140	57	0.2
141	0	0.571
141	7	0
141	9	0
141	10	0
141	11	0
141	12	0.333
141	13	0.143
141	14	0.2
141	15	0
141	17	0.25
141	18	0.667
141	19	0
141	20	0.333
141	21	0
141	22	0.2
141	23	0.667
141	24	0.529
141	25	0
141	26	0
141	27	0
141	28	0.25
141	29	0.571
141	30	0.286
141	31	0
141	32	0
141	33	0
141	34	0
141	35	0
141	36	0
141	37	0
141	38	0
141	39	0
141	40	0
141	41	0
141	42	0
141	43	0
141	44	0
141	45	0
141	46	0
141	47	0.6
141	48	0
141	49	0.25
141	50	0
141	51	0
141	52	0
141	53	0
141	54	0
141	55	0
141	56	0.5
141	57	0.388
142	0	0.412
142	1	0.632
142	2	0.714
142	3	0.5
142	4	0.2
142	5	0.333
142	6	0.25
142	7	0.333
142	9	0.4
142	10	0.273
142	11	0.6
142	12	0.4
142	13	0.4
142	14	0.2
142	15	0.2
142	16	0
142	17	0
142	18	0.333
142	19	0.2
142	20	0
142	21	0.167
142	22	0.25
142	23	0
142	24	0.435
142	25	0.077
142	26	0.091
142	27	0
142	28	0.25
142	29	0
142	30	0
142	31	0
142	32	0
142	33	0
142	43	0
142	44	0
142	45	0
142	46	0
142	47	0
142	48	0
142	49	0
142	50	0
142	51	0
142	52	0
142	53	0
142	54	0
142	55	0
142	56	0
142	57	0.048
143	0	0.143
143	1	0.414
143	2	0.5
143	3	0.125
143	4	0.3
143	5	0.111
143	6	0.286
143	7	0.333
143	8	0.625
143	9	0.25
143	10	0.333
143	34	0
143	35	0
143	36	0
143	37	0
143	38	0
143	39	0
143	40	0
143	41	0
143	42	0
143	43	0
143	44	0
143	45	0
143	46	0
143	47	0.067
143	48	0.125
143	49	0
143	50	0
143	51	0
143	52	0
143	53	0
143	54	0
143	55	0
143	56	0.167
143	57	0
