"time"	"distance"	"value"
36	0	0
36	1	0
36	2	0
36	3	0
36	4	0
36	5	0
36	6	0
36	7	0
36	8	0
36	9	0
36	10	0
36	11	0
36	12	0
36	13	0
36	14	0
36	15	0
36	16	0
36	17	0
36	18	0
36	19	0
36	20	0
36	21	0
36	22	0
36	24	0
36	25	0
36	26	0
36	27	0
36	28	0
36	29	0
36	30	0
36	31	0
36	32	0
36	33	0
36	34	0
36	35	0
36	36	0
36	37	0.2
36	38	0.147
36	39	0.021
36	40	0.1
36	41	0.077
36	42	0
36	43	0
36	44	0
36	45	0
36	46	0.1
36	47	0.03
36	48	0
36	49	0
36	50	0
36	51	0
36	52	0
36	53	0.07
36	54	0.125
36	55	0.182
36	56	0
36	57	0.1
36	58	0.059
36	59	0.2
36	60	0.108
36	61	0
36	62	0
36	63	0.091
36	64	0.118
36	65	0.133
36	66	0.154
36	67	0.182
36	68	0.091
36	69	0
36	70	0.091
36	71	0.1
36	72	0.105
36	73	0.1
36	74	0.28
36	75	0.259
36	76	0.391
36	77	0.481
36	78	0.436
36	79	0.393
36	80	0.439
37	0	0
37	1	0
37	2	0
37	3	0
37	4	0
37	5	0
37	6	0
37	7	0
37	8	0
37	9	0
37	10	0
37	11	0
37	12	0
37	13	0
37	14	0
37	15	0
37	16	0
37	17	0
37	18	0
37	19	0
37	20	0
37	21	0
37	22	0
37	23	0
37	24	0
37	25	0
37	26	0
37	27	0
37	28	0
37	29	0
37	30	0
37	31	0
37	32	0
37	33	0
37	34	0
37	35	0
37	36	0
37	37	0.2
37	38	0.147
37	39	0
37	40	0
37	41	0
37	42	0
37	43	0
37	44	0
37	45	0
37	46	0
37	47	0
37	48	0
37	49	0
37	50	0
37	51	0
37	52	0.026
37	53	0.153
37	54	0.286
37	55	0.176
37	56	0.273
37	57	0.211
37	58	0.176
37	59	0.267
37	60	0.286
37	61	0
37	62	0
37	63	0.125
37	64	0.211
37	65	0.258
37	66	0.342
37	67	0.333
37	68	0.304
37	69	0
37	70	0.316
37	71	0.304
37	72	0.278
37	73	0.304
37	74	0.269
37	75	0.433
37	76	0.526
37	77	0.429
37	78	0.508
37	79	0.377
37	80	0.39
38	0	0
38	1	0
38	2	0
38	3	0
38	4	0
38	5	0
38	6	0
38	7	0
38	8	0
38	9	0
38	10	0
38	11	0
38	12	0
38	13	0
38	14	0
38	15	0
38	16	0
38	17	0
38	18	0
38	19	0
38	20	0
38	21	0
38	22	0
38	23	0
38	24	0
38	25	0
38	26	0
38	27	0
38	28	0
38	29	0
38	30	0
38	32	0
38	33	0
38	34	0
38	35	0
38	36	0
38	37	0.231
38	38	0.088
38	39	0
38	40	0
38	41	0
38	42	0
38	43	0
38	44	0
38	45	0
38	46	0
38	47	0
38	48	0
38	49	0
38	50	0
38	51	0
38	52	0
38	53	0.032
38	54	0.176
38	55	0
38	56	0
38	57	0
38	58	0.1
38	59	0
38	60	0.053
38	61	0
38	62	0.5
38	63	0
38	64	0.179
38	65	0.067
38	66	0.238
38	67	0.118
38	68	0.167
38	69	0
38	70	0.111
38	71	0.25
38	72	0.222
38	73	0.231
38	74	0.231
38	75	0.071
38	76	0.176
38	77	0.182
38	78	0.192
38	79	0.171
38	80	0.19
39	0	0
39	1	0
39	2	0
39	3	0
39	4	0
39	5	0
39	6	0
39	7	0
39	8	0
39	9	0
39	10	0
39	12	0
39	13	0
39	14	0
39	15	0
39	16	0
39	17	0
39	18	0
39	19	0
39	20	0
39	21	0
39	22	0
39	23	0
39	25	0
39	26	0
39	27	0
39	29	0
39	30	0
39	31	0
39	32	0
39	33	0
39	34	0
39	35	0
39	36	0
39	37	0.222
39	38	0.385
39	39	0
39	40	0
39	41	0
39	42	0
39	43	0
39	44	0
39	45	0
39	46	0
39	47	0
39	48	0
39	49	0
39	50	0
39	51	0
39	52	0
39	53	0.15
39	54	0
39	55	0
39	56	0
39	57	0.167
39	58	0
39	59	0
39	60	0
39	62	0
39	63	0
39	64	0.071
39	65	0
39	66	0.167
39	67	0
39	68	0.111
39	69	0
39	70	0
39	71	0.125
39	72	0.2
39	73	0.5
39	74	0
39	75	0.5
39	76	0.375
39	77	0.5
39	78	0.667
39	79	0.368
39	80	0.625
40	0	0
40	1	0
40	2	0
40	3	0
40	4	0
40	5	0
40	6	0
40	7	0
40	8	0
40	9	0
40	10	0
40	11	0
40	12	0
40	13	0
40	14	0
40	15	0
40	16	0
40	17	0
40	18	0
40	19	0
40	20	0
40	21	0
40	22	0
40	23	0
40	24	0
40	25	0
40	26	0
40	27	0
40	28	0
40	29	0
40	30	0
40	31	0
40	32	0
40	33	0
40	34	0
40	35	0
40	36	0
40	37	0.182
40	38	0.19
40	39	0
40	40	0
40	41	0
40	42	0
40	43	0
40	44	0
40	45	0
40	46	0
40	47	0
40	48	0
40	49	0.075
40	50	0
40	51	0
40	52	0
40	53	0.167
40	54	0.059
40	55	0.273
40	56	0
40	57	0.167
40	58	0.167
40	59	0
40	60	0.278
40	61	0.5
40	62	0.5
40	63	0.182
40	64	0.261
40	65	0.294
40	66	0.526
40	67	0.4
40	68	0.111
40	69	0.2
40	70	0.364
40	71	0.286
40	72	0.167
40	73	0.2
40	74	0.607
40	75	0.579
40	76	0.6
40	77	0.261
40	78	0.44
40	79	0.467
40	80	0.562
41	0	0
41	1	0
41	2	0
41	3	0
41	4	0
41	5	0
41	6	0
41	7	0
41	8	0
41	9	0
41	10	0
41	11	0
41	12	0
41	13	0
41	14	0
41	15	0
41	16	0
41	17	0
41	18	0
41	19	0
41	20	0
41	21	0
41	22	0
41	23	0
41	24	0
41	25	0
41	26	0
41	27	0
41	28	0
41	29	0
41	30	0
41	31	0
41	32	0
41	33	0
41	34	0
41	35	0
41	36	0
41	37	0.25
41	38	0.038
41	39	0
41	40	0
41	41	0
41	42	0
41	43	0
41	44	0
41	45	0
41	46	0
41	47	0
41	48	0
41	49	0.062
41	50	0.024
41	51	0
41	52	0
41	53	0.098
41	54	0.077
41	55	0.043
41	56	0
41	57	0.038
41	58	0.043
41	59	0
41	60	0.129
41	61	0.25
41	62	0.364
41	63	0
41	64	0.026
41	65	0.071
41	66	0.081
41	67	0.04
41	68	0.125
41	69	0.091
41	70	0.1
41	71	0.045
41	72	0.133
41	73	0.043
41	74	0.312
41	75	0.2
41	76	0.24
41	77	0.237
41	78	0.267
41	79	0.157
41	80	0.133
42	0	0
42	1	0
42	2	0
42	3	0
42	4	0
42	5	0
42	6	0
42	7	0
42	8	0
42	9	0
42	10	0
42	11	0
42	12	0
42	13	0
42	14	0
42	15	0
42	16	0
42	17	0
42	18	0
42	19	0
42	20	0
42	21	0
42	22	0
42	23	0
42	24	0
42	25	0
42	26	0
42	27	0
42	28	0
42	29	0
42	30	0
42	31	0
42	32	0
42	33	0
42	34	0
42	35	0
42	36	0
42	37	0.25
42	38	0.16
42	39	0.021
42	40	0
42	41	0
42	42	0
42	43	0
42	44	0
42	45	0
42	46	0
42	47	0
42	48	0
42	49	0
42	50	0
42	51	0
42	52	0
42	53	0.035
42	54	0
42	55	0
42	56	0
42	57	0
42	58	0
42	59	0.067
42	60	0
42	61	0
42	62	0
42	63	0
42	64	0.053
42	65	0.038
42	66	0.026
42	67	0.091
42	68	0
42	69	0
42	70	0.05
42	71	0.083
42	72	0.05
42	73	0.043
42	74	0
42	75	0.12
42	76	0.158
42	77	0.226
42	78	0.077
42	79	0.06
42	80	0.194
43	0	0
43	1	0
43	2	0
43	3	0
43	5	0
43	6	0
43	7	0
43	8	0
43	9	0
43	10	0
43	11	0
43	12	0
43	13	0
43	14	0
43	15	0
43	16	0
43	17	0
43	18	0
43	19	0
43	20	0
43	21	0
43	22	0
43	23	0
43	24	0
43	25	0
43	26	0
43	27	0
43	28	0
43	30	0
43	32	0
43	33	0
43	34	0
43	35	0
43	36	0
43	37	0.167
43	38	0
43	39	0
43	40	0
43	41	0
43	42	0
43	43	0
43	44	0
43	45	0
43	46	0
43	47	0
43	48	0
43	49	0
43	50	0
43	51	0
43	52	0
43	53	0.364
43	54	0.2
43	55	0.75
43	56	0
43	57	0.333
43	58	0
43	59	0.333
43	60	0.333
43	63	0
43	64	0.286
43	65	0.571
43	66	0
43	67	0.25
43	68	0
43	69	0.25
43	70	0.333
43	71	0.5
43	72	0
43	73	0.667
43	74	0.5
43	75	0.6
43	76	0.5
43	77	0.4
43	78	0.364
43	79	0.4
43	80	0.125
44	0	0
44	1	0
44	2	0
44	3	0
44	4	0
44	5	0
44	6	0
44	7	0
44	8	0
44	9	0
44	10	0
44	11	0
44	12	0
44	13	0
44	14	0
44	15	0
44	16	0
44	17	0
44	18	0
44	19	0
44	20	0
44	21	0
44	22	0
44	23	0
44	24	0
44	25	0
44	26	0
44	27	0
44	28	0
44	29	0
44	30	0
44	31	0
44	32	0
44	33	0
44	34	0
44	35	0
44	36	0
44	37	0.071
44	38	0.081
44	39	0.023
44	40	0
44	41	0
44	42	0
44	43	0
44	44	0.045
44	45	0.059
44	46	0.077
44	47	0.081
44	48	0.091
44	49	0.087
44	50	0.179
44	51	0.303
44	52	0.163
44	53	0.259
44	54	0.148
44	55	0.133
44	56	0
44	57	0.143
44	58	0.091
44	59	0.1
44	60	0.176
44	61	0
44	62	0
44	63	0
44	64	0.077
44	65	0.138
44	66	0.167
44	67	0.143
44	68	0
44	69	0
44	70	0.077
44	71	0.118
44	72	0.118
44	73	0.154
44	74	0.115
44	75	0.345
44	76	0.481
44	77	0.357
44	78	0.397
44	79	0.373
44	80	0.341
45	0	0
45	1	0
45	2	0
45	3	0
45	4	0
45	5	0
45	6	0
45	7	0
45	8	0
45	9	0
45	10	0
45	11	0
45	12	0
45	13	0
45	14	0
45	15	0
45	16	0
45	17	0
45	18	0
45	19	0
45	20	0
45	21	0
45	22	0
45	23	0
45	24	0
45	25	0
45	26	0
45	27	0
45	28	0
45	29	0
45	30	0
45	32	0
45	33	0
45	34	0
45	35	0
45	36	0
45	37	0.19
45	38	0.053
45	39	0.057
45	40	0
45	41	0
45	42	0
45	43	0.125
45	44	0.087
45	45	0
45	46	0.118
45	47	0.148
45	48	0
45	49	0.188
45	50	0.143
45	51	0.125
45	52	0.174
45	53	0.132
45	54	0.048
45	55	0
45	56	0.167
45	57	0
45	58	0.071
45	59	0
45	60	0.174
45	61	0
45	62	0
45	63	0
45	64	0.19
45	65	0.227
45	66	0.259
45	67	0.263
45	68	0.357
45	69	0.667
45	70	0.25
45	71	0.167
45	72	0.357
45	73	0.462
45	74	0.45
45	75	0.381
45	76	0.526
45	77	0.41
45	78	0.486
45	79	0.409
45	80	0.414
46	0	0
46	1	0
46	2	0
46	3	0
46	4	0
46	5	0
46	6	0
46	7	0
46	8	0
46	9	0
46	10	0
46	11	0
46	12	0
46	13	0
46	14	0
46	15	0
46	16	0
46	17	0
46	18	0
46	19	0
46	20	0
46	21	0
46	22	0
46	23	0
46	24	0
46	25	0
46	26	0
46	27	0
46	28	0
46	29	0
46	30	0
46	31	0
46	32	0
46	33	0
46	34	0
46	35	0
46	36	0
46	37	0.2
46	38	0.1
46	39	0
46	40	0
46	41	0
46	42	0
46	43	0
46	44	0
46	45	0
46	46	0
46	47	0.053
46	48	0
46	49	0
46	50	0
46	51	0
46	52	0
46	53	0.303
46	54	0.2
46	55	0.286
46	56	0
46	57	0.154
46	58	0.1
46	59	0.333
46	60	0.24
46	61	0.667
46	62	0.5
46	63	0.6
46	64	0.4
46	65	0.312
46	66	0.348
46	67	0.182
46	68	0.235
46	69	0.333
46	70	0.182
46	71	0.214
46	72	0.167
46	73	0.083
46	74	0.233
46	75	0.35
46	76	0.091
46	77	0.571
46	78	0.692
46	79	0.722
46	80	0.571
47	0	0
47	1	0
47	2	0
47	3	0
47	4	0
47	5	0
47	6	0
47	7	0
47	8	0
47	9	0
47	10	0
47	11	0
47	12	0
47	13	0
47	14	0
47	15	0
47	16	0
47	17	0
47	18	0
47	19	0
47	20	0.095
47	21	0
47	22	0
47	23	0
47	24	0
47	25	0
47	26	0
47	27	0
47	28	0
47	29	0
47	30	0
47	31	0
47	32	0
47	33	0
47	34	0
47	35	0
47	36	0
47	37	0.176
47	38	0.143
47	39	0.014
47	40	0
47	41	0.059
47	42	0
47	43	0
47	44	0
47	45	0.062
47	46	0.039
47	47	0
47	48	0
47	49	0
47	50	0
47	51	0
47	52	0.033
47	53	0.161
47	54	0.17
47	55	0.074
47	56	0.111
47	57	0.042
47	58	0.115
47	59	0.08
47	60	0.127
47	61	0
47	62	0.2
47	63	0.167
47	64	0.17
47	65	0.31
47	66	0.151
47	67	0.128
47	68	0.12
47	69	0
47	70	0.135
47	71	0.432
47	72	0.174
47	73	0.207
47	74	0.244
47	75	0.182
47	76	0.262
47	77	0.319
47	78	0.318
47	79	0.333
47	80	0.258
48	0	0
48	1	0
48	2	0
48	3	0
48	4	0
48	5	0
48	6	0
48	7	0
48	8	0
48	9	0
48	10	0
48	12	0
48	13	0
48	14	0
48	15	0
48	16	0
48	17	0
48	18	0
48	19	0
48	20	0
48	21	0
48	22	0
48	23	0
48	24	0
48	25	0
48	26	0
48	27	0
48	28	0
48	29	0
48	30	0
48	32	0
48	33	0
48	34	0
48	35	0
48	36	0
48	37	0
48	38	0.071
48	39	0.077
48	40	0
48	41	0
48	42	0
48	43	0.167
48	44	0
48	45	0.2
48	46	0
48	47	0.091
48	48	0
48	49	0.167
48	50	0.154
48	51	0
48	52	0.091
48	53	0
48	54	0.1
48	55	0
48	57	0
48	58	0
48	59	0
48	60	0
48	63	0.25
48	64	0
48	65	0
48	66	0
48	67	0
48	68	0
48	69	0
48	70	0.2
48	71	0.167
48	72	0
48	73	0
48	74	0.25
48	75	0
48	76	0.167
48	77	0.125
48	78	0.154
48	79	0.158
48	80	0.25
49	0	0.094
49	1	0
49	2	0
49	3	0
49	4	0
49	5	0
49	6	0
49	7	0
49	8	0
49	9	0
49	10	0
49	11	0
49	12	0
49	13	0
49	14	0
49	15	0
49	16	0
49	17	0
49	18	0
49	19	0
49	20	0
49	21	0
49	22	0
49	23	0
49	24	0
49	25	0
49	26	0
49	27	0
49	28	0
49	29	0
49	30	0
49	32	0
49	33	0
49	34	0
49	35	0
49	36	0
49	37	0.2
49	38	0.238
49	39	0
49	40	0
49	41	0
49	42	0
49	43	0
49	44	0
49	45	0
49	46	0
49	47	0
49	48	0
49	49	0
49	50	0
49	51	0
49	52	0.071
49	53	0.188
49	54	0.062
49	55	0
49	56	0
49	57	0.2
49	58	0
49	59	0
49	60	0
49	61	0
49	62	0.5
49	64	0
49	65	0
49	66	0.071
49	67	0.167
49	68	0.25
49	70	0
49	71	0.2
49	72	0
49	73	0.2
49	74	0.3
49	75	0.714
49	76	0.4
49	77	0.462
49	78	0.625
49	79	0.857
49	80	0.667
50	0	0
50	1	0
50	2	0
50	3	0
50	4	0
50	5	0
50	6	0
50	7	0
50	8	0
50	9	0
50	10	0
50	11	0
50	12	0
50	13	0
50	14	0
50	15	0
50	16	0
50	17	0
50	18	0
50	19	0
50	20	0
50	21	0
50	22	0
50	23	0
50	24	0
50	25	0
50	26	0
50	27	0
50	28	0
50	29	0
50	30	0
50	31	0
50	32	0
50	33	0
50	34	0
50	35	0
50	36	0
50	37	0.143
50	38	0.231
50	39	0
50	40	0
50	41	0
50	42	0
50	43	0
50	44	0
50	45	0
50	46	0.048
50	47	0.059
50	48	0
50	49	0
50	50	0
50	51	0
50	52	0
50	53	0.211
50	54	0.167
50	55	0
50	56	0
50	57	0
50	58	0.083
50	59	0.2
50	60	0.16
50	63	0
50	64	0.368
50	65	0.4
50	66	0.176
50	67	0.231
50	68	0.143
50	69	0.333
50	70	0.444
50	71	0.375
50	72	0.222
50	73	0.182
50	74	0.3
50	75	0.4
50	76	0.385
50	77	0.316
50	78	0.316
50	79	0.481
50	80	0.5
51	0	0
51	1	0
51	2	0
51	3	0
51	4	0
51	5	0
51	6	0
51	7	0
51	8	0
51	9	0
51	10	0
51	11	0
51	12	0
51	13	0
51	14	0
51	15	0
51	16	0
51	17	0
51	18	0
51	19	0
51	20	0
51	21	0
51	22	0
51	24	0
51	25	0
51	27	0
51	28	0
51	29	0
51	30	0
51	31	0
51	32	0
51	33	0
51	34	0
51	35	0
51	36	0
51	37	0.059
51	38	0.062
51	39	0.042
51	40	0
51	41	0
51	42	0
51	43	0
51	44	0
51	45	0
51	46	0
51	47	0.043
51	48	0
51	49	0
51	50	0
51	51	0
51	52	0
51	53	0.194
51	54	0
51	55	0
51	56	0
51	57	0
51	58	0
51	59	0
51	60	0.053
51	61	0
51	62	0.429
51	63	0.333
51	64	0.095
51	65	0.25
51	66	0.1
51	67	0.077
51	68	0.222
51	69	0.4
51	70	0.188
51	71	0.222
51	72	0.2
51	73	0
51	74	0.167
51	75	0.154
51	76	0.231
51	77	0.25
51	78	0.429
51	79	0.455
51	80	0.3
52	0	0
52	1	0
52	2	0
52	3	0
52	4	0
52	5	0
52	6	0
52	7	0
52	8	0
52	9	0
52	10	0
52	12	0
52	13	0
52	14	0
52	15	0
52	16	0
52	17	0
52	19	0
52	20	0.3
52	21	0
52	22	0
52	23	0
52	24	0
52	25	0
52	26	0
52	27	0
52	28	0
52	29	0
52	30	0
52	31	0
52	32	0
52	33	0
52	34	0
52	35	0
52	36	0
52	37	0
52	38	0.143
52	39	0.043
52	40	0.167
52	41	0.2
52	42	0
52	43	0.167
52	44	0.154
52	45	0
52	46	0.222
52	47	0.143
52	48	0.286
52	49	0.182
52	50	0.235
52	51	0.308
52	52	0.316
52	53	0.364
52	54	0.375
52	55	0.222
52	56	0
52	57	0
52	58	0.222
52	59	0.125
52	60	0.167
52	61	0
52	62	0.333
52	63	0.167
52	64	0.25
52	65	0.083
52	66	0.333
52	67	0.188
52	68	0.111
52	69	0.5
52	70	0.2
52	71	0.375
52	72	0.125
52	73	0.286
52	74	0.333
52	75	0.273
52	76	0.333
52	77	0.429
52	78	0.64
52	79	0.591
52	80	0.471
53	0	0
53	1	0
53	2	0
53	3	0
53	4	0
53	5	0
53	6	0
53	7	0
53	8	0
53	9	0
53	10	0
53	11	0
53	12	0
53	13	0
53	14	0
53	15	0
53	16	0
53	18	0
53	19	0
53	20	0
53	21	0
53	22	0
53	24	0
53	25	0
53	27	0
53	28	0
53	29	0
53	30	0
53	31	0
53	32	0
53	33	0
53	34	0
53	35	0
53	36	0
53	37	0.125
53	38	0
53	39	0.071
53	40	0
53	41	0
53	42	0
53	43	0
53	44	0
53	45	0
53	46	0
53	47	0
53	48	0
53	49	0
53	50	0.182
53	51	0
53	52	0
53	53	0.167
53	54	0.429
53	55	0.2
53	56	0
53	57	0.333
53	58	0.333
53	59	0.25
53	60	0.167
53	61	0.5
53	62	0.4
53	63	0.333
53	64	0.417
53	65	0.5
53	66	0.5
53	67	0.167
53	68	0.6
53	69	1
53	70	0.429
53	71	0.5
53	72	0.5
53	73	0.4
53	74	0.571
53	75	0.429
53	76	0.5
53	77	0.667
53	78	0.769
53	79	0.636
53	80	0.7
54	0	0
54	1	0
54	2	0
54	3	0
54	4	0
54	5	0
54	6	0
54	7	0
54	8	0
54	9	0
54	10	0
54	11	0
54	12	0
54	13	0
54	14	0
54	15	0
54	16	0
54	17	0
54	18	0
54	19	0.2
54	20	0.182
54	21	0
54	22	0
54	23	0
54	24	0
54	25	0
54	27	0
54	28	0
54	29	0
54	30	0
54	31	0
54	32	0
54	33	0
54	34	0
54	35	0
54	36	0
54	37	0.034
54	38	0.125
54	39	0.087
54	40	0
54	41	0
54	42	0.167
54	43	0
54	44	0.077
54	45	0.4
54	46	0.056
54	47	0.118
54	48	0
54	49	0
54	50	0.091
54	51	0.077
54	52	0.059
54	53	0.312
54	54	0.333
54	55	0.111
54	56	0
54	57	0.1
54	58	0.143
54	59	0.2
54	60	0.053
54	61	0
54	62	0
54	63	0
54	64	0.13
54	65	0.182
54	66	0.158
54	67	0.182
54	68	0
54	69	0.333
54	70	0.182
54	71	0.273
54	72	0.5
54	73	0.273
54	74	0.308
54	75	0.308
54	76	0.25
54	77	0.464
54	78	0.381
54	79	0.464
54	80	0.417
55	0	0
55	1	0
55	2	0
55	3	0
55	4	0
55	5	0
55	6	0
55	7	0
55	8	0
55	9	0
55	10	0
55	11	0
55	12	0
55	13	0
55	14	0
55	15	0
55	16	0
55	17	0
55	19	0
55	20	0
55	21	0
55	22	0
55	23	0
55	24	0
55	25	0
55	27	0
55	28	0
55	29	0
55	30	0
55	31	0
55	32	0
55	33	0
55	34	0
55	35	0
55	36	0
55	37	0
55	38	0
55	39	0
55	40	0
55	41	0
55	42	0
55	43	0
55	44	0
55	45	0
55	46	0
55	47	0
55	48	0
55	49	0
55	50	0
55	51	0
55	52	0
55	53	0.16
55	54	0.222
55	55	0.25
55	56	0
55	57	0.222
55	58	0.5
55	59	0.444
55	60	0.312
55	61	0
55	62	0.5
55	63	0.143
55	64	0.3
55	65	0.583
55	66	0.474
55	67	0.455
55	68	0.2
55	69	0.5
55	70	0.167
55	71	0.167
55	72	0.5
55	73	0.286
55	74	0.6
55	75	0.545
55	76	0.429
55	77	0.52
55	78	0.5
55	79	0.455
55	80	0.412
56	0	0
56	1	0
56	2	0
56	3	0
56	4	0
56	5	0
56	6	0
56	7	0
56	9	0
56	10	0
56	11	0
56	12	0
56	13	0
56	14	0
56	15	0
56	16	0
56	17	0
56	18	0
56	19	0
56	20	0
56	21	0
56	22	0
56	24	0
56	25	0
56	26	0
56	27	0
56	28	0
56	29	0
56	30	0
56	32	0
56	33	0
56	34	0
56	35	0
56	36	0
56	37	0.143
56	38	0.125
56	39	0
56	40	0
56	41	0
56	42	0
56	43	0
56	44	0
56	45	0
56	46	0
56	47	0
56	48	0
56	49	0
56	50	0
56	51	0
56	52	0
56	53	0.286
56	54	0.312
56	55	0.375
56	56	0
56	57	0.182
56	58	0.364
56	59	0.2
56	60	0.211
56	61	0
56	62	0
56	63	0
56	64	0.174
56	65	0.2
56	66	0.227
56	67	0.353
56	68	0.267
56	69	0
56	70	0.458
56	71	0.4
56	72	0.4
56	73	0.333
56	74	0.462
56	75	0.5
56	76	0.727
56	77	0.686
56	78	0.656
56	79	0.806
56	80	0.625
57	53	0
57	54	0.226
57	78	1
57	79	0.5
57	80	1
58	0	0
58	1	0
58	2	0
58	3	0
58	4	0
58	5	0
58	6	0
58	7	0
58	8	0
58	9	0
58	10	0
58	11	0
58	12	0
58	13	0
58	14	0
58	15	0
58	16	0
58	17	0
58	18	0
58	19	0
58	20	0
58	21	0
58	22	0
58	23	0
58	24	0
58	25	0
58	26	0
58	27	0
58	28	0
58	29	0
58	30	0
58	31	0
58	32	0
58	33	0
58	34	0
58	35	0
58	36	0
58	37	0.043
58	38	0.029
58	39	0.154
58	40	0
58	41	0.182
58	42	0.077
58	43	0.125
58	44	0.125
58	45	0.368
58	46	0.158
58	47	0.25
58	48	0.091
58	49	0.136
58	50	0.279
58	51	0.25
58	52	0.262
58	53	0.365
58	54	0.4
58	55	0.231
58	56	0.167
58	57	0.312
58	58	0.2
58	59	0.375
58	60	0.417
58	61	0
58	62	0
58	63	0.429
58	64	0.436
58	65	0.529
58	66	0.581
58	67	0.524
58	68	0.286
58	69	0.667
58	70	0.346
58	71	0.471
58	72	0.5
58	73	0.294
58	74	0.4
58	75	0.423
58	76	0.419
58	77	0.509
58	78	0.688
58	79	0.617
58	80	0.692
60	40	0
60	42	0
60	46	0
60	47	0.222
60	53	0
60	54	0.367
60	79	0
60	80	0
61	0	0
61	1	0
61	2	0
61	3	0
61	4	0
61	5	0
61	7	0
61	10	0
61	12	0
61	13	0
61	15	0
61	18	0
61	20	0
61	21	0
61	22	0
61	24	0
61	25	0
61	27	0
61	30	0
61	31	0
61	32	0
61	33	0
61	34	0
61	35	0
61	36	0
61	37	0.333
61	38	0.25
61	39	0
61	40	0
61	41	0
61	42	0
61	44	0
61	45	0
61	46	0
61	47	0
61	48	0
61	49	0
61	50	0
61	51	0.5
61	52	0.333
61	53	0.571
61	54	0.25
61	55	0
61	57	0
61	58	0.667
61	59	0
61	60	0.875
61	64	0.833
61	65	1
61	66	1
61	67	1
61	68	0.667
61	69	0
61	70	1
61	71	1
61	72	0.5
61	73	0.75
61	75	0.6
61	76	1
61	77	1
61	78	0.5
61	79	0.571
61	80	0.2
62	0	0
62	1	0
62	2	0
62	3	0
62	4	0
62	5	0
62	6	0
62	7	0
62	9	0
62	10	0
62	12	0
62	13	0
62	14	0
62	15	0
62	16	0
62	17	0
62	19	0
62	20	0
62	21	0
62	22	0
62	24	0
62	25	0
62	27	0
62	28	0
62	29	0
62	30	0
62	32	0
62	33	0
62	34	0
62	35	0
62	36	0
62	37	0
62	38	0.25
62	39	0
62	40	0
62	41	0
62	42	0
62	43	0
62	44	0
62	45	0
62	46	0
62	47	0
62	48	0
62	49	0
62	50	0.15
62	51	0.143
62	52	0.125
62	53	0.429
62	54	0.556
62	55	0.5
62	56	0
62	57	0.4
62	58	0.5
62	59	0.375
62	60	0.6
62	61	0.571
62	62	0.667
62	63	0.778
62	64	0.692
62	65	0.545
62	66	0.632
62	67	0.625
62	68	0.364
62	69	1
62	70	0.5
62	71	0.833
62	72	0.4
62	73	0.556
62	74	0.5
62	75	0.625
62	76	0.5
62	77	0.7
62	78	0.75
62	79	0.75
62	80	0.467
63	0	0
63	1	0
63	2	0
63	3	0
63	4	0
63	5	0
63	6	0
63	7	0
63	8	0
63	9	0
63	10	0
63	11	0
63	12	0
63	13	0
63	14	0
63	15	0
63	16	0
63	17	0
63	18	0
63	19	0
63	20	0
63	21	0
63	22	0
63	23	0
63	24	0
63	25	0
63	26	0
63	27	0
63	28	0
63	29	0
63	30	0
63	31	0
63	32	0
63	33	0
63	34	0
63	35	0
63	36	0
63	37	0.071
63	38	0.167
63	39	0.034
63	40	0.333
63	41	0
63	42	0
63	43	0
63	44	0
63	45	0.1
63	46	0.091
63	47	0
63	48	0
63	49	0
63	50	0.04
63	51	0
63	52	0.048
63	53	0.393
63	54	0.357
63	55	0.545
63	56	0
63	57	0.286
63	58	0.273
63	59	0.417
63	60	0.227
63	64	0.5
63	65	0.533
63	66	0.722
63	67	0.5
63	68	0.25
63	69	0.6
63	70	0.583
63	71	0.556
63	72	0.444
63	73	0.7
63	74	0.562
63	75	0.714
63	76	0.6
63	77	0.7
63	78	0.577
63	79	0.667
63	80	0.619
65	0	0
65	1	0
65	2	0
65	3	0
65	4	0
65	5	0
65	6	0
65	7	0
65	8	0
65	9	0
65	10	0
65	11	0
65	12	0
65	13	0
65	14	0
65	15	0.067
65	16	0
65	17	0
65	19	0
65	20	0
65	21	0
65	22	0
65	24	0
65	25	0
65	27	0
65	28	0
65	29	0
65	30	0
65	31	0
65	32	0
65	33	0
65	34	0
65	35	0
65	36	0
65	37	0.091
65	38	0.1
65	39	0
65	40	0
65	41	0
65	42	0
65	43	0
65	44	0
65	45	0
65	46	0
65	47	0
65	48	0
65	49	0
65	50	0.062
65	51	0.091
65	52	0.125
65	53	0.269
65	54	0.111
65	55	0.143
65	56	0.25
65	57	0
65	58	0.25
65	59	0.333
65	60	0.286
65	61	0.5
65	62	0.6
65	63	0.2
65	64	0.5
65	65	0.636
65	66	0.5
65	67	0.462
65	68	0.364
65	70	0.455
65	71	0.429
65	72	0.167
65	73	0.5
65	74	0.455
65	75	0.714
65	76	0.444
65	77	0.684
65	78	0.682
65	79	0.615
65	80	0.684
66	0	0
66	1	0
66	2	0
66	3	0
66	4	0
66	5	0
66	6	0
66	7	0
66	8	0
66	9	0
66	10	0
66	11	0
66	12	0
66	13	0
66	14	0
66	15	0
66	16	0
66	17	0
66	18	0
66	19	0
66	20	0
66	21	0
66	22	0
66	23	0
66	24	0
66	25	0
66	26	0
66	27	0
66	28	0
66	29	0
66	30	0
66	31	0
66	32	0
66	33	0
66	34	0
66	35	0
66	36	0
66	37	0
66	38	0
66	39	0.1
66	40	0
66	41	0
66	42	0
66	43	0.333
66	44	0.059
66	45	0.25
66	46	0.067
66	47	0.074
66	48	0
66	49	0.071
66	50	0.121
66	51	0.045
66	52	0.071
66	53	0.294
66	54	0.158
66	55	0.286
66	56	0.143
66	57	0.214
66	58	0.154
66	59	0.214
66	60	0.194
66	61	0.5
66	62	0.375
66	63	0.286
66	64	0.28
66	65	0.444
66	66	0.406
66	67	0.379
66	68	0.143
66	69	0.333
66	70	0.286
66	71	0.267
66	72	0.111
66	73	0.235
66	74	0.4
66	75	0.25
66	76	0.533
66	77	0.55
66	78	0.564
66	79	0.613
66	80	0.455
68	0	0
68	1	0
68	2	0
68	3	0
68	4	0
68	5	0
68	6	0
68	7	0
68	9	0
68	10	0
68	11	0
68	12	0
68	13	0.2
68	14	0
68	15	0
68	16	0
68	17	0
68	18	0
68	19	0
68	20	0
68	21	0
68	22	0
68	24	0
68	25	0
68	27	0
68	28	0
68	29	0
68	30	0
68	31	0
68	32	0
68	33	0
68	34	0
68	35	0
68	36	0
68	37	0
68	38	0.077
68	39	0.053
68	40	0.143
68	41	0
68	42	0
68	43	0
68	44	0.143
68	45	0.25
68	46	0.167
68	47	0.143
68	48	0
68	49	0.143
68	50	0.176
68	51	0.111
68	52	0.333
68	53	0.429
68	54	0.286
68	55	0.375
68	56	0.333
68	57	0
68	58	0
68	59	0
68	60	0.267
68	61	0
68	62	0
68	63	0.5
68	64	0.214
68	65	0.636
68	66	0.615
68	67	0.636
68	68	0.143
68	69	0
68	70	0.6
68	71	0.333
68	72	0.286
68	73	0.5
68	74	0.4
68	75	0.571
68	76	0.75
68	77	0.7
68	78	0.789
68	79	0.667
68	80	0.583
69	0	0
69	1	0
69	2	0
69	3	0
69	5	0
69	6	0
69	7	0
69	8	0
69	10	0
69	11	0
69	13	0
69	15	0
69	16	0
69	18	0
69	19	0
69	21	0
69	22	0
69	24	0
69	25	0
69	27	0
69	28	0
69	30	0
69	32	0
69	33	0
69	34	0
69	35	0
69	36	0
69	37	0.333
69	38	0
69	39	0
69	40	0
69	41	0
69	42	0
69	43	0
69	44	0
69	45	0
69	46	0
69	47	0
69	48	0
69	49	0
69	50	0
69	51	0
69	52	0
69	53	0
69	54	0.333
69	55	1
69	56	0
69	57	1
69	58	0.333
69	59	0.5
69	60	0.333
69	63	0
69	64	0.5
69	65	0.333
69	66	0.333
69	67	0.5
69	68	0
69	69	0
69	70	0.571
69	71	0.5
69	72	0.5
69	73	0.5
69	74	0.5
69	75	0.5
69	76	0.333
69	77	0.333
69	78	0.4
69	79	0.429
69	80	0
70	0	0.022
70	1	0.146
70	2	0
70	3	0
70	4	0
70	5	0
70	6	0
70	7	0
70	8	0
70	9	0
70	10	0
70	11	0
70	12	0
70	13	0
70	14	0
70	15	0
70	16	0
70	17	0
70	18	0
70	19	0
70	20	0
70	21	0
70	22	0
70	23	0
70	24	0
70	25	0
70	26	0
70	27	0
70	28	0
70	29	0
70	30	0
70	31	0
70	32	0
70	33	0
70	34	0
70	35	0
70	36	0
70	37	0.167
70	38	0
70	39	0
70	40	0
70	41	0
70	42	0
70	43	0
70	44	0
70	45	0.167
70	46	0
70	47	0
70	48	0
70	49	0
70	50	0
70	51	0
70	52	0.036
70	53	0.136
70	54	0.182
70	55	0.2
70	56	0
70	57	0
70	58	0.429
70	59	0.125
70	60	0.571
70	61	0.667
70	62	0.667
70	63	0.4
70	64	0.385
70	65	0.429
70	66	0.368
70	67	0.385
70	68	0.1
70	69	0
70	70	0.312
70	71	0.5
70	72	0.4
70	73	0.182
70	74	0.286
70	75	0.5
70	76	0.583
70	77	0.5
70	78	0.48
70	79	0.56
70	80	0.556
71	0	0.029
71	1	0.167
71	2	0
71	3	0
71	4	0
71	5	0
71	6	0
71	7	0
71	8	0
71	9	0
71	10	0
71	11	0
71	12	0
71	13	0
71	14	0
71	15	0
71	16	0
71	17	0
71	18	0
71	19	0
71	20	0
71	21	0
71	22	0
71	23	0
71	24	0
71	25	0
71	26	0
71	27	0
71	28	0
71	29	0
71	30	0
71	31	0
71	32	0
71	33	0
71	34	0
71	35	0
71	36	0
71	37	0.235
71	38	0.056
71	39	0.043
71	40	0
71	41	0
71	42	0
71	43	0.077
71	44	0
71	45	0
71	46	0.04
71	47	0
71	48	0
71	49	0
71	50	0.103
71	51	0.062
71	52	0.091
71	53	0.182
71	54	0.438
71	55	0.333
71	56	0
71	57	0.1
71	58	0.125
71	59	0.333
71	60	0.389
71	61	0
71	62	0.5
71	63	0.167
71	64	0.286
71	65	0.25
71	66	0.414
71	67	0.238
71	68	0.273
71	69	0
71	70	0.333
71	71	0.5
71	72	0.167
71	73	0.333
71	74	0.333
71	75	0.353
71	76	0.615
71	77	0.636
71	78	0.562
71	79	0.688
71	80	0.208
73	0	0.074
73	1	0
73	2	0
73	3	0
73	4	0
73	5	0
73	6	0
73	7	0
73	8	0
73	9	0
73	10	0
73	11	0
73	12	0
73	13	0
73	14	0
73	15	0
73	16	0
73	17	0
73	18	0
73	19	0
73	20	0
73	21	0
73	22	0
73	23	0
73	24	0
73	25	0
73	27	0
73	28	0
73	29	0
73	30	0
73	31	0
73	32	0
73	33	0
73	34	0
73	35	0
73	36	0
73	37	0.174
73	38	0.214
73	39	0.019
73	40	0.077
73	41	0
73	42	0
73	43	0
73	44	0.029
73	45	0.118
73	46	0.077
73	47	0.125
73	48	0
73	49	0.05
73	50	0.095
73	51	0.1
73	52	0.106
73	53	0.298
73	54	0.409
73	55	0.067
73	56	0
73	57	0.316
73	58	0.308
73	59	0.231
73	60	0.417
73	62	0.5
73	63	0.75
73	64	0.438
73	65	0.629
73	66	0.559
73	67	0.485
73	68	0.333
73	69	0.5
73	70	0.629
73	71	0.364
73	72	0.471
73	73	0.368
73	74	0.467
73	75	0.727
73	76	0.615
73	77	0.796
73	78	0.768
73	79	0.596
73	80	0.564
74	0	0
74	1	0
74	2	0
74	3	0
74	4	0
74	5	0
74	6	0
74	7	0
74	8	0
74	9	0
74	10	0
74	11	0
74	12	0
74	13	0
74	14	0
74	15	0
74	16	0
74	17	0
74	18	0
74	19	0
74	20	0
74	21	0
74	22	0
74	23	0
74	24	0
74	25	0
74	26	0
74	27	0
74	28	0
74	29	0
74	30	0
74	31	0
74	32	0
74	33	0
74	34	0
74	35	0
74	36	0
74	37	0.148
74	38	0.143
74	39	0.039
74	40	0.062
74	41	0
74	42	0.25
74	43	0
74	44	0.062
74	45	0.2
74	46	0
74	47	0
74	48	0
74	49	0
74	50	0.034
74	51	0
74	52	0.056
74	53	0.281
74	54	0.133
74	55	0.056
74	56	0.333
74	57	0.245
74	58	0.118
74	59	0.125
74	60	0.273
74	61	0.333
74	62	0.8
74	63	0.533
74	64	0.267
74	65	0.32
74	66	0.161
74	67	0.32
74	68	0.2
74	69	0.2
74	70	0.211
74	71	0.2
74	72	0.235
74	73	0.435
74	74	0.3
74	75	0.312
74	76	0.417
74	77	0.476
74	78	0.513
74	79	0.708
74	80	0.455
75	11	0
75	12	0
75	13	0
75	14	0
75	15	0
75	16	0
75	17	0
75	18	0
75	19	0
75	20	0
75	21	0
75	22	0
75	23	0
75	24	0
75	25	0
75	27	0
75	28	0
75	29	0
75	30	0
75	31	0
75	32	0
75	33	0
75	34	0
75	35	0
75	36	0
75	37	0.074
75	38	0
75	39	0.05
75	40	0.25
75	41	0
75	42	0.048
75	43	0.429
75	44	0.083
75	45	0
75	46	0.15
75	47	0.263
75	48	0.071
75	49	0.455
75	50	0.405
75	51	0.371
75	52	0.25
75	53	0.526
75	54	0.25
75	55	0.174
75	56	0
75	57	0.261
75	58	0.188
75	59	0.087
75	60	0.115
75	61	0.5
75	62	0.667
75	63	0.412
75	64	0.361
75	65	0.45
75	66	0.273
75	67	0.207
75	68	0.167
75	69	0.286
75	70	0.13
75	71	0.227
75	72	0.4
75	73	0.192
75	74	0.367
75	75	0.357
75	76	0.429
75	77	0.581
75	78	0.643
75	79	0.853
75	80	0.731
76	0	0
76	1	0
76	2	0
76	3	0
76	4	0
76	5	0
76	6	0
76	7	0
76	8	0
76	9	0
76	10	0
76	11	0
76	12	0
76	13	0
76	14	0
76	15	0
76	16	0
76	17	0
76	18	0
76	19	0
76	20	0
76	21	0
76	22	0
76	24	0
76	25	0
76	27	0
76	28	0
76	29	0
76	30	0
76	32	0
76	33	0
76	34	0
76	35	0
76	36	0
76	37	0.176
76	38	0.143
76	39	0.029
76	40	0.083
76	41	0
76	42	0
76	43	0
76	44	0.034
76	45	0.083
76	46	0.081
76	47	0.047
76	48	0.062
76	49	0.038
76	50	0.038
76	51	0.03
76	52	0.056
76	53	0.132
76	54	0.029
76	55	0.034
76	56	0
76	57	0.026
76	58	0.071
76	59	0.037
76	60	0.143
76	61	0.167
76	62	0.167
76	63	0.111
76	64	0.093
76	65	0.105
76	66	0.196
76	67	0.159
76	68	0.029
76	69	0.143
76	70	0.194
76	71	0.143
76	72	0.174
76	73	0.071
76	74	0.1
76	75	0.071
76	76	0.156
76	77	0.221
76	78	0.286
76	79	0.188
76	80	0.22
78	0	0.094
78	1	0.118
78	2	0
78	3	0
78	4	0.053
78	5	0
78	6	0
78	7	0
78	8	0
78	9	0
78	10	0
78	11	0
78	12	0
78	13	0
78	14	0
78	15	0
78	16	0
78	17	0
78	18	0
78	19	0
78	20	0
78	21	0
78	22	0
78	23	0
78	24	0
78	25	0
78	26	0
78	27	0
78	28	0
78	29	0
78	30	0
78	31	0
78	32	0
78	33	0
78	34	0
78	35	0
78	36	0
78	37	0
78	38	0.172
78	39	0.176
78	40	0.182
78	41	0.167
78	42	0
78	43	0.364
78	44	0.227
78	45	0.733
78	46	0.438
78	47	0.324
78	48	0.222
78	49	0.4
78	50	0.5
78	51	0.538
78	52	0.618
78	53	0.729
78	54	0.568
78	55	0.444
78	56	0.4
78	57	0.4
78	58	0.636
78	59	0.6
78	60	0.643
78	61	0.5
78	62	0.75
78	63	0.167
78	64	0.714
78	65	0.852
78	66	0.766
78	67	0.69
78	68	0.5
78	69	0.375
78	70	0.633
78	71	0.75
78	72	0.583
78	73	0.647
78	74	0.632
78	75	0.579
78	76	0.684
78	77	0.839
78	78	0.875
78	79	0.714
78	80	0.592
79	68	0
79	70	0
79	71	0
79	73	0
79	74	0
79	76	0
79	77	0
79	78	0
79	79	1
80	73	0
80	75	0
80	76	0
80	77	0
80	78	0
80	79	0
80	80	0
81	0	0.036
81	1	0.369
81	2	0
81	3	0
81	4	0
81	5	0
81	6	0
81	7	0
81	8	0
81	9	0
81	10	0
81	11	0
81	12	0
81	13	0
81	14	0
81	15	0
81	16	0
81	17	0
81	18	0
81	19	0
81	20	0
81	21	0
81	22	0
81	23	0
81	24	0
81	25	0
81	27	0
81	28	0
81	29	0
81	30	0
81	32	0
81	33	0
81	34	0
81	35	0
81	36	0
81	37	0.111
81	38	0
81	39	0.048
81	40	0
81	41	0.2
81	42	0
81	43	0
81	44	0
81	45	0
81	46	0
81	47	0
81	48	0
81	49	0
81	50	0
81	51	0
81	52	0
81	53	0.316
81	54	0.526
81	55	0.081
81	56	0
81	57	0.333
81	58	0.333
81	59	0.333
81	60	0.2
81	61	0.5
81	62	0.667
81	63	0
81	64	0.5
81	65	0.5
81	66	0.5
81	67	0.607
81	68	0.167
81	69	0
81	70	0.333
81	71	0.5
81	72	0.333
81	73	0.333
81	74	0.333
81	75	0.286
81	76	0.583
81	77	0.421
81	78	0.429
81	79	0.476
81	80	0.412
82	0	0.033
82	1	0.176
82	2	0
82	3	0.053
82	4	0
82	5	0
82	6	0
82	7	0
82	8	0
82	9	0
82	10	0
82	12	0
82	13	0
82	14	0
82	15	0
82	16	0
82	17	0
82	18	0
82	19	0
82	20	0
82	21	0
82	22	0
82	23	0
82	24	0
82	25	0
82	27	0
82	28	0
82	29	0
82	30	0
82	31	0
82	32	0
82	33	0
82	34	0
82	35	0
82	36	0
82	37	0.048
82	38	0.118
82	39	0.047
82	40	0.25
82	41	0
82	42	0
82	43	0.167
82	44	0
82	45	0.062
82	46	0.179
82	47	0.107
82	48	0
82	49	0
82	50	0.105
82	51	0.111
82	52	0.108
82	53	0.139
82	54	0.176
82	55	0.071
82	56	0
82	57	0.062
82	58	0
82	59	0.167
82	60	0.24
82	61	1
82	62	1
82	63	0.417
82	64	0.24
82	65	0.25
82	66	0.387
82	67	0.261
82	68	0.235
82	69	0.5
82	70	0.318
82	71	0.25
82	72	0.308
82	73	0.154
82	74	0.25
82	75	0.118
82	76	0.409
82	77	0.471
82	78	0.382
82	79	0.405
82	80	0.489
83	0	0
83	1	0
83	2	0
83	3	0
83	4	0
83	5	0
83	6	0
83	7	0
83	8	0
83	9	0
83	10	0
83	12	0
83	13	0
83	14	0
83	15	0
83	16	0
83	17	0
83	18	0
83	19	0
83	20	0
83	21	0
83	22	0
83	24	0
83	25	0
83	26	0
83	27	0
83	28	0
83	29	0
83	30	0
83	32	0
83	33	0
83	34	0
83	35	0
83	36	0
83	37	0
83	38	0
83	39	0
83	40	0.5
83	41	0
83	42	0
83	43	0
83	44	0
83	45	0
83	46	0
83	47	0
83	48	0
83	49	0
83	50	0.111
83	51	0.125
83	52	0.1
83	53	0.25
83	54	0
83	55	0
83	56	0
83	57	0
83	58	0
83	59	0
83	60	0
83	64	0
83	65	0
83	66	0.182
83	67	0.143
83	68	0
83	69	0
83	70	0
83	71	0
83	72	0.143
83	73	0
83	74	0
83	75	0
83	76	0
83	77	0
83	78	0.231
83	79	0.357
83	80	0.308
84	0	0.059
84	1	0.115
84	2	0
84	3	0
84	4	0
84	5	0
84	6	0
84	7	0
84	8	0
84	9	0
84	10	0
84	11	0
84	12	0
84	13	0
84	14	0
84	15	0
84	16	0
84	17	0
84	18	0
84	19	0
84	20	0
84	21	0
84	22	0
84	23	0
84	24	0
84	25	0
84	27	0
84	28	0
84	29	0
84	30	0
84	31	0
84	32	0
84	33	0
84	34	0
84	35	0
84	36	0
84	37	0.069
84	38	0.077
84	39	0.089
84	40	0.2
84	41	0.333
84	42	0
84	43	0
84	44	0.107
84	45	0.1
84	46	0.214
84	47	0.062
84	48	0.1
84	49	0.143
84	50	0.135
84	51	0.125
84	52	0.161
84	53	0.333
84	54	0.25
84	55	0
84	56	0.125
84	57	0.095
84	58	0
84	59	0.2
84	60	0.091
84	61	0.5
84	62	0.273
84	63	0
84	64	0.156
84	65	0.464
84	66	0.265
84	67	0.172
84	68	0.211
84	69	0.4
84	70	0.545
84	71	0.381
84	72	0.357
84	73	0.368
84	74	0.25
84	75	0.19
84	76	0.448
84	77	0.625
84	78	0.56
84	79	0.5
84	80	0.5
85	0	0
85	1	0
85	2	0
85	3	0
85	4	0
85	5	0
85	6	0
85	7	0
85	8	0
85	9	0
85	10	0
85	12	0
85	13	0
85	14	0
85	15	0
85	16	0
85	17	0
85	18	0
85	19	0
85	20	0
85	21	0
85	22	0
85	24	0
85	25	0
85	27	0
85	29	0
85	30	0
85	31	0
85	32	0
85	33	0
85	34	0
85	35	0
85	36	0
85	37	0
85	38	0.1
85	39	0
85	40	0
85	41	0
85	42	0
85	43	0
85	44	0
85	45	0
85	46	0.167
85	47	0.105
85	48	0
85	49	0
85	50	0.2
85	51	0.333
85	52	0.125
85	53	0.385
85	54	0.405
85	55	0.333
85	56	0.25
85	57	0
85	58	0.167
85	59	0.333
85	60	0.222
85	61	0.5
85	62	0.286
85	63	0.8
85	64	0.2
85	65	0.571
85	66	0.7
85	67	0.556
85	68	0.25
85	69	0
85	70	0.143
85	71	0.5
85	72	0.375
85	73	0.5
85	74	0.571
85	75	0.429
85	76	0.353
85	77	0.6
85	78	0.769
85	79	0.929
85	80	0.5
86	0	0
86	1	0
86	2	0
86	3	0.026
86	4	0
86	5	0
86	6	0
86	7	0
86	8	0
86	9	0
86	10	0
86	11	0
86	12	0
86	13	0
86	14	0
86	15	0
86	16	0
86	17	0
86	18	0
86	19	0
86	20	0
86	21	0
86	22	0
86	23	0
86	24	0
86	25	0
86	26	0
86	27	0
86	28	0
86	29	0
86	30	0
86	31	0
86	32	0
86	33	0
86	34	0
86	35	0
86	36	0
86	37	0.194
86	38	0.05
86	39	0.026
86	40	0.143
86	41	0.286
86	42	0.091
86	43	0.038
86	44	0.071
86	45	0.074
86	46	0.115
86	47	0.068
86	48	0.118
86	49	0.071
86	50	0.082
86	51	0.065
86	52	0.078
86	53	0.321
86	54	0.273
86	55	0.238
86	56	0.333
86	57	0.208
86	58	0.083
86	59	0.292
86	60	0.222
86	61	0.5
86	62	0.429
86	63	0.389
86	64	0.296
86	65	0.417
86	66	0.382
86	67	0.362
86	68	0.194
86	69	0.5
86	70	0.468
86	71	0.292
86	72	0.364
86	73	0.448
86	74	0.375
86	75	0.441
86	76	0.455
86	77	0.593
86	78	0.769
86	79	0.623
86	80	0.632
88	0	0
88	1	0
88	2	0
88	3	0
88	4	0
88	5	0
88	6	0
88	7	0
88	8	0
88	9	0
88	10	0
88	11	0
88	12	0
88	13	0
88	14	0
88	15	0
88	16	0
88	17	0
88	18	0
88	19	0
88	20	0
88	21	0
88	22	0
88	23	0
88	24	0
88	25	0
88	27	0
88	28	0
88	29	0
88	30	0
88	31	0
88	32	0
88	33	0
88	34	0
88	35	0
88	36	0
88	37	0.056
88	38	0.167
88	39	0
88	40	0
88	41	0
88	42	0
88	43	0
88	44	0
88	45	0
88	46	0.094
88	47	0.037
88	48	0
88	49	0
88	50	0.038
88	51	0.053
88	52	0.028
88	53	0.238
88	54	0.125
88	55	0
88	56	0
88	57	0
88	58	0
88	59	0.091
88	60	0.074
88	61	0
88	62	0
88	63	0.167
88	64	0.25
88	65	0.292
88	66	0.242
88	67	0.222
88	68	0.15
88	69	0.778
88	70	0.257
88	71	0.143
88	72	0.071
88	73	0.353
88	74	0.296
88	75	0.143
88	76	0.304
88	77	0.417
88	78	0.386
88	79	0.475
88	80	0.421
89	0	0
89	1	0
89	2	0
89	3	0
89	4	0
89	5	0
89	6	0
89	7	0
89	8	0
89	9	0
89	10	0
89	11	0
89	12	0
89	13	0
89	14	0
89	15	0
89	16	0
89	17	0
89	18	0
89	19	0
89	20	0
89	21	0
89	22	0
89	23	0
89	24	0
89	25	0
89	27	0
89	28	0
89	29	0
89	30	0
89	31	0
89	32	0
89	33	0
89	34	0
89	35	0
89	36	0
89	37	0.077
89	38	0.071
89	39	0
89	40	0
89	41	0
89	42	0
89	43	0
89	44	0
89	45	0.143
89	46	0
89	47	0
89	48	0
89	49	0
89	50	0.091
89	51	0
89	52	0.105
89	53	0.32
89	54	0.333
89	55	0.214
89	56	0
89	57	0.4
89	58	0.222
89	59	0.222
89	60	0.25
89	62	1
89	63	0.4
89	64	0.267
89	65	0.294
89	66	0.375
89	67	0.333
89	68	0.2
89	69	0.4
89	70	0.133
89	71	0.111
89	72	0.308
89	73	0.556
89	74	0.375
89	75	0.5
89	76	0.375
89	77	0.379
89	78	0.486
89	79	0.259
89	80	0.389
90	0	0
90	1	0
90	2	0
90	3	0
90	4	0
90	5	0
90	6	0
90	7	0
90	8	0
90	9	0
90	10	0
90	11	0
90	12	0
90	13	0
90	14	0
90	15	0
90	16	0
90	17	0
90	18	0
90	19	0
90	20	0
90	21	0
90	22	0
90	23	0
90	24	0
90	25	0
90	26	0
90	27	0
90	28	0
90	29	0
90	30	0
90	31	0
90	32	0
90	33	0
90	34	0
90	35	0
90	36	0
90	37	0.13
90	38	0.13
90	39	0.018
90	40	0
90	41	0.154
90	42	0
90	43	0
90	44	0
90	45	0
90	46	0
90	47	0
90	48	0
90	49	0
90	50	0
90	51	0
90	52	0
90	53	0.216
90	54	0.292
90	55	0.167
90	56	0.083
90	57	0.25
90	58	0.143
90	59	0.312
90	60	0.341
90	61	0.25
90	62	0.25
90	63	0.188
90	64	0.294
90	65	0.241
90	66	0.243
90	67	0.139
90	68	0.15
90	69	0.067
90	70	0.296
90	71	0.353
90	72	0.235
90	73	0.304
90	74	0.261
90	75	0.219
90	76	0.4
90	77	0.417
90	78	0.455
90	79	0.327
90	80	0.229
91	0	0.035
91	1	0.067
91	2	0
91	3	0
91	4	0
91	5	0
91	6	0
91	7	0
91	8	0
91	9	0
91	10	0
91	11	0
91	12	0
91	13	0
91	14	0
91	15	0
91	16	0
91	17	0
91	18	0
91	19	0
91	20	0
91	21	0
91	22	0
91	23	0
91	24	0
91	25	0
91	26	0
91	27	0
91	28	0
91	29	0
91	30	0
91	31	0
91	32	0
91	33	0
91	34	0
91	35	0
91	36	0
91	37	0.105
91	38	0.162
91	39	0.057
91	40	0.15
91	41	0.067
91	42	0
91	43	0.095
91	44	0
91	45	0.097
91	46	0.024
91	47	0.045
91	48	0.125
91	49	0
91	50	0.16
91	51	0.128
91	52	0.104
91	53	0.333
91	54	0.306
91	55	0.174
91	56	0.111
91	57	0.143
91	58	0.071
91	59	0.263
91	60	0.294
91	61	0.667
91	62	0.455
91	63	0.273
91	64	0.405
91	65	0.421
91	66	0.293
91	67	0.25
91	68	0.348
91	69	0.444
91	70	0.3
91	71	0.421
91	72	0.333
91	73	0.333
91	74	0.343
91	75	0.394
91	76	0.457
91	77	0.595
91	78	0.523
91	79	0.534
91	80	0.413
92	0	0
92	1	0
92	2	0
92	3	0
92	4	0
92	5	0
92	6	0
92	7	0
92	8	0
92	9	0
92	10	0
92	11	0
92	12	0
92	13	0
92	14	0
92	15	0
92	16	0
92	17	0
92	18	0
92	19	0
92	20	0
92	21	0
92	22	0
92	23	0
92	24	0
92	25	0
92	26	0
92	27	0
92	28	0
92	29	0
92	30	0
92	31	0
92	32	0
92	33	0
92	34	0
92	35	0
92	36	0
92	37	0.25
92	38	0.048
92	39	0.059
92	40	0
92	41	0
92	42	0
92	43	0.182
92	44	0
92	45	0.1
92	46	0.286
92	47	0.059
92	48	0
92	49	0
92	50	0.05
92	51	0.077
92	52	0.143
92	53	0.333
92	54	0.333
92	55	0.143
92	56	0.5
92	57	0
92	58	0.2
92	59	0.333
92	60	0.348
92	61	1
92	62	0.444
92	63	0.25
92	64	0.333
92	65	0.357
92	66	0.486
92	67	0.235
92	68	0.385
92	69	0.444
92	70	0.576
92	71	0.222
92	72	0.286
92	73	0.2
92	74	0.083
92	75	0.25
92	76	0.333
92	77	0.459
92	78	0.581
92	79	0.552
92	80	0.282
93	0	0
93	1	0
93	2	0
93	3	0
93	4	0
93	5	0
93	6	0
93	7	0
93	8	0
93	9	0
93	10	0
93	11	0
93	12	0
93	13	0
93	14	0
93	15	0
93	16	0
93	17	0
93	18	0
93	19	0
93	20	0
93	21	0
93	22	0
93	23	0
93	24	0
93	25	0
93	27	0
93	28	0
93	29	0
93	30	0
93	32	0
93	33	0
93	34	0
93	35	0
93	36	0
93	37	0.143
93	38	0
93	39	0.077
93	40	0
93	41	0
93	42	0
93	43	0
93	44	0
93	45	0.3
93	46	0.059
93	47	0
93	48	0
93	49	0
93	50	0.077
93	51	0.167
93	52	0.143
93	53	0.208
93	54	0.231
93	55	0.25
93	56	0
93	57	0.2
93	58	0.25
93	59	0.444
93	60	0.364
93	61	1
93	62	1
93	63	0.333
93	64	0.474
93	65	0.737
93	66	0.652
93	67	0.394
93	68	0.125
93	69	0.429
93	70	0.5
93	71	0.333
93	72	0.5
93	73	0.25
93	74	0.2
93	75	0.385
93	76	0.643
93	77	0.7
93	78	0.524
93	79	0.571
93	80	0.697
94	0	0
94	1	0
94	2	0
94	3	0
94	4	0
94	5	0
94	6	0
94	7	0
94	8	0
94	9	0
94	10	0
94	11	0
94	12	0
94	13	0
94	14	0
94	15	0
94	16	0
94	17	0
94	18	0
94	19	0
94	20	0
94	21	0
94	22	0
94	23	0
94	24	0
94	25	0
94	26	0
94	27	0
94	28	0
94	29	0
94	30	0
94	31	0
94	32	0
94	33	0
94	34	0
94	35	0
94	36	0
94	37	0.03
94	38	0
94	39	0.016
94	40	0.143
94	41	0.091
94	42	0
94	43	0
94	44	0
94	45	0
94	46	0.022
94	47	0
94	48	0
94	49	0.105
94	50	0.127
94	51	0.111
94	52	0.043
94	53	0.283
94	54	0.351
94	55	0.368
94	56	0.071
94	57	0.158
94	58	0.118
94	59	0.455
94	60	0.442
94	61	0.5
94	62	0.333
94	63	0.4
94	64	0.303
94	65	0.658
94	66	0.571
94	67	0.444
94	68	0.292
94	69	0.5
94	70	0.618
94	71	0.5
94	72	0.389
94	73	0.462
94	74	0.6
94	75	0.583
94	76	0.629
94	77	0.714
94	78	0.661
94	79	0.462
94	80	0.571
95	0	0
95	1	0
95	2	0
95	3	0
95	4	0
95	5	0
95	6	0
95	7	0
95	8	0
95	9	0
95	10	0
95	11	0
95	12	0
95	13	0
95	14	0
95	15	0
95	16	0
95	17	0
95	18	0
95	19	0
95	20	0
95	21	0
95	22	0
95	23	0
95	24	0
95	25	0
95	27	0
95	28	0
95	29	0
95	30	0
95	31	0
95	32	0
95	33	0
95	34	0
95	35	0
95	36	0
95	37	0
95	38	0.059
95	39	0.071
95	40	0.2
95	41	0
95	42	0
95	43	0.083
95	44	0
95	45	0.286
95	46	0.269
95	47	0.111
95	48	0.25
95	49	0.154
95	50	0.321
95	51	0.312
95	52	0.259
95	53	0.5
95	54	0.647
95	55	0.357
95	56	0.667
95	57	0.3
95	58	0.364
95	59	0.462
95	60	0.625
95	61	0
95	62	1
95	63	0.2
95	64	0.611
95	65	0.68
95	66	0.577
95	67	0.565
95	68	0.471
95	69	0.625
95	70	0.682
95	71	0.636
95	72	0.375
95	73	0.308
95	74	0.571
95	75	0.364
95	76	0.714
95	77	0.773
95	78	0.615
95	79	0.643
95	80	0.562
96	0	0
96	1	0
96	2	0
96	3	0
96	4	0
96	5	0
96	6	0
96	7	0
96	8	0
96	9	0
96	10	0
96	11	0
96	12	0
96	13	0
96	14	0.04
96	15	0
96	16	0
96	17	0
96	18	0
96	19	0
96	20	0
96	21	0
96	22	0
96	23	0
96	24	0
96	25	0
96	26	0
96	27	0
96	28	0
96	29	0
96	30	0
96	31	0
96	32	0
96	33	0
96	34	0
96	35	0
96	36	0
96	37	0.051
96	38	0.067
96	39	0.014
96	40	0.059
96	41	0.188
96	42	0.053
96	43	0.04
96	44	0
96	45	0.086
96	46	0.189
96	47	0.073
96	48	0.056
96	49	0.042
96	50	0.204
96	51	0.193
96	52	0.228
96	53	0.333
96	54	0.394
96	55	0.368
96	56	0.333
96	57	0.409
96	58	0.304
96	59	0.44
96	60	0.396
96	61	0
96	62	0.4
96	63	0.25
96	64	0.386
96	65	0.543
96	66	0.543
96	67	0.4
96	68	0.593
96	69	0.688
96	70	0.591
96	71	0.35
96	72	0.263
96	73	0.333
96	74	0.308
96	75	0.294
96	76	0.676
96	77	0.679
96	78	0.768
96	79	0.583
96	80	0.742
97	0	0
97	1	0
97	2	0
97	3	0
97	4	0
97	5	0
97	6	0
97	7	0
97	8	0
97	9	0
97	10	0
97	11	0
97	12	0
97	13	0
97	14	0
97	15	0
97	16	0
97	17	0
97	18	0
97	19	0
97	20	0
97	21	0
97	22	0
97	24	0
97	25	0
97	27	0
97	28	0
97	30	0
97	32	0
97	33	0
97	34	0
97	35	0
97	36	0
97	37	0.286
97	38	0
97	39	0
97	40	0
97	41	1
97	42	0
97	43	0
97	44	0
97	45	0
97	46	0.286
97	47	0.111
97	48	0
97	49	0
97	50	0.167
97	51	0
97	52	0.188
97	53	0.333
97	54	0.25
97	55	0.333
97	56	0
97	57	0
97	58	0
97	59	0
97	60	0.333
97	62	1
97	63	1
97	64	0.357
97	65	0.25
97	66	0.5
97	67	0.6
97	68	0.444
97	69	0.625
97	70	0.643
97	71	0.5
97	72	0
97	73	0.5
97	74	0.5
97	75	0.733
97	76	0.667
97	77	0.75
97	78	0.682
97	79	0.85
97	80	0.467
98	0	0
98	1	0
98	2	0
98	3	0
98	4	0
98	5	0
98	6	0
98	7	0
98	8	0
98	9	0
98	10	0
98	11	0
98	12	0
98	13	0.062
98	14	0
98	15	0
98	16	0
98	17	0
98	18	0
98	19	0
98	20	0
98	21	0
98	22	0
98	23	0
98	24	0
98	25	0
98	26	0
98	27	0
98	28	0
98	29	0
98	30	0
98	31	0
98	32	0
98	33	0
98	34	0
98	35	0
98	36	0
98	37	0.211
98	38	0.143
98	39	0
98	40	0
98	41	0
98	42	0
98	43	0
98	44	0
98	45	0
98	46	0
98	47	0
98	48	0
98	49	0
98	50	0.051
98	51	0.091
98	52	0.093
98	53	0.152
98	54	0.238
98	55	0.222
98	56	0.167
98	57	0.214
98	58	0.176
98	59	0.167
98	60	0.1
98	61	0.333
98	62	0.417
98	63	0.6
98	64	0.357
98	65	0.333
98	66	0.355
98	67	0.333
98	68	0.154
98	69	0.286
98	70	0.368
98	71	0.4
98	72	0.286
98	73	0.25
98	74	0.407
98	75	0.476
98	76	0.158
98	77	0.51
98	78	0.556
98	79	0.458
98	80	0.658
99	0	0
99	1	0
99	2	0
99	3	0
99	4	0
99	5	0
99	6	0
99	7	0
99	8	0
99	9	0
99	10	0
99	11	0
99	12	0
99	13	0
99	14	0
99	15	0
99	16	0
99	17	0
99	18	0
99	19	0
99	20	0
99	21	0
99	22	0
99	23	0
99	24	0
99	25	0
99	27	0
99	28	0
99	29	0
99	30	0
99	31	0
99	32	0
99	33	0
99	34	0
99	35	0
99	36	0
99	37	0.074
99	38	0.152
99	39	0.148
99	40	0.263
99	41	0.105
99	42	0
99	43	0.091
99	44	0.147
99	45	0.118
99	46	0.159
99	47	0.143
99	48	0.143
99	49	0.233
99	50	0.18
99	51	0.293
99	52	0.231
99	53	0.446
99	54	0.361
99	55	0.192
99	56	0.1
99	57	0.158
99	58	0.381
99	59	0.393
99	60	0.333
99	61	0.5
99	62	0.667
99	63	0.25
99	64	0.366
99	65	0.591
99	66	0.561
99	67	0.395
99	68	0.414
99	69	0.654
99	70	0.648
99	71	0.652
99	72	0.609
99	73	0.609
99	74	0.676
99	75	0.622
99	76	0.697
99	77	0.806
99	78	0.733
99	79	0.708
99	80	0.518
100	0	0.071
100	1	0
100	2	0
100	3	0
100	4	0
100	5	0
100	6	0
100	7	0
100	8	0
100	9	0
100	10	0
100	11	0
100	12	0
100	13	0
100	14	0
100	15	0
100	16	0
100	17	0
100	18	0
100	19	0
100	20	0
100	21	0
100	22	0
100	23	0
100	24	0
100	25	0
100	26	0
100	27	0
100	28	0
100	29	0
100	30	0
100	31	0
100	32	0
100	33	0
100	34	0
100	35	0
100	36	0
100	37	0.143
100	38	0
100	39	0.05
100	40	0.333
100	41	0.2
100	42	0
100	43	0
100	44	0.2
100	45	0.25
100	46	0.118
100	47	0.143
100	48	0.167
100	49	0.167
100	50	0.286
100	51	0.5
100	52	0.389
100	53	0.261
100	54	0.25
100	55	0.25
100	56	0
100	57	0.5
100	58	0.286
100	59	0.5
100	60	0.588
100	61	0.5
100	62	0.5
100	63	0.571
100	64	0.462
100	65	0.529
100	66	0.706
100	67	0.5
100	68	0.5
100	69	0.625
100	70	0.667
100	71	0.833
100	72	0.667
100	73	0.714
100	74	0.778
100	75	0.8
100	76	0.857
100	77	0.8
100	78	0.741
100	79	0.786
100	80	0.824
101	0	0
101	1	0
101	2	0
101	3	0
101	4	0
101	5	0
101	6	0
101	7	0
101	8	0
101	9	0
101	10	0
101	11	0
101	12	0
101	13	0
101	14	0
101	15	0
101	16	0
101	17	0
101	18	0
101	19	0
101	20	0
101	21	0
101	22	0
101	23	0
101	24	0
101	25	0
101	26	0
101	27	0
101	28	0
101	29	0
101	30	0
101	31	0
101	32	0
101	33	0
101	34	0
101	35	0
101	36	0
101	37	0.185
101	38	0.214
101	39	0.016
101	40	0
101	41	0
101	42	0
101	43	0.143
101	44	0.022
101	45	0.083
101	46	0.098
101	47	0.136
101	48	0
101	49	0.033
101	50	0.075
101	51	0.1
101	52	0.091
101	53	0.326
101	54	0.257
101	55	0.172
101	56	0.077
101	57	0.154
101	58	0.185
101	59	0.321
101	60	0.281
101	61	0.333
101	62	0.25
101	63	0.062
101	64	0.241
101	65	0.312
101	66	0.345
101	67	0.306
101	68	0.225
101	69	0.522
101	70	0.39
101	71	0.32
101	72	0.174
101	73	0.25
101	74	0.2
101	75	0.295
101	76	0.5
101	77	0.603
101	78	0.513
101	79	0.465
101	80	0.6
102	0	0
102	1	0
102	2	0
102	3	0
102	4	0
102	5	0
102	6	0
102	7	0
102	8	0
102	9	0
102	10	0
102	11	0
102	12	0
102	13	0
102	14	0
102	15	0
102	16	0
102	17	0
102	18	0
102	19	0
102	20	0
102	21	0
102	22	0
102	23	0
102	24	0
102	25	0
102	26	0
102	27	0
102	28	0
102	29	0
102	30	0
102	31	0
102	32	0
102	33	0
102	34	0
102	35	0
102	36	0
102	37	0.214
102	38	0.533
102	39	0.111
102	40	0
102	41	0
102	42	0
102	43	0
102	44	0
102	45	0
102	46	0
102	47	0.043
102	48	0
102	49	0.4
102	50	0.148
102	51	0.235
102	52	0.154
102	53	0.444
102	54	0.2
102	55	0.333
102	56	0.75
102	57	0.182
102	58	0.364
102	59	0.455
102	60	0.519
102	64	0.353
102	65	0.556
102	66	0.529
102	67	0.5
102	68	0.462
102	69	0.5
102	70	0.421
102	71	0.455
102	72	0.375
102	73	0.3
102	74	0.143
102	75	0.364
102	76	0.6
102	77	0.846
102	78	0.741
102	79	0.81
102	80	0.522
103	0	0
103	1	0
103	2	0
103	3	0
103	4	0
103	5	0
103	6	0
103	7	0
103	8	0
103	9	0
103	10	0
103	11	0
103	12	0
103	13	0
103	14	0
103	15	0
103	16	0
103	17	0
103	18	0
103	19	0
103	20	0
103	21	0
103	22	0
103	23	0
103	24	0
103	25	0
103	26	0
103	27	0
103	28	0
103	29	0
103	30	0
103	31	0
103	32	0
103	33	0
103	34	0
103	35	0
103	36	0
103	37	0.188
103	38	0.087
103	39	0.103
103	40	0.077
103	41	0.583
103	42	0.286
103	43	0.2
103	44	0.25
103	45	0.2
103	46	0.125
103	47	0.114
103	48	0
103	49	0.286
103	50	0.303
103	51	0.45
103	52	0.361
103	53	0.4
103	54	0.435
103	55	0.25
103	56	0.143
103	57	0.312
103	58	0.4
103	59	0.294
103	60	0.37
103	61	0.8
103	62	0.571
103	63	0.571
103	64	0.44
103	65	0.409
103	66	0.263
103	67	0.538
103	68	0.235
103	69	0.273
103	70	0.391
103	71	0.2
103	72	0.4
103	73	0.467
103	74	0.118
103	75	0.448
103	76	0.522
103	77	0.644
103	78	0.744
103	79	0.633
103	80	0.698
104	0	0
104	1	0.061
104	2	0
104	3	0
104	4	0
104	5	0
104	6	0
104	7	0
104	8	0
104	9	0
104	10	0
104	11	0
104	12	0
104	13	0
104	14	0
104	15	0
104	16	0
104	17	0
104	18	0
104	19	0
104	20	0
104	21	0
104	22	0
104	24	0
104	25	0
104	26	0
104	27	0
104	28	0
104	29	0
104	30	0
104	31	0
104	32	0
104	33	0
104	34	0
104	35	0
104	36	0
104	37	0.167
104	38	0.289
104	39	0.057
104	40	0.286
104	41	0.444
104	42	0.333
104	43	0.357
104	44	0.111
104	45	0.167
104	46	0.1
104	47	0.079
104	48	0.062
104	49	0.08
104	50	0.154
104	51	0.138
104	52	0.216
104	53	0.491
104	54	0.393
104	55	0.13
104	56	0
104	57	0.158
104	58	0.143
104	59	0.292
104	60	0.386
104	61	0.25
104	62	0.375
104	63	0.4
104	64	0.219
104	65	0.485
104	66	0.306
104	67	0.2
104	68	0.176
104	69	0.5
104	70	0.387
104	71	0.348
104	72	0.4
104	73	0.4
104	74	0.292
104	75	0.391
104	76	0.423
104	77	0.5
104	78	0.654
104	79	0.554
104	80	0.711
105	0	0.018
105	1	0.019
105	2	0
105	3	0
105	4	0
105	5	0
105	6	0
105	7	0
105	8	0
105	9	0
105	10	0
105	11	0
105	12	0
105	13	0
105	14	0
105	15	0
105	16	0
105	17	0
105	18	0
105	19	0
105	20	0
105	21	0
105	22	0
105	23	0
105	24	0
105	25	0
105	27	0
105	28	0
105	29	0
105	30	0
105	31	0
105	32	0
105	33	0
105	34	0
105	35	0
105	36	0
105	37	0.115
105	38	0.231
105	39	0.02
105	40	0.167
105	41	0.1
105	42	0
105	43	0.182
105	44	0.071
105	45	0
105	46	0
105	47	0.037
105	48	0.2
105	49	0.053
105	50	0.154
105	51	0.2
105	52	0.118
105	53	0.304
105	54	0.158
105	55	0.2
105	56	0
105	57	0.188
105	58	0.077
105	59	0.4
105	60	0.432
105	61	0
105	62	0
105	63	0.222
105	64	0.184
105	65	0.458
105	66	0.323
105	67	0.348
105	68	0.231
105	69	0.111
105	70	0.304
105	71	0.357
105	72	0.5
105	73	0.4
105	74	0.593
105	75	0.667
105	76	0.6
105	77	0.574
105	78	0.6
105	79	0.577
105	80	0.4
106	0	0
106	1	0
106	2	0
106	3	0
106	4	0
106	5	0
106	6	0
106	7	0
106	8	0
106	9	0
106	10	0
106	11	0
106	12	0
106	13	0
106	14	0
106	15	0
106	16	0
106	17	0
106	18	0
106	19	0
106	20	0
106	21	0
106	22	0
106	23	0
106	24	0
106	25	0
106	26	0
106	27	0
106	28	0
106	29	0
106	30	0
106	31	0
106	32	0
106	33	0
106	34	0
106	35	0
106	36	0
106	37	0.091
106	38	0.25
106	39	0.037
106	40	0.417
106	41	0.286
106	42	0.5
106	43	0.143
106	44	0
106	45	0.125
106	46	0.1
106	47	0.05
106	48	0
106	49	0.111
106	50	0.08
106	51	0.118
106	52	0.042
106	53	0.25
106	54	0.333
106	55	0.188
106	56	0
106	57	0.214
106	58	0.2
106	59	0.182
106	60	0.269
106	61	0.667
106	62	0.571
106	63	0.125
106	64	0.19
106	65	0.176
106	66	0.238
106	67	0
106	68	0.182
106	69	0
106	70	0.062
106	71	0
106	72	0.091
106	73	0.1
106	74	0.154
106	75	0.077
106	76	0.231
106	77	0.286
106	78	0.467
106	79	0.333
106	80	0.263
107	0	0
107	1	0
107	2	0
107	3	0
107	4	0
107	5	0
107	6	0.105
107	7	0
107	8	0
107	9	0
107	10	0.053
107	11	0.2
107	12	0
107	13	0
107	14	0.036
107	15	0.059
107	16	0.062
107	17	0
107	18	0
107	19	0
107	20	0
107	21	0
107	22	0
107	23	0
107	24	0
107	25	0.077
107	26	0
107	27	0
107	28	0
107	29	0
107	30	0
107	31	0.111
107	32	0.125
107	33	0
107	34	0.097
107	35	0.038
107	36	0
107	37	0.185
107	38	0.295
107	39	0.088
107	40	0.083
107	41	0.182
107	42	0
107	43	0
107	44	0
107	45	0.143
107	46	0.078
107	47	0.234
107	48	0
107	49	0.2
107	50	0.164
107	51	0.167
107	52	0.194
107	53	0.338
107	54	0.2
107	55	0.2
107	56	0.125
107	57	0.138
107	58	0.111
107	59	0.217
107	60	0.192
107	61	0.333
107	62	0.444
107	63	0.273
107	64	0.237
107	65	0.275
107	66	0.231
107	67	0.214
107	68	0.133
107	69	0
107	70	0.189
107	71	0.045
107	72	0.05
107	73	0.31
107	74	0.326
107	75	0.308
107	76	0.345
107	77	0.417
107	78	0.419
107	79	0.472
107	80	0.304
108	0	0
108	1	0
108	2	0
108	3	0
108	4	0
108	5	0
108	6	0
108	7	0
108	8	0
108	9	0
108	10	0
108	11	0
108	12	0
108	13	0
108	14	0
108	15	0
108	16	0
108	17	0
108	18	0
108	19	0
108	20	0
108	21	0
108	22	0
108	23	0
108	24	0
108	25	0
108	26	0
108	27	0
108	28	0
108	29	0
108	30	0
108	31	0
108	32	0
108	33	0
108	34	0
108	35	0
108	36	0
108	37	0
108	38	0
108	39	0
108	40	0
108	41	0
108	42	0
108	43	0
108	44	0
108	45	0
108	46	0
108	47	0
108	48	0
108	49	0
108	50	0.059
108	51	0.2
108	52	0.1
108	53	0.571
108	54	0.429
108	55	0.333
108	56	0
108	57	0.333
108	58	0.5
108	59	0.4
108	60	0.182
108	62	1
108	63	0.75
108	64	0.5
108	65	0.4
108	66	0.364
108	67	0.455
108	68	0.286
108	69	0
108	70	0.375
108	71	0.5
108	72	0.5
108	73	0.5
108	74	0.625
108	75	0.75
108	76	0.5
108	77	0.75
108	78	0.667
108	79	0.818
108	80	0.818
109	0	0.067
109	1	0.118
109	2	0
109	3	0
109	5	0
109	6	0
109	7	0
109	9	0
109	10	0
109	11	0
109	12	0
109	13	0
109	14	0
109	15	0
109	16	0
109	17	0
109	18	0
109	19	0
109	20	0
109	21	0
109	22	0
109	24	0
109	25	0
109	27	0
109	28	0
109	29	0
109	30	0
109	31	0
109	32	0
109	33	0
109	34	0
109	35	0
109	36	0
109	37	0.143
109	38	0.294
109	39	0.167
109	40	0.333
109	41	0
109	42	0
109	43	0
109	44	0
109	45	0
109	46	0
109	47	0
109	48	0
109	49	0
109	50	0
109	51	0
109	52	0
109	53	0.095
109	54	0.091
109	55	0.125
109	56	0
109	57	0.111
109	58	0
109	59	0
109	60	0.111
109	61	1
109	62	1
109	63	0.6
109	64	0.154
109	65	0.357
109	66	0.267
109	67	0.4
109	68	0.25
109	69	0.2
109	70	0.182
109	71	0.286
109	72	0.286
109	73	0.333
109	74	0.25
109	75	0.3
109	76	0.308
109	77	0.52
109	78	0.75
109	79	0.607
109	80	0.562
110	0	0
110	1	0.1
110	2	0
110	3	0
110	4	0
110	5	0
110	6	0
110	7	0
110	8	0
110	9	0
110	10	0.1
110	11	0
110	12	0
110	13	0
110	14	0
110	15	0
110	16	0
110	17	0
110	18	0
110	19	0
110	20	0
110	21	0
110	22	0
110	23	0
110	24	0
110	25	0
110	27	0
110	28	0
110	29	0
110	30	0
110	32	0
110	33	0
110	34	0
110	35	0
110	36	0
110	37	0.071
110	38	0
110	39	0
110	40	0
110	41	0.111
110	42	0
110	43	0
110	44	0
110	45	0.091
110	46	0.056
110	47	0.042
110	48	0
110	49	0.071
110	50	0.04
110	51	0.067
110	52	0.069
110	53	0.2
110	54	0.059
110	55	0.273
110	56	0
110	57	0.182
110	58	0.182
110	59	0.167
110	60	0.16
110	61	0.333
110	62	0.857
110	63	0.5
110	64	0.222
110	65	0.261
110	66	0.2
110	67	0.235
110	68	0.4
110	69	0
110	70	0.5
110	71	0.4
110	72	0.4
110	73	0.3
110	74	0.375
110	75	0.412
110	76	0.333
110	77	0.465
110	78	0.75
110	79	0.618
110	80	0.657
111	0	0
111	1	0
111	2	0
111	3	0
111	4	0
111	5	0
111	6	0
111	7	0
111	8	0
111	9	0
111	10	0
111	11	0
111	12	0
111	13	0
111	14	0
111	15	0
111	16	0
111	17	0
111	18	0
111	19	0
111	20	0
111	21	0
111	22	0
111	23	0
111	24	0
111	25	0
111	26	0
111	27	0
111	28	0
111	29	0
111	30	0
111	31	0
111	32	0
111	33	0
111	34	0
111	35	0
111	36	0
111	37	0.175
111	38	0.08
111	39	0
111	40	0
111	41	0
111	42	0
111	43	0
111	44	0
111	45	0
111	46	0
111	47	0
111	48	0
111	49	0
111	50	0
111	51	0
111	52	0.015
111	53	0.124
111	54	0.159
111	55	0.214
111	56	0
111	57	0.13
111	58	0.062
111	59	0.086
111	60	0.052
111	61	0
111	62	0
111	63	0
111	64	0.048
111	65	0.087
111	66	0.067
111	67	0.077
111	68	0.111
111	69	0.5
111	70	0.154
111	71	0.115
111	72	0.143
111	73	0.147
111	74	0.143
111	75	0.119
111	76	0.135
111	77	0.152
111	78	0.277
111	79	0.274
111	80	0.28
112	63	0
112	64	0
112	65	0
112	66	0
112	67	0
112	68	0
112	70	0
112	71	0
112	72	0
112	73	0
112	74	0
112	75	1
112	76	1
112	77	1
112	78	1
112	79	1
112	80	1
113	0	0
113	1	0
113	2	0
113	3	0
113	4	0
113	5	0
113	6	0
113	7	0
113	9	0
113	10	0
113	11	0
113	12	0
113	13	0
113	14	0
113	15	0
113	16	0
113	17	0
113	19	0
113	20	0
113	21	0
113	22	0
113	24	0
113	25	0
113	27	0
113	28	0
113	29	0
113	30	0
113	32	0
113	33	0
113	34	0
113	35	0
113	36	0
113	37	0.1
113	38	0
113	39	0
113	40	0
113	41	0
113	42	0
113	43	0
113	44	0
113	45	0
113	46	0
113	47	0
113	48	0
113	49	0
113	50	0.188
113	51	0.154
113	52	0
113	53	0.286
113	54	0.273
113	55	0.5
113	56	0
113	57	0.25
113	58	0.286
113	59	0.429
113	60	0.462
113	61	0.5
113	62	0.2
113	63	0
113	64	0.267
113	65	0.556
113	66	0.8
113	67	0.417
113	68	0.6
113	69	0
113	70	0.6
113	71	0.333
113	72	0.25
113	73	0.2
113	74	0.571
113	75	0.778
113	76	0.714
113	77	0.909
113	78	0.769
113	79	0.8
113	80	0.75
114	0	0.029
114	1	0.031
114	2	0
114	3	0
114	4	0
114	5	0
114	6	0
114	7	0
114	8	0
114	9	0
114	10	0
114	11	0.25
114	12	0
114	13	0
114	14	0
114	15	0
114	16	0
114	17	0
114	18	0
114	19	0
114	20	0
114	21	0
114	22	0
114	24	0
114	25	0
114	27	0
114	28	0
114	29	0
114	30	0
114	31	0
114	32	0
114	33	0
114	34	0
114	35	0
114	36	0
114	37	0.231
114	38	0.25
114	39	0
114	40	0
114	41	0
114	42	0
114	43	0
114	44	0.1
114	45	0
114	46	0.143
114	47	0.053
114	48	0
114	49	0.067
114	50	0.105
114	51	0.143
114	52	0.05
114	53	0.065
114	54	0.067
114	55	0
114	56	0
114	57	0
114	58	0
114	59	0
114	60	0
114	61	0
114	62	0
114	63	0.143
114	64	0.111
114	65	0.1
114	66	0.15
114	67	0.1
114	68	0.111
114	70	0.091
114	71	0
114	72	0.091
114	73	0.1
114	74	0.333
114	75	0.083
114	76	0.25
114	77	0.241
114	78	0.444
114	79	0.25
114	80	0.188
115	0	0
115	1	0
115	2	0
115	3	0
115	4	0
115	5	0
115	6	0
115	7	0
115	8	0
115	9	0
115	10	0
115	11	0
115	12	0
115	13	0
115	14	0
115	15	0
115	16	0
115	17	0
115	19	0
115	20	0
115	21	0
115	22	0
115	23	0
115	25	0
115	27	0
115	28	0
115	29	0
115	30	0
115	31	0
115	32	0
115	33	0
115	34	0
115	35	0
115	36	0
115	37	0.333
115	38	0.333
115	39	0
115	40	0
115	41	0
115	42	0
115	43	0
115	44	0
115	45	0
115	46	0
115	47	0
115	48	0
115	49	0
115	50	0
115	51	0
115	52	0
115	53	0.095
115	54	0.111
115	55	0
115	56	0
115	57	0
115	58	0
115	59	0.143
115	60	0
115	63	0
115	64	0.059
115	65	0.143
115	66	0.125
115	67	0.125
115	68	0
115	69	0.5
115	70	0
115	71	0.167
115	72	0
115	73	0.143
115	74	0.25
115	75	0
115	76	0.143
115	77	0.174
115	78	0.467
115	79	0.316
115	80	0.4
116	0	0
116	1	0
116	2	0
116	3	0
116	4	0
116	5	0
116	6	0
116	7	0
116	8	0
116	9	0
116	10	0
116	11	0
116	12	0
116	13	0
116	14	0
116	15	0
116	16	0
116	17	0
116	18	0
116	19	0
116	20	0
116	21	0
116	22	0
116	23	0
116	24	0
116	25	0
116	26	0
116	27	0
116	28	0
116	29	0
116	30	0
116	31	0
116	32	0
116	33	0
116	34	0
116	35	0
116	36	0
116	37	0.207
116	38	0.107
116	39	0.013
116	40	0
116	41	0
116	42	0
116	43	0
116	44	0
116	45	0.062
116	46	0.083
116	47	0.068
116	48	0
116	49	0
116	50	0
116	51	0.061
116	52	0.1
116	53	0.169
116	54	0.188
116	55	0.143
116	56	0.154
116	57	0.043
116	58	0.091
116	59	0.24
116	60	0.25
116	61	0
116	62	0
116	63	0.111
116	64	0.227
116	65	0.152
116	66	0.098
116	67	0.097
116	68	0.143
116	69	0.1
116	70	0.217
116	71	0.286
116	72	0.053
116	73	0.174
116	74	0.192
116	75	0.231
116	76	0.214
116	77	0.309
116	78	0.306
116	79	0.443
116	80	0.25
118	0	0
118	1	0
118	2	0
118	3	0
118	4	0
118	5	0
118	6	0
118	7	0
118	9	0
118	10	0
118	11	0
118	12	0
118	13	0
118	14	0.286
118	15	0.357
118	16	0
118	17	0
118	19	0
118	20	0
118	21	0.5
118	22	0
118	23	0
118	24	0
118	25	0.143
118	27	0
118	28	0
118	29	0
118	30	0
118	32	0
118	33	0
118	34	0
118	35	0
118	36	0
118	37	0.222
118	38	0
118	39	0.077
118	40	0
118	41	0
118	42	0
118	43	0
118	44	0
118	45	0
118	46	0.111
118	47	0
118	48	0
118	49	0
118	50	0.077
118	51	0.071
118	52	0.1
118	53	0.1
118	54	0.111
118	55	0
118	56	0
118	57	0
118	58	0
118	59	0
118	60	0
118	61	0
118	62	0.333
118	63	0.25
118	64	0.182
118	65	0
118	66	0.2
118	67	0.1
118	68	0
118	69	0
118	70	0
118	71	0
118	72	0
118	73	0
118	74	0
118	75	0
118	76	0.25
118	77	0.118
118	78	0.333
118	79	0.421
118	80	0.214
119	0	0
119	1	0
119	2	0
119	3	0
119	4	0
119	5	0
119	6	0
119	7	0
119	8	0
119	9	0
119	10	0
119	12	0
119	13	0.2
119	14	0
119	15	0.067
119	16	0
119	17	0
119	18	0
119	19	0
119	20	0
119	21	0
119	22	0
119	24	0
119	25	0
119	26	0
119	27	0
119	29	0
119	30	0
119	31	0
119	32	0
119	33	0
119	34	0
119	35	0
119	36	0
119	37	0.286
119	38	0.2
119	39	0
119	40	0
119	41	0
119	42	0
119	43	0
119	44	0
119	45	0
119	46	0
119	47	0
119	48	0
119	49	0
119	50	0
119	51	0
119	52	0
119	53	0.312
119	54	0.556
119	55	0.5
119	56	0.5
119	57	0.5
119	58	0
119	59	0.4
119	60	0.429
119	63	0
119	64	0.273
119	65	0.5
119	66	0.25
119	67	0
119	68	0.143
119	69	0
119	70	0.222
119	71	0.2
119	72	0
119	73	0.333
119	74	0.375
119	75	0.2
119	76	0.714
119	77	0.55
119	78	0.8
119	79	0.706
119	80	0.556
120	0	0
120	1	0
120	2	0
120	3	0
120	4	0
120	5	0
120	6	0
120	7	0
120	8	0
120	9	0
120	10	0
120	11	0
120	12	0
120	13	0
120	14	0
120	15	0
120	16	0
120	17	0
120	18	0
120	19	0
120	20	0
120	21	0
120	22	0
120	24	0
120	25	0
120	27	0
120	28	0
120	29	0
120	30	0
120	31	0
120	32	0
120	33	0
120	34	0
120	35	0
120	36	0
120	37	0.2
120	38	0.333
120	39	0
120	40	0
120	41	0
120	42	0
120	43	0
120	44	0
120	45	0
120	46	0
120	47	0
120	48	0
120	49	0
120	50	0
120	51	0
120	52	0
120	53	0.05
120	54	0.1
120	55	0
120	56	0.333
120	57	0
120	58	0
120	59	0
120	60	0
120	61	0
120	62	0
120	63	0
120	64	0.091
120	65	0
120	66	0.143
120	67	0
120	68	0.125
120	69	0
120	70	0.167
120	71	0.167
120	72	0.167
120	73	0.25
120	74	0.25
120	75	0.167
120	76	0.143
120	77	0.19
120	78	0.333
120	79	0.25
120	80	0.294
121	0	0
121	1	0
121	2	0
121	3	0
121	4	0
121	5	0
121	6	0
121	7	0
121	8	0
121	9	0
121	10	0
121	11	0
121	12	0
121	13	0.143
121	14	0
121	15	0.167
121	16	0
121	17	0
121	18	0
121	19	0
121	20	0.091
121	21	0
121	22	0
121	24	0
121	25	0.091
121	27	0
121	28	0
121	29	0
121	30	0
121	31	0
121	32	0
121	33	0
121	34	0
121	35	0
121	36	0
121	37	0.182
121	38	0.2
121	39	0.038
121	40	0
121	41	0
121	42	0
121	43	0
121	44	0
121	45	0.125
121	46	0
121	47	0
121	48	0
121	49	0
121	50	0.08
121	51	0.077
121	52	0
121	53	0.241
121	54	0.188
121	55	0.143
121	56	0
121	57	0.091
121	58	0.4
121	59	0.286
121	60	0.353
121	62	0
121	63	0
121	64	0.35
121	65	0.5
121	66	0.467
121	67	0.364
121	68	0.4
121	69	0.4
121	70	0.333
121	71	0.364
121	72	0.286
121	73	0.222
121	74	0.333
121	75	0.222
121	76	0.467
121	77	0.381
121	78	0.579
121	79	0.538
121	80	0.471
122	0	0
122	1	0
122	2	0
122	3	0
122	4	0
122	5	0
122	6	0
122	7	0
122	9	0
122	10	0
122	12	0
122	13	0
122	14	0
122	15	0
122	16	0
122	18	0
122	19	0
122	20	0
122	21	0
122	22	0
122	23	0
122	25	0
122	27	0
122	28	0
122	29	0
122	30	0
122	32	0
122	33	0
122	34	0
122	35	0
122	36	0
122	37	0.143
122	38	0
122	39	0
122	40	0
122	41	0
122	42	0
122	43	0
122	44	0
122	45	0
122	46	0
122	47	0
122	48	0
122	49	0
122	50	0
122	51	0
122	52	0
122	53	0.125
122	54	0
122	56	0
122	57	0.5
122	58	0
122	59	0.2
122	60	0
122	61	0
122	62	0
122	63	0
122	64	0
122	65	0.333
122	66	0.125
122	67	0.2
122	68	0.2
122	69	0
122	70	0.333
122	71	0.25
122	72	0.167
122	73	0.5
122	74	0.2
122	75	0.2
122	76	0.2
122	77	0.385
122	78	0.3
122	79	0.5
122	80	0.333
123	0	0
123	1	0
123	2	0
123	3	0
123	4	0
123	5	0
123	6	0
123	7	0
123	8	0
123	9	0
123	10	0
123	11	0
123	12	0
123	13	0
123	14	0
123	15	0
123	16	0
123	17	0
123	18	0
123	19	0
123	20	0
123	21	0
123	22	0
123	24	0
123	25	0
123	26	0
123	27	0
123	28	0
123	29	0
123	30	0
123	31	0
123	32	0
123	33	0
123	34	0
123	35	0
123	36	0.022
123	37	0.261
123	38	0.095
123	39	0
123	40	0
123	41	0
123	42	0
123	43	0
123	44	0
123	45	0
123	46	0
123	47	0
123	48	0
123	49	0
123	50	0
123	51	0
123	52	0
123	53	0.083
123	54	0.043
123	55	0.062
123	56	0.143
123	57	0.077
123	58	0
123	59	0.2
123	60	0.067
123	61	0
123	62	0
123	63	0.2
123	64	0.176
123	65	0.182
123	66	0.226
123	67	0.143
123	68	0.125
123	69	0.4
123	70	0.105
123	71	0.188
123	72	0.231
123	73	0.235
123	74	0.143
123	75	0.158
123	76	0.13
123	77	0.267
123	78	0.405
123	79	0.32
123	80	0.343
124	67	0
124	68	0
124	70	0
124	72	0
124	74	0
124	76	0
124	77	0
124	78	0
124	80	0
125	0	0
125	1	0
125	2	0
125	3	0
125	4	0
125	5	0
125	6	0
125	7	0
125	8	0
125	9	0
125	10	0
125	11	0
125	12	0
125	13	0
125	14	0
125	15	0
125	16	0
125	17	0
125	18	0
125	19	0
125	20	0
125	21	0
125	22	0
125	23	0
125	24	0
125	25	0
125	27	0
125	28	0
125	29	0
125	30	0
125	31	0
125	32	0
125	33	0
125	34	0
125	35	0
125	36	0
125	37	0.167
125	38	0.067
125	39	0
125	40	0
125	41	0
125	42	0
125	43	0.167
125	44	0.062
125	45	0
125	46	0.1
125	47	0.067
125	48	0
125	49	0.083
125	50	0
125	51	0
125	52	0
125	53	0.107
125	54	0.143
125	55	0.125
125	56	0
125	57	0
125	58	0.091
125	59	0
125	60	0.294
125	61	1
125	62	0.25
125	63	0.25
125	64	0.222
125	65	0.231
125	66	0.25
125	67	0.2
125	68	0.083
125	70	0.273
125	71	0.091
125	72	0.5
125	73	0.125
125	74	0.5
125	75	0.071
125	76	0.5
125	77	0.348
125	78	0.346
125	79	0.423
125	80	0.308
126	0	0
126	1	0
126	2	0
126	3	0
126	4	0
126	5	0
126	6	0
126	7	0
126	8	0
126	9	0
126	10	0
126	11	0
126	12	0
126	13	0
126	14	0
126	15	0
126	16	0
126	17	0
126	18	0
126	19	0
126	20	0
126	21	0
126	22	0
126	23	0
126	24	0
126	25	0
126	26	0
126	27	0
126	28	0
126	29	0
126	30	0
126	31	0
126	32	0
126	33	0
126	34	0
126	35	0
126	36	0
126	37	0.143
126	38	0.125
126	39	0.083
126	40	0
126	41	0
126	42	0
126	43	0
126	44	0
126	45	0
126	46	0.095
126	47	0.05
126	48	0
126	49	0.067
126	50	0.034
126	51	0.091
126	52	0.038
126	53	0.054
126	54	0.133
126	55	0
126	56	0.111
126	57	0.067
126	58	0
126	59	0.083
126	60	0.042
126	63	0
126	64	0.095
126	65	0.1
126	66	0.19
126	67	0.118
126	68	0.083
126	69	0
126	70	0
126	71	0.077
126	72	0.083
126	73	0.118
126	74	0.067
126	75	0.083
126	76	0
126	77	0.086
126	78	0.214
126	79	0.216
126	80	0.286
127	0	0
127	1	0
127	2	0
127	3	0.024
127	4	0
127	5	0
127	6	0
127	7	0
127	8	0
127	9	0
127	10	0
127	11	0
127	12	0
127	13	0
127	14	0
127	15	0
127	16	0
127	18	0
127	19	0
127	20	0
127	21	0
127	22	0
127	23	0
127	24	0
127	25	0
127	26	0
127	27	0
127	28	0
127	29	0
127	30	0
127	31	0
127	32	0
127	33	0
127	34	0
127	35	0
127	36	0.125
127	37	0
127	38	0
127	39	0
127	40	0
127	41	0
127	42	0
127	43	0
127	44	0
127	45	0
127	46	0
127	47	0.062
127	48	0.143
127	49	0
127	50	0.091
127	51	0.071
127	52	0.143
127	53	0.103
127	54	0.205
127	55	0
127	56	0
127	57	0
127	58	0
127	59	0
127	60	0
127	61	0
127	62	0
127	63	0.4
127	64	0.208
127	65	0.286
127	66	0.238
127	67	0.083
127	68	0.111
127	69	0.6
127	70	0.1
127	71	0.167
127	72	0.143
127	73	0.154
127	74	0.222
127	75	0.182
127	76	0.308
127	77	0.214
127	78	0.286
127	79	0.258
127	80	0.222
130	0	0
130	1	0.044
130	2	0
130	3	0
130	4	0
130	5	0
130	6	0
130	7	0
130	8	0
130	9	0
130	10	0
130	11	0
130	12	0
130	13	0
130	14	0
130	15	0
130	16	0
130	17	0
130	18	0
130	19	0
130	20	0
130	21	0
130	22	0
130	24	0
130	25	0
130	26	0
130	27	0
130	28	0
130	29	0
130	30	0
130	31	0
130	32	0
130	33	0
130	34	0
130	35	0
130	36	0
130	37	0.1
130	38	0.182
130	39	0.048
130	40	0
130	41	0
130	42	0
130	43	0
130	44	0
130	45	0
130	46	0
130	47	0
130	48	0
130	49	0
130	50	0
130	51	0
130	52	0
130	53	0.217
130	54	0.2
130	55	0.222
130	56	0
130	57	0.125
130	58	0.25
130	59	0.333
130	60	0.273
130	62	0.556
130	63	0.333
130	64	0.062
130	65	0.2
130	66	0.071
130	67	0.083
130	68	0.1
130	69	0
130	70	0
130	71	0
130	72	0
130	73	0
130	74	0.071
130	75	0
130	76	0.083
130	77	0.25
130	78	0.15
130	79	0.167
130	80	0.077
131	0	0
131	1	0
131	2	0
131	3	0
131	4	0
131	5	0
131	6	0
131	7	0
131	8	0
131	9	0
131	10	0
131	11	0
131	12	0
131	13	0
131	14	0
131	15	0
131	16	0
131	17	0
131	18	0
131	19	0
131	20	0
131	21	0
131	22	0
131	24	0
131	25	0
131	27	0
131	28	0
131	30	0
131	31	0
131	32	0
131	33	0
131	34	0
131	35	0
131	36	0
131	37	0.2
131	38	0.095
131	39	0.034
131	40	0
131	41	0.167
131	42	0.2
131	43	0
131	44	0.077
131	45	0.111
131	46	0
131	47	0.059
131	48	0.1
131	49	0
131	50	0.04
131	51	0.053
131	52	0.053
131	53	0.211
131	54	0.125
131	55	0
131	56	0
131	57	0.071
131	58	0.167
131	59	0.2
131	60	0.105
131	62	0
131	63	0
131	64	0.08
131	65	0.188
131	66	0.136
131	67	0
131	68	0.083
131	69	0
131	70	0.083
131	71	0.077
131	72	0
131	73	0.077
131	74	0.235
131	75	0.167
131	76	0.308
131	77	0.286
131	78	0.36
131	79	0.261
131	80	0.231
132	0	0
132	1	0
132	2	0
132	3	0.05
132	4	0
132	5	0
132	6	0
132	7	0
132	8	0
132	9	0
132	10	0
132	11	0
132	12	0
132	13	0
132	14	0
132	15	0
132	16	0
132	17	0
132	18	0
132	19	0
132	20	0
132	21	0
132	22	0
132	24	0
132	25	0
132	26	0
132	27	0
132	28	0
132	29	0
132	30	0
132	31	0
132	32	0
132	33	0
132	34	0
132	35	0
132	36	0
132	37	0
132	38	0.211
132	39	0.062
132	40	0
132	41	0
132	42	0
132	43	0.1
132	44	0.056
132	45	0
132	46	0
132	47	0
132	48	0
132	49	0
132	50	0.037
132	51	0.062
132	52	0.038
132	53	0.226
132	54	0.062
132	55	0.364
132	56	0
132	57	0.143
132	58	0.2
132	59	0.077
132	60	0.158
132	61	0
132	62	0.5
132	63	0
132	64	0.05
132	65	0.08
132	66	0.133
132	67	0.176
132	68	0
132	69	0
132	70	0.067
132	71	0
132	72	0.091
132	73	0.071
132	74	0.067
132	75	0.077
132	76	0.067
132	77	0.333
132	78	0.316
132	79	0.182
132	80	0
133	0	0
133	1	0
133	2	0
133	3	0
133	4	0
133	5	0
133	6	0
133	7	0
133	8	0
133	9	0
133	10	0
133	12	0
133	13	0
133	14	0
133	15	0
133	16	0
133	17	0
133	18	0
133	19	0
133	20	0
133	21	0
133	22	0
133	23	0
133	24	0
133	25	0
133	26	0
133	27	0
133	28	0
133	29	0
133	30	0
133	31	0
133	32	0
133	33	0
133	34	0
133	35	0
133	36	0
133	37	0.333
133	38	0.267
133	39	0
133	40	0
133	41	0
133	42	0
133	43	0
133	44	0
133	45	0
133	46	0.048
133	47	0
133	48	0
133	49	0
133	50	0
133	51	0
133	52	0
133	53	0.027
133	54	0.045
133	55	0.125
133	56	0
133	57	0.062
133	58	0
133	59	0.083
133	60	0.048
133	61	0
133	62	0
133	63	0.143
133	64	0.074
133	65	0.105
133	66	0.087
133	67	0
133	68	0
133	69	0
133	70	0
133	71	0.111
133	72	0.071
133	73	0
133	74	0.059
133	75	0.167
133	76	0.053
133	77	0.172
133	78	0.125
133	79	0.129
133	80	0
135	0	0
135	1	0
135	2	0
135	3	0
135	4	0
135	5	0
135	6	0
135	7	0
135	8	0
135	9	0
135	10	0
135	12	0
135	13	0
135	14	0
135	15	0
135	16	0
135	18	0
135	19	0
135	20	0
135	21	0
135	22	0
135	23	0
135	24	0
135	25	0
135	27	0
135	29	0
135	30	0
135	32	0
135	33	0
135	34	0
135	35	0
135	36	0
135	37	0.111
135	38	0
135	39	0
135	40	0
135	41	0
135	42	0
135	43	0
135	44	0
135	45	0
135	46	0.1
135	47	0.143
135	48	0
135	49	0
135	50	0
135	51	0
135	52	0
135	53	0
135	54	0
135	55	0
135	56	0
135	57	0
135	58	0
135	59	0
135	60	0
135	61	0
135	62	0
135	63	0
135	64	0
135	65	0
135	66	0
135	67	0
135	68	0
135	69	0
135	70	0
135	71	0
135	72	0
135	73	0
135	74	0
135	75	0
135	76	0
135	77	0.091
135	78	0.105
135	79	0.1
135	80	0.115
138	0	0.043
138	1	0
138	2	0
138	3	0
138	4	0
138	5	0
138	6	0
138	7	0
138	8	0
138	9	0
138	10	0
138	12	0
138	13	0
138	14	0
138	15	0
138	16	0
138	17	0
138	18	0
138	19	0
138	20	0
138	21	0
138	22	0
138	24	0
138	25	0
138	27	0
138	28	0
138	29	0
138	30	0
138	31	0
138	32	0
138	33	0
138	34	0
138	35	0
138	36	0
138	37	0.1
138	38	0.167
138	39	0
138	40	0
138	41	0
138	42	0
138	43	0
138	44	0
138	45	0
138	46	0
138	47	0
138	48	0
138	49	0
138	50	0
138	51	0
138	52	0
138	53	0.133
138	54	0.071
138	55	0.125
138	56	0
138	57	0
138	58	0
138	59	0
138	60	0.043
138	61	0
138	62	0
138	63	0
138	64	0
138	65	0
138	66	0.133
138	67	0
138	68	0
138	69	0
138	70	0
138	71	0
138	72	0
138	73	0
138	74	0.143
138	75	0.385
138	76	0
138	77	0.208
138	78	0.25
138	79	0.233
138	80	0.353
139	0	0
139	1	0
139	2	0
139	3	0
139	4	0
139	5	0
139	6	0
139	7	0
139	8	0
139	9	0
139	10	0
139	11	0
139	12	0
139	13	0
139	14	0
139	15	0
139	16	0
139	17	0
139	18	0
139	19	0
139	20	0
139	21	0
139	22	0
139	23	0
139	24	0
139	25	0
139	27	0
139	28	0
139	29	0
139	30	0
139	31	0
139	32	0
139	33	0
139	34	0
139	35	0
139	36	0
139	37	0.125
139	38	0
139	39	0
139	40	0
139	41	0
139	42	0
139	43	0
139	44	0
139	45	0
139	46	0
139	47	0
139	48	0
139	49	0
139	50	0
139	51	0
139	52	0
139	53	0.263
139	54	0.222
139	55	0.25
139	56	0
139	57	0.167
139	58	0
139	59	0
139	60	0.091
139	61	0
139	62	0.2
139	63	0
139	64	0.3
139	65	0.111
139	66	0.182
139	67	0.167
139	68	0.111
139	69	0
139	70	0.143
139	71	0
139	72	0.143
139	73	0.2
139	74	0.4
139	75	0.143
139	76	0.167
139	77	0.188
139	78	0.062
139	79	0.167
139	80	0.538
140	0	0
140	1	0
140	2	0
140	3	0
140	4	0
140	5	0
140	6	0
140	7	0
140	8	0
140	9	0
140	10	0
140	11	0
140	12	0
140	13	0
140	14	0
140	15	0
140	16	0
140	17	0
140	18	0
140	19	0
140	20	0
140	21	0
140	22	0
140	23	0
140	24	0
140	25	0
140	26	0
140	27	0
140	28	0
140	29	0
140	30	0
140	31	0
140	32	0
140	33	0
140	34	0
140	35	0
140	36	0
140	37	0.2
140	38	0.2
140	39	0
140	40	0
140	41	0
140	42	0
140	43	0
140	44	0
140	45	0
140	46	0
140	47	0
140	48	0
140	49	0
140	50	0
140	51	0
140	52	0
140	53	0.05
140	54	0
140	55	0
140	56	0
140	57	0
140	58	0
140	59	0
140	60	0.067
140	62	0
140	63	0
140	64	0.056
140	65	0
140	66	0.105
140	67	0.091
140	68	0.125
140	69	0
140	70	0.182
140	71	0.167
140	72	0
140	73	0.538
140	74	0.5
140	75	0.438
140	76	0.438
140	77	0.2
140	78	0.429
140	79	0.348
140	80	0.208
