"time"	"distance"	"value"
36	0	0.09
36	1	0.111
36	2	0.023
36	3	0.171
36	4	0
36	5	0.107
36	6	0.056
36	7	0
36	8	0
36	9	0
36	10	0.071
36	11	0.12
36	12	0.091
36	13	0.171
36	14	0.174
36	15	0.417
36	16	0.24
36	17	0.038
36	18	0.121
36	19	0
36	20	0.108
36	21	0.095
36	22	0.087
36	23	0.121
36	24	0.073
36	25	0.125
36	26	0.125
36	27	0.358
36	28	0.268
36	29	0.273
36	30	0.077
36	31	0.217
36	32	0.179
36	33	0.567
36	34	0.361
36	35	0.714
36	36	0.625
36	37	0.304
36	38	0.407
36	39	0.455
36	40	0.371
36	41	0.286
36	42	0.281
36	43	0.75
36	44	0.286
36	45	0.421
36	46	0.385
36	47	0.5
36	48	0.4
36	49	0.5
36	50	0.654
36	51	0.636
36	52	0.595
36	53	0.48
36	54	0.517
37	0	0.031
37	1	0
37	2	0
37	3	0
37	4	0
37	5	0
37	6	0
37	7	0
37	8	0
37	9	0
37	10	0
37	11	0
37	12	0
37	13	0
37	14	0
37	15	0
37	16	0
37	17	0.167
37	18	0.071
37	19	0.143
37	20	0
37	21	0.077
37	22	0
37	23	0.083
37	24	0
37	25	0
37	26	0.056
37	27	0.042
37	28	0.154
37	29	0
37	30	0
37	31	0
37	32	0
37	33	0.1
37	34	0.077
37	35	0
37	36	0.25
37	37	0
37	38	0.118
37	39	0.5
37	40	0.167
37	41	0.214
37	42	0.286
37	43	0.333
37	44	0.2
37	45	0.222
37	46	0.5
37	47	0.286
37	48	0.5
37	49	0.357
37	50	0.444
37	51	0.318
37	52	0.364
37	53	0.312
37	54	0.333
38	0	0.2
38	1	0
38	2	0.071
38	3	0.2
38	4	0
38	5	0
38	6	0
38	7	0
38	8	0
38	9	0
38	10	0
38	11	0
38	12	0
38	13	0
38	14	0.176
38	15	0.25
38	16	0.167
38	17	0.273
38	18	0
38	19	0.2
38	20	0.083
38	21	0.077
38	22	0
38	23	0
38	24	0.118
38	25	0.1
38	26	0.056
38	27	0.16
38	28	0.2
38	29	0.222
38	30	0
38	31	0
38	32	0
38	33	0.167
38	34	0.188
38	35	0.75
38	36	0.5
38	37	0
38	38	0.143
38	39	0
38	40	0
38	41	0
38	42	0
38	43	0
38	44	0
38	45	0.143
38	46	0.167
38	47	0.111
38	48	0
38	49	0
38	50	0.375
38	51	0.115
38	52	0.25
38	53	0.24
38	54	0
39	0	0.354
39	1	0.154
39	2	0.167
39	3	0.087
39	4	0.143
39	5	0
39	6	0.143
39	7	0
39	8	0
39	9	0
39	10	0
39	11	0
39	12	0
39	13	0.071
39	14	0
39	15	0
39	16	0
39	17	0
39	18	0
39	19	0
39	20	0.059
39	21	0.045
39	22	0
39	23	0.059
39	24	0.042
39	25	0.045
39	26	0.12
39	27	0.387
39	28	0.368
39	29	0.188
39	30	0.25
39	31	0.429
39	32	0.333
39	33	0.538
39	34	0.179
39	35	0
39	36	0.167
39	37	0.167
39	38	0.421
39	39	0.389
39	40	0.385
39	41	0.188
39	42	0.571
39	43	0.5
39	44	0.417
39	45	0.375
39	46	0.636
39	47	0.222
39	48	0.455
39	49	0.571
39	50	0.375
39	51	0.727
39	52	0.762
39	53	0.556
39	54	0.333
40	0	0
40	1	0
40	2	0
40	3	0
40	4	0
40	5	0
40	6	0
40	7	0
40	8	0
40	9	0
40	10	0
40	11	0
40	12	0
40	13	0.2
40	14	0.143
40	15	0
40	16	0.333
40	17	0.2
40	18	0.25
40	19	0.167
40	20	0
40	21	0.111
40	22	0.2
40	23	0.143
40	24	0.143
40	25	0.4
40	26	0.273
40	27	0.294
40	28	0.444
40	29	0.2
40	30	0.5
40	31	0
40	32	0.429
40	33	0.25
40	34	0.286
40	37	0
40	38	0.286
40	39	0.1
40	40	0.3
40	41	0.25
40	42	0
40	43	0.25
40	44	0.25
40	45	0.125
40	46	0
40	47	0.2
40	48	0.286
40	49	0.143
40	50	0.143
40	51	0.267
40	52	0.214
40	53	0.214
40	54	0.25
41	0	0.162
41	1	0.147
41	2	0.109
41	3	0.258
41	4	0
41	5	0.04
41	6	0.13
41	7	0
41	8	0
41	9	0
41	10	0
41	11	0
41	12	0.062
41	13	0.129
41	14	0.043
41	15	0
41	16	0
41	17	0
41	18	0
41	19	0.037
41	20	0.051
41	21	0.048
41	22	0.053
41	23	0
41	24	0.056
41	25	0.02
41	26	0.065
41	27	0.127
41	28	0.122
41	29	0.036
41	30	0.062
41	31	0.056
41	32	0.038
41	33	0.129
41	34	0.214
41	35	0
41	36	0
41	37	0.25
41	38	0.196
41	39	0.196
41	40	0.231
41	41	0.143
41	42	0.036
41	43	0.091
41	44	0.179
41	45	0.167
41	46	0.211
41	47	0.25
41	48	0.194
41	49	0.132
41	50	0.208
41	51	0.342
41	52	0.403
41	53	0.315
41	54	0.4
42	0	0
42	1	0
42	2	0
42	3	0
42	4	0
42	5	0
42	6	0.2
42	8	0
42	9	0
42	10	0
42	11	0
42	12	0
42	13	0.25
42	14	0
42	15	0
42	16	0
42	17	0
42	18	0
42	19	0
42	20	0.286
42	21	0.2
42	22	0
42	23	0.5
42	24	0.167
42	25	0.6
42	26	0.333
42	27	0.7
42	28	0.4
42	29	0
42	30	0.5
42	31	0.333
42	32	0.5
42	33	0.333
42	34	0.125
42	35	0
42	36	0.667
42	37	0
42	38	0.2
42	39	0.75
42	40	0
42	41	0
42	42	0.333
42	44	0.4
42	45	0
42	46	0
42	47	0.333
42	48	0
42	49	0
42	50	1
42	51	0.875
42	52	0.857
42	53	0.75
42	54	0.333
43	0	0
43	1	0.133
43	2	0.048
43	3	0
43	4	0
43	5	0
43	6	0
43	7	0
43	8	0
43	9	0
43	10	0
43	11	0
43	12	0
43	13	0
43	14	0
43	15	0
43	16	0
43	17	0
43	18	0
43	19	0
43	20	0.038
43	21	0.032
43	22	0
43	23	0
43	24	0
43	25	0
43	26	0.022
43	27	0.1
43	28	0.233
43	29	0.067
43	30	0.25
43	31	0
43	32	0.167
43	33	0.143
43	34	0.147
43	35	0
43	36	0
43	37	0.143
43	38	0.129
43	39	0.161
43	40	0.105
43	41	0
43	42	0
43	43	0
43	44	0.037
43	45	0
43	46	0.071
43	47	0.095
43	48	0.05
43	49	0.08
43	50	0.238
43	51	0.2
43	52	0.205
43	53	0.216
43	54	0.226
44	0	0
44	1	0
44	2	0
44	3	0
44	4	0
44	5	0
44	6	0
44	7	0
44	9	0
44	10	0
44	11	0
44	13	0
44	14	0
44	15	0
44	17	0
44	18	0
44	19	0
44	20	0
44	21	0
44	22	0
44	23	0
44	24	0
44	25	0
44	26	0
44	27	0
44	28	0.25
44	29	0
44	30	0
44	31	0
44	32	0.2
44	33	0
44	34	0
44	35	0.5
44	36	0.667
44	37	0.2
44	38	0.2
44	39	0.385
44	40	0
44	41	0
44	42	0.375
44	43	0
44	44	0.167
44	45	0.5
44	46	0.2
44	47	0.333
44	48	0.2
44	49	0.2
44	50	1
44	51	0.4
44	52	0.5
44	53	0.286
44	54	0.286
45	0	0.071
45	1	0
45	2	0
45	3	0
45	4	0
45	5	0
45	6	0
45	7	0
45	8	0
45	9	0
45	10	0
45	11	0
45	12	0
45	13	0
45	14	0
45	15	0
45	16	0
45	17	0
45	18	0
45	19	0.2
45	20	0.045
45	21	0.042
45	22	0
45	23	0.059
45	24	0.077
45	25	0.053
45	26	0.111
45	27	0.143
45	28	0.118
45	29	0.167
45	30	0.167
45	31	0.111
45	32	0.167
45	33	0.214
45	34	0.087
45	35	0.6
45	36	0.4
45	37	0.25
45	38	0.19
45	39	0.292
45	40	0.091
45	41	0.167
45	42	0.083
45	43	0.5
45	44	0.077
45	45	0.111
45	46	0.154
45	47	0.133
45	48	0.067
45	49	0.05
45	50	0.16
45	51	0.2
45	52	0.219
45	53	0.161
45	54	0.25
46	0	0.166
46	1	0.023
46	2	0
46	3	0.036
46	4	0
46	5	0
46	6	0
46	7	0
46	8	0
46	9	0
46	10	0
46	11	0
46	12	0
46	13	0
46	14	0
46	15	0
46	16	0
46	17	0
46	18	0
46	19	0
46	20	0
46	21	0
46	22	0
46	23	0.032
46	24	0.047
46	25	0.059
46	26	0.036
46	27	0.172
46	28	0.286
46	29	0.136
46	30	0.062
46	31	0.1
46	32	0.25
46	33	0.25
46	34	0.262
46	35	0.75
46	36	0.667
46	37	0.067
46	38	0.109
46	39	0.222
46	40	0.125
46	41	0.038
46	42	0.091
46	43	0.2
46	44	0.179
46	45	0.05
46	46	0.111
46	47	0.12
46	48	0.333
46	49	0.286
46	50	0.28
46	51	0.39
46	52	0.382
46	53	0.263
46	54	0.296
47	0	0.094
47	1	0
47	2	0
47	3	0
47	4	0
47	5	0
47	6	0
47	7	0
47	8	0
47	9	0
47	10	0
47	11	0
47	12	0
47	13	0
47	14	0
47	15	0
47	16	0
47	17	0
47	18	0
47	19	0
47	20	0.057
47	21	0.122
47	22	0
47	23	0
47	24	0
47	25	0
47	26	0.031
47	27	0.156
47	28	0.15
47	29	0.154
47	30	0
47	31	0.091
47	32	0.154
47	33	0.25
47	34	0.24
47	35	0.2
47	36	0.444
47	37	0.133
47	38	0.182
47	39	0.281
47	40	0.308
47	41	0.2
47	42	0
47	43	0.25
47	44	0.2
47	45	0.25
47	46	0.154
47	47	0.188
47	48	0.214
47	49	0.217
47	50	0.417
47	51	0.326
47	52	0.444
47	53	0.567
47	54	0.438
48	0	0
48	1	0.083
48	2	0
48	3	0
48	4	0
48	5	0
48	6	0
48	7	0
48	8	0
48	9	0
48	10	0
48	11	0
48	12	0
48	13	0
48	14	0
48	16	0
48	17	0
48	18	0
48	19	0
48	20	0
48	21	0
48	22	0
48	23	0
48	24	0
48	25	0
48	26	0
48	27	0
48	28	0
48	29	0
48	30	0
48	31	0
48	32	0
48	33	0
48	34	0
48	37	0
48	38	0
48	39	0.107
48	40	0
48	41	0.056
48	42	0.1
48	43	0.2
48	44	0.077
48	45	0
48	46	0.1
48	47	0
48	48	0.143
48	49	0.167
48	50	0.25
48	51	0.4
48	52	0.387
48	53	0.333
48	54	0.333
49	0	0.114
49	1	0.059
49	2	0
49	3	0
49	4	0
49	5	0
49	6	0
49	7	0
49	8	0
49	9	0
49	10	0
49	11	0
49	12	0
49	13	0
49	14	0
49	15	0
49	16	0
49	17	0
49	18	0
49	19	0
49	20	0.067
49	21	0.038
49	22	0.077
49	23	0.05
49	24	0.029
49	25	0.038
49	26	0.03
49	27	0.098
49	28	0.095
49	29	0.077
49	30	0.125
49	31	0.077
49	32	0
49	33	0.125
49	34	0.065
49	35	0.667
49	36	0.5
49	37	0.214
49	38	0.077
49	39	0.143
49	40	0
49	41	0
49	42	0.143
49	43	0
49	44	0.062
49	45	0.062
49	46	0.111
49	47	0.059
49	48	0
49	49	0.087
49	50	0.118
49	51	0.179
49	52	0.262
49	53	0.111
49	54	0.19
50	0	0.083
50	1	0
50	2	0
50	3	0
50	4	0
50	5	0
50	6	0
50	7	0
50	8	0
50	9	0
50	10	0
50	11	0
50	12	0
50	13	0
50	14	0
50	15	0
50	16	0
50	17	0
50	18	0
50	19	0
50	20	0
50	21	0
50	22	0
50	23	0
50	24	0
50	25	0
50	26	0.062
50	27	0.238
50	28	0.091
50	29	0.143
50	30	0
50	31	0
50	32	0
50	33	0
50	34	0.118
50	35	0
50	36	0
50	37	0
50	38	0.077
50	39	0.095
50	40	0
50	41	0
50	42	0
50	43	0
50	44	0
50	45	0
50	46	0
50	47	0
50	48	0.083
50	49	0.083
50	50	0.111
50	51	0.143
50	52	0.136
50	53	0.087
50	54	0.5
51	0	0.171
51	1	0
51	2	0
51	3	0.105
51	4	0
51	5	0
51	6	0
51	7	0
51	8	0
51	9	0
51	10	0
51	11	0
51	12	0
51	13	0
51	14	0
51	15	0
51	16	0
51	17	0
51	18	0
51	19	0
51	20	0
51	21	0
51	22	0
51	23	0
51	24	0
51	25	0
51	26	0
51	27	0
51	28	0
51	29	0
51	30	0
51	31	0
51	32	0
51	33	0
51	34	0.059
51	35	0
51	36	0
51	37	0
51	38	0
51	39	0.105
51	40	0
51	41	0.1
51	42	0.167
51	43	0
51	44	0.091
51	45	0
51	46	0.2
51	47	0.1
51	48	0
51	49	0.1
51	50	0
51	51	0.12
51	52	0.105
51	53	0.059
51	54	0.167
52	0	0.156
52	1	0.172
52	2	0.069
52	3	0.267
52	4	0.062
52	5	0
52	6	0
52	7	0
52	8	0
52	9	0
52	10	0
52	11	0
52	12	0
52	13	0
52	14	0
52	15	0
52	16	0
52	17	0
52	18	0
52	19	0
52	20	0
52	21	0
52	22	0
52	23	0
52	24	0
52	25	0
52	26	0.071
52	27	0.244
52	28	0.411
52	29	0
52	30	0.167
52	31	0
52	32	0.2
52	33	0.133
52	34	0.125
52	35	0.5
52	36	0.5
52	37	0.182
52	38	0.161
52	39	0.323
52	40	0.111
52	41	0.375
52	42	0.118
52	43	0.5
52	44	0.158
52	45	0.211
52	46	0.2
52	47	0.05
52	48	0.346
52	49	0.208
52	50	0.417
52	51	0.481
52	52	0.393
52	53	0.462
52	54	0.407
53	0	0.077
53	1	0.167
53	2	0
53	3	0
53	4	0
53	5	0
53	6	0
53	7	0
53	8	0
53	9	0
53	10	0
53	11	0
53	12	0
53	13	0
53	14	0
53	15	0
53	16	0
53	17	0
53	18	0
53	19	0
53	20	0
53	21	0
53	22	0
53	23	0
53	24	0
53	25	0
53	26	0.167
53	27	0.238
53	28	0.111
53	29	0.143
53	30	0.5
53	31	0
53	32	0
53	33	0.2
53	34	0.143
53	37	0
53	38	0.2
53	39	0.083
53	40	0.111
53	41	0.2
53	42	0
53	43	0
53	44	0.167
53	45	0.125
53	46	0.333
53	47	0.125
53	48	0
53	49	0
53	50	0.2
53	51	0.105
53	52	0.3
53	53	0.25
53	54	0.091
54	0	0.125
54	1	0.118
54	2	0
54	3	0.074
54	4	0
54	5	0
54	6	0
54	7	0
54	8	0
54	9	0
54	10	0
54	11	0
54	12	0
54	13	0
54	14	0
54	15	0
54	16	0
54	17	0
54	18	0
54	19	0
54	20	0.122
54	21	0
54	22	0
54	23	0
54	24	0
54	25	0
54	26	0
54	27	0.31
54	28	0.133
54	29	0
54	30	0
54	31	0
54	32	0.222
54	33	0.3
54	34	0.15
54	35	0.25
54	36	0.5
54	37	0
54	38	0.333
54	39	0.1
54	40	0.222
54	41	0.188
54	42	0.111
54	43	0.5
54	44	0.105
54	45	0.167
54	46	0.3
54	47	0.333
54	48	0.071
54	49	0.154
54	50	0.188
54	51	0.259
54	52	0.353
54	53	0.219
54	54	0.333
55	0	0.104
55	1	0
55	2	0.037
55	3	0.04
55	4	0
55	5	0
55	6	0
55	7	0
55	8	0
55	9	0
55	10	0
55	11	0
55	12	0
55	13	0
55	14	0
55	15	0
55	16	0
55	17	0
55	18	0.045
55	19	0
55	20	0
55	21	0.034
55	22	0
55	23	0
55	24	0
55	25	0
55	26	0
55	27	0.2
55	28	0.207
55	29	0.083
55	30	0.222
55	31	0.167
55	32	0.125
55	33	0
55	34	0.176
55	35	0
55	36	0
55	37	0.143
55	38	0.214
55	39	0.172
55	40	0.167
55	41	0.091
55	42	0
55	43	0.2
55	44	0.1
55	45	0.2
55	46	0.235
55	47	0.174
55	48	0.143
55	49	0.048
55	50	0.25
55	51	0.295
55	52	0.446
55	53	0.314
55	54	0.5
56	0	0.072
56	1	0.095
56	2	0
56	3	0.038
56	4	0
56	5	0
56	6	0.111
56	7	0
56	8	0
56	9	0
56	10	0
56	11	0.053
56	12	0
56	13	0
56	14	0
56	15	0
56	16	0
56	17	0
56	18	0
56	19	0
56	20	0
56	21	0
56	22	0
56	23	0
56	24	0
56	25	0
56	26	0
56	27	0.14
56	28	0.081
56	29	0.071
56	30	0
56	31	0.059
56	32	0.105
56	33	0.067
56	34	0.075
56	35	0.25
56	36	0.5
56	37	0
56	38	0.029
56	39	0.071
56	40	0.056
56	41	0.071
56	42	0.1
56	43	0
56	44	0.071
56	45	0.067
56	46	0.05
56	47	0.091
56	48	0.107
56	49	0.111
56	50	0.16
56	51	0.25
56	52	0.238
56	53	0.151
56	54	0.176
57	0	0
57	1	0
57	2	0
57	3	0
57	4	0
57	5	0
57	6	0
57	7	0
57	9	0
57	10	0
57	11	0
57	12	0
57	13	0
57	14	0
57	15	0
57	16	0
57	17	0
57	18	0
57	19	0
57	20	0
57	21	0
57	22	0
57	23	0
57	24	0
57	25	0
57	26	0
57	27	0
57	28	0.4
57	29	0
57	31	0
57	32	0.667
57	33	0
57	34	0.167
57	35	0
57	36	0
57	37	0
57	38	0.25
57	39	0.333
57	40	0
57	41	0
57	42	0
57	44	0
57	45	0
57	46	0
57	47	0
57	48	0
57	49	0
57	50	0.333
57	51	0.143
57	52	0.25
57	53	0.167
57	54	0
58	0	0.032
58	1	0
58	2	0
58	3	0.054
58	4	0
58	5	0
58	6	0
58	7	0
58	8	0
58	9	0
58	10	0
58	11	0
58	12	0
58	13	0
58	14	0
58	15	0
58	16	0
58	17	0
58	18	0
58	19	0
58	20	0
58	21	0
58	22	0
58	23	0
58	24	0
58	25	0
58	26	0
58	27	0.167
58	28	0.053
58	29	0
58	30	0
58	31	0
58	32	0.071
58	33	0.25
58	34	0.143
58	35	0
58	36	0.2
58	37	0.077
58	38	0.13
58	39	0.212
58	40	0.2
58	41	0.304
58	42	0.167
58	43	0
58	44	0
58	45	0.083
58	46	0.111
58	47	0.348
58	48	0.458
58	49	0.304
58	50	0.273
58	51	0.27
58	52	0.25
58	53	0.375
58	54	0.389
59	0	0.106
59	1	0.176
59	2	0
59	3	0
59	4	0
59	5	0
59	6	0
59	7	0
59	8	0
59	9	0
59	10	0
59	11	0
59	12	0
59	13	0
59	14	0
59	15	0
59	16	0
59	17	0
59	18	0
59	19	0
59	20	0
59	21	0
59	22	0
59	23	0
59	24	0
59	25	0
59	26	0
59	27	0.059
59	28	0.136
59	29	0
59	30	0
59	31	0
59	32	0
59	33	0.083
59	34	0.053
59	35	0
59	36	1
59	37	0.25
59	38	0.2
59	39	0.111
59	40	0
59	41	0
59	42	0.111
59	43	0
59	44	0.143
59	45	0
59	46	0.111
59	47	0.059
59	48	0.067
59	49	0.056
59	50	0.231
59	51	0.433
59	52	0.349
59	53	0.417
59	54	0.333
60	0	0.569
60	1	0
60	2	0.125
60	3	0.444
60	4	0
60	5	0
60	6	0
60	7	0
60	8	0
60	9	0
60	10	0
60	11	0
60	12	0
60	13	0
60	14	0
60	15	0
60	16	0
60	17	0
60	18	0
60	19	0
60	20	0
60	21	0
60	22	0
60	23	0
60	24	0
60	25	0
60	26	0
60	27	0
60	28	0
60	29	0
60	30	0
60	31	0
60	32	0
60	33	0
60	34	0
60	37	0
60	38	0.125
60	39	0.444
60	40	0.2
60	41	0.2
60	42	0.25
60	43	0
60	44	0
60	45	0
60	46	0
60	47	0
60	48	0
60	49	0
60	50	0
60	51	0.214
60	52	0.25
60	53	0.182
60	54	0.2
61	0	0.294
61	1	0.083
61	2	0.053
61	3	0.19
61	4	0
61	5	0
61	6	0
61	7	0
61	8	0
61	9	0
61	10	0
61	11	0
61	12	0
61	13	0
61	14	0
61	15	0
61	16	0
61	17	0
61	18	0
61	19	0
61	20	0
61	21	0
61	22	0
61	23	0
61	24	0
61	25	0
61	26	0
61	27	0.108
61	28	0
61	29	0
61	30	0
61	31	0
61	32	0.143
61	33	0.077
61	34	0.118
61	35	0
61	36	0.5
61	37	0
61	38	0.056
61	39	0.125
61	40	0
61	41	0.188
61	42	0.182
61	43	0
61	44	0.133
61	45	0.125
61	46	0.2
61	47	0.125
61	48	0.333
61	49	0.263
61	50	0.25
61	51	0.194
61	52	0.346
61	53	0.208
61	54	0.476
62	0	0.059
62	1	0.071
62	2	0
62	3	0.133
62	4	0
62	5	0
62	6	0
62	7	0
62	8	0
62	9	0
62	10	0
62	11	0
62	12	0
62	13	0
62	14	0.041
62	15	0
62	16	0
62	17	0.038
62	18	0.091
62	19	0
62	20	0.042
62	21	0.106
62	22	0.04
62	23	0.135
62	24	0.094
62	25	0.079
62	26	0.138
62	27	0.143
62	28	0.208
62	29	0.087
62	30	0.077
62	31	0.071
62	32	0.125
62	33	0.138
62	34	0.25
62	35	0
62	36	0
62	37	0
62	38	0.078
62	39	0.167
62	40	0.138
62	41	0.143
62	42	0.143
62	43	0.091
62	44	0.243
62	45	0.125
62	46	0.276
62	47	0.229
62	48	0.41
62	49	0.408
62	50	0.524
62	51	0.432
62	52	0.41
62	53	0.276
62	54	0.444
64	0	0.05
64	1	0
64	2	0
64	3	0.059
64	4	0
64	5	0
64	6	0
64	7	0
64	8	0
64	9	0
64	10	0
64	11	0
64	12	0
64	13	0
64	14	0.125
64	15	0
64	16	0
64	17	0
64	18	0.1
64	19	0.4
64	20	0
64	21	0.2
64	22	0.143
64	23	0.286
64	24	0.143
64	25	0.2
64	26	0.2
64	27	0.286
64	28	0.182
64	29	0
64	30	0.667
64	31	0
64	32	0.25
64	33	0.125
64	34	0.25
64	35	0.75
64	36	0.5
64	37	0.5
64	38	0.154
64	39	0.182
64	40	0.111
64	41	0.2
64	42	0
64	43	0
64	44	0
64	45	0.4
64	46	0.125
64	47	0
64	48	0.1
64	49	0.143
64	50	0.143
64	51	0.294
64	52	0.25
64	53	0.471
64	54	0.429
65	0	0.072
65	1	0
65	2	0
65	3	0
65	4	0
65	5	0
65	6	0
65	7	0
65	8	0
65	9	0
65	10	0
65	11	0
65	12	0
65	13	0
65	14	0
65	15	0
65	16	0
65	17	0
65	18	0
65	19	0
65	20	0
65	21	0
65	22	0
65	23	0.077
65	24	0.097
65	25	0.136
65	26	0.184
65	27	0.211
65	28	0.105
65	29	0.231
65	30	0.125
65	31	0.083
65	32	0.111
65	33	0.143
65	34	0.074
65	35	0
65	36	0
65	37	0
65	38	0.037
65	39	0.176
65	40	0.158
65	41	0.136
65	42	0.154
65	43	0.2
65	44	0.059
65	45	0
65	46	0.167
65	47	0.062
65	48	0.167
65	49	0.121
65	50	0.235
65	51	0.417
65	52	0.575
65	53	0.375
65	54	0.52
66	0	0
66	1	0.2
66	2	0
66	3	0
66	4	0
66	5	0
66	6	0
66	7	0
66	8	0
66	9	0
66	10	0
66	11	0
66	12	0
66	13	0
66	14	0
66	15	0
66	16	0
66	17	0
66	18	0
66	19	0
66	20	0
66	21	0.105
66	22	0
66	23	0
66	24	0
66	25	0
66	26	0
66	27	0
66	28	0
66	29	0
66	30	0
66	31	0
66	32	0
66	33	0
66	34	0
66	35	0
66	36	0
66	37	0
66	38	0
66	39	0
66	40	0
66	41	0
66	42	0
66	43	0
66	44	0
66	45	0
66	46	0
66	47	0
66	48	0
66	49	0
66	50	0
66	51	0
66	52	0
66	53	0
66	54	0
67	0	0
67	1	0
67	2	0
67	3	0
67	4	0
67	5	0
67	6	0
67	7	0
67	8	0
67	9	0
67	10	0
67	11	0
67	12	0
67	13	0
67	14	0
67	15	0
67	16	0
67	17	0
67	18	0
67	19	0
67	20	0.037
67	21	0.037
67	22	0
67	23	0
67	24	0
67	25	0
67	26	0
67	27	0
67	28	0
67	29	0
67	30	0
67	31	0
67	32	0
67	33	0
67	34	0
67	35	0
67	36	0
67	37	0
67	38	0
67	39	0
67	40	0
67	41	0
67	42	0
67	43	0
67	44	0
67	45	0
67	46	0
67	47	0
67	48	0
67	49	0
67	50	0
67	51	0.065
67	52	0.065
67	53	0.053
67	54	0.03
68	0	0.127
68	1	0
68	2	0
68	3	0.209
68	4	0
68	5	0
68	6	0
68	7	0
68	8	0
68	9	0
68	10	0
68	11	0
68	12	0
68	13	0
68	14	0.048
68	15	0
68	16	0
68	17	0
68	18	0
68	19	0
68	20	0.027
68	21	0
68	22	0
68	23	0.056
68	24	0.088
68	25	0
68	26	0.031
68	27	0.262
68	28	0.206
68	29	0
68	30	0.286
68	31	0
68	32	0.2
68	33	0.417
68	34	0.217
68	35	0
68	36	1
68	37	0.286
68	38	0.19
68	39	0.333
68	40	0.25
68	41	0.222
68	42	0
68	43	0.143
68	44	0.316
68	45	0.231
68	46	0.154
68	47	0.385
68	48	0.278
68	49	0.087
68	50	0.188
68	51	0.561
68	52	0.578
68	53	0.4
68	54	0.304
69	0	0.022
69	1	0
69	2	0
69	3	0
69	4	0
69	5	0
69	6	0
69	7	0
69	9	0
69	10	0
69	11	0
69	12	0
69	13	0
69	14	0
69	15	0
69	16	0
69	17	0
69	18	0
69	19	0
69	20	0
69	21	0
69	22	0
69	23	0
69	24	0
69	25	0
69	26	0
69	27	0.042
69	28	0.077
69	29	0
69	30	0
69	31	0
69	32	0
69	33	0
69	34	0.071
69	35	0
69	36	0
69	37	0
69	38	0
69	39	0
69	40	0.143
69	41	0
69	42	0.091
69	43	0.333
69	44	0
69	45	0.1
69	46	0
69	47	0.091
69	48	0
69	49	0.062
69	50	0.077
69	51	0.1
69	52	0
69	53	0.037
69	54	0.067
70	0	0.164
70	1	0
70	2	0.132
70	3	0.2
70	4	0
70	5	0
70	6	0
70	7	0
70	8	0
70	9	0
70	10	0
70	11	0
70	12	0
70	13	0
70	14	0.038
70	15	0
70	16	0
70	17	0
70	18	0.048
70	19	0
70	20	0.167
70	21	0.08
70	22	0.077
70	23	0
70	24	0.071
70	25	0.067
70	26	0.118
70	27	0.284
70	28	0.105
70	29	0.091
70	30	0.1
70	31	0.091
70	32	0.059
70	33	0.25
70	34	0.129
70	35	0.286
70	36	0.222
70	37	0.231
70	38	0.115
70	39	0.171
70	40	0.158
70	41	0.083
70	42	0.143
70	43	0.167
70	44	0.143
70	45	0.143
70	46	0.067
70	47	0.118
70	48	0.188
70	49	0.087
70	50	0.222
70	51	0.25
70	52	0.269
70	53	0.237
70	54	0.111
71	0	0.057
71	1	0
71	2	0
71	3	0
71	4	0
71	5	0
71	6	0
71	7	0
71	9	0
71	10	0
71	11	0
71	12	0
71	13	0
71	14	0
71	15	0
71	16	0
71	17	0
71	18	0
71	19	0
71	20	0
71	21	0
71	22	0
71	23	0
71	24	0
71	25	0
71	26	0
71	27	0.167
71	28	0
71	29	0
71	30	0
71	32	0.2
71	33	0
71	34	0.167
71	35	0
71	36	0
71	37	0
71	38	0
71	39	0.167
71	40	0.2
71	41	0
71	42	0.333
71	44	0.25
71	45	0.333
71	46	0
71	47	0.5
71	48	0.96
71	49	0.667
71	50	0.636
71	51	0.125
71	52	0
71	53	0
71	54	0.25
72	0	0.136
72	1	0
72	2	0.105
72	3	0.147
72	4	0
72	5	0
72	6	0
72	7	0
72	8	0
72	9	0
72	10	0
72	11	0
72	12	0
72	13	0.048
72	14	0
72	15	0.143
72	16	0
72	17	0.091
72	18	0.091
72	19	0
72	20	0.091
72	21	0.111
72	22	0.091
72	23	0.062
72	24	0.053
72	25	0.111
72	26	0.083
72	27	0.167
72	28	0.167
72	29	0.077
72	30	0
72	31	0.333
72	32	0
72	33	0.167
72	34	0.105
72	37	0.25
72	38	0.235
72	39	0.414
72	40	0.214
72	41	0.5
72	42	0.286
72	43	0.25
72	44	0.4
72	45	0.333
72	46	0.286
72	47	0.385
72	48	0.5
72	49	0.45
72	50	0.455
72	51	0.355
72	52	0.386
72	53	0.421
72	54	0.429
73	0	0.034
73	1	0.062
73	2	0
73	3	0
73	4	0
73	5	0
73	6	0
73	7	0
73	8	0
73	9	0
73	10	0
73	11	0
73	12	0
73	13	0
73	14	0.043
73	15	0
73	16	0
73	17	0.062
73	18	0
73	19	0.071
73	20	0
73	21	0.045
73	22	0.062
73	23	0
73	24	0.048
73	25	0.071
73	26	0.042
73	27	0.054
73	28	0
73	29	0
73	30	0
73	31	0
73	32	0.071
73	33	0
73	34	0.053
73	35	0
73	36	0
73	37	0
73	38	0
73	39	0
73	40	0
73	41	0
73	42	0
73	43	0
73	44	0.167
73	45	0
73	46	0
73	47	0.125
73	48	0.25
73	49	0.19
73	50	0.333
73	51	0.16
73	52	0.357
73	53	0.273
73	54	0.083
74	0	0
74	1	0.125
74	2	0
74	3	0
74	4	0
74	5	0
74	6	0
74	7	0
74	9	0
74	10	0
74	11	0
74	12	0
74	13	0
74	14	0
74	15	0
74	16	0
74	17	0
74	18	0
74	19	0
74	20	0
74	21	0
74	22	0
74	23	0
74	24	0
74	25	0
74	26	0.062
74	27	0.333
74	28	0.2
74	29	0
74	30	0.5
74	31	0
74	32	0.3
74	33	0.167
74	34	0.083
74	35	0
74	36	0
74	37	0
74	38	0.333
74	39	0.308
74	40	0.083
74	41	0.143
74	42	0.5
74	43	0.25
74	44	0.417
74	45	0.4
74	46	0
74	47	0.111
74	48	0.273
74	49	0.333
74	50	0.167
74	51	0.417
74	52	0.6
74	53	0.529
74	54	0.545
75	0	0.062
75	1	0.167
75	2	0
75	3	0
75	4	0
75	5	0
75	6	0
75	7	0
75	8	0
75	9	0
75	10	0
75	11	0
75	12	0
75	13	0
75	14	0
75	15	0
75	16	0
75	17	0
75	18	0
75	19	0
75	20	0
75	21	0
75	22	0
75	23	0.091
75	24	0.091
75	25	0.077
75	26	0.182
75	27	0.25
75	28	0.364
75	29	0.286
75	30	0.25
75	31	0
75	32	0.222
75	33	0.5
75	34	0.167
75	35	0
75	36	0
75	37	0.125
75	38	0.25
75	39	0.412
75	40	0.4
75	41	0.25
75	42	0.333
75	43	0.5
75	44	0.545
75	45	0.6
75	46	0.333
75	47	0.5
75	48	0.7
75	49	0.4
75	50	0.444
75	51	0.419
75	52	0.545
75	53	0.474
75	54	0.667
76	0	0.011
76	1	0
76	2	0
76	3	0
76	4	0
76	5	0
76	6	0
76	7	0
76	8	0
76	9	0
76	10	0.111
76	11	0
76	12	0
76	13	0
76	14	0
76	15	0
76	16	0
76	17	0
76	18	0
76	19	0
76	20	0.062
76	21	0
76	22	0
76	23	0
76	24	0
76	25	0
76	26	0.053
76	27	0.122
76	28	0.043
76	29	0.25
76	30	0.143
76	31	0
76	32	0.214
76	33	0.25
76	34	0.25
76	35	0.25
76	36	0.455
76	37	0.308
76	38	0.217
76	39	0.237
76	40	0.381
76	41	0.28
76	42	0.214
76	43	0.333
76	44	0.35
76	45	0.182
76	46	0.231
76	47	0.071
76	48	0.158
76	49	0.346
76	50	0.4
76	51	0.457
76	52	0.415
76	53	0.444
76	54	0.267
77	0	0.051
77	1	0
77	2	0
77	3	0
77	4	0
77	5	0
77	6	0
77	7	0
77	8	0
77	9	0
77	10	0
77	11	0
77	12	0
77	13	0
77	14	0
77	15	0
77	16	0
77	17	0
77	18	0
77	19	0
77	20	0
77	21	0
77	22	0.2
77	23	0
77	24	0
77	25	0
77	26	0
77	27	0.375
77	28	0.5
77	29	1
77	30	0
77	31	0
77	32	0.667
77	33	1
77	34	0.667
77	37	0
77	38	1
77	39	1
77	40	0.667
77	41	1
77	42	0.5
77	44	1
77	45	1
77	46	1
77	47	1
77	48	0.667
77	49	0.8
77	50	1
77	51	0.75
77	52	1
77	53	1
77	54	1
78	0	0.057
78	1	0.167
78	2	0
78	3	0
78	4	0
78	5	0
78	6	0
78	7	0
78	8	0
78	9	0
78	10	0
78	11	0
78	12	0
78	13	0.071
78	14	0.077
78	15	0
78	16	0
78	17	0
78	18	0
78	19	0.133
78	20	0.059
78	21	0
78	22	0
78	23	0
78	24	0
78	25	0.091
78	26	0.118
78	27	0.318
78	28	0.083
78	29	0.167
78	30	0
78	31	0.167
78	32	0.286
78	33	0.571
78	34	0.133
78	35	0
78	36	0
78	37	0
78	38	0.267
78	39	0.412
78	40	0.1
78	41	0.364
78	42	0.3
78	43	0
78	44	0.2
78	45	0.167
78	46	0.667
78	47	0.333
78	48	0.25
78	49	0.4
78	50	0.375
78	51	0.737
78	52	0.5
78	53	0.357
78	54	0.6
79	0	0
79	1	0
79	2	0
79	3	0
79	4	0
79	5	0
79	6	0
79	7	0
79	8	0
79	9	0
79	10	0
79	11	0
79	12	0
79	13	0
79	14	0
79	15	0
79	16	0
79	17	0
79	18	0
79	19	0
79	20	0
79	21	0
79	22	0
79	23	0
79	24	0
79	25	0
79	26	0.2
79	27	0.417
79	28	0.333
79	29	0.6
79	30	0
79	31	0
79	32	0.25
79	33	0.333
79	34	0.125
79	37	0
79	38	0.545
79	39	0.615
79	40	0.8
79	41	0.778
79	42	0.2
79	43	1
79	44	0.222
79	45	0.375
79	46	0.5
79	47	0.429
79	48	0.167
79	49	0.455
79	50	0.857
79	51	0.875
79	52	0.636
79	53	0.5
79	54	0.462
80	0	0.032
80	1	0.067
80	2	0
80	3	0
80	4	0
80	5	0
80	6	0
80	7	0
80	8	0
80	9	0
80	10	0
80	11	0
80	12	0
80	13	0.143
80	14	0
80	15	0
80	16	0
80	17	0
80	18	0
80	19	0
80	20	0
80	21	0
80	22	0
80	23	0
80	24	0.077
80	25	0
80	26	0
80	27	0.286
80	28	0.5
80	29	0.333
80	30	0
80	31	0.667
80	32	0.6
80	33	0.4
80	34	0.444
80	37	0
80	38	0.615
80	39	0.727
80	40	0.5
80	41	0.429
80	42	0.4
80	43	0
80	44	0.25
80	45	0.25
80	46	0.333
80	47	0.286
80	48	0.571
80	49	0.429
80	50	0.571
80	51	0.826
80	52	0.85
80	53	0.733
80	54	0.5
81	0	0
81	1	0
81	2	0.105
81	3	0
81	4	0
81	5	0.067
81	6	0
81	7	0
81	8	0
81	9	0
81	10	0
81	11	0
81	12	0
81	13	0.105
81	14	0.115
81	15	0
81	16	0.111
81	17	0.091
81	18	0.125
81	19	0.231
81	20	0.333
81	21	0.286
81	22	0.222
81	23	0.308
81	24	0.44
81	25	0.579
81	26	0.469
81	27	0.488
81	28	0.524
81	29	0.222
81	30	0.111
81	31	0.8
81	32	0.667
81	33	0.6
81	34	0.458
81	35	0.667
81	36	0.333
81	37	0.231
81	38	0.714
81	39	0.806
81	40	0.778
81	41	0.552
81	42	0.438
81	43	0.6
81	44	0.4
81	45	0.5
81	46	0.5
81	47	0.4
81	48	0.435
81	49	0.6
81	50	0.765
81	51	0.757
81	52	0.795
81	53	0.838
81	54	0.591
83	0	0
83	1	0
83	2	0
83	3	0
83	4	0
83	5	0
83	6	0
83	7	0
83	8	0
83	9	0
83	10	0
83	11	0.111
83	12	0
83	13	0.071
83	14	0.182
83	15	0
83	16	0
83	17	0
83	18	0
83	19	0.286
83	20	0.071
83	21	0
83	22	0
83	23	0
83	24	0.077
83	25	0.111
83	26	0.273
83	27	0.462
83	28	0.4
83	29	0.333
83	30	0
83	31	0
83	32	0.375
83	33	0.2
83	34	0.385
83	35	0.333
83	36	0.333
83	37	0.333
83	38	0.286
83	39	0.25
83	40	0.167
83	41	0.1
83	42	0.25
83	43	0
83	44	0
83	45	0
83	46	0.125
83	47	0.167
83	48	0.143
83	49	0.2
83	50	0.5
83	51	0.421
83	52	0.556
83	53	0.474
83	54	0.583
84	0	0.083
84	1	0
84	2	0
84	3	0
84	4	0
84	5	0
84	6	0
84	7	0
84	8	0
84	9	0
84	10	0
84	11	0
84	12	0
84	13	0.167
84	14	0
84	15	0
84	16	0
84	17	0
84	18	0
84	19	0
84	20	0.111
84	21	0
84	22	0
84	23	0
84	24	0.25
84	25	0.111
84	26	0.273
84	27	0.462
84	28	0.571
84	29	0.265
84	30	1
84	31	0.286
84	32	0.5
84	33	0
84	34	0.667
84	35	1
84	36	1
84	37	0.4
84	38	0.571
84	39	0.583
84	40	0.9
84	41	0.571
84	42	0
84	43	0
84	44	0.333
84	45	0.25
84	46	0.333
84	47	0
84	48	0.375
84	49	0.4
84	50	0.6
84	51	0.9
84	52	0.692
84	53	0.571
84	54	0.571
85	0	0.043
85	1	0.2
85	2	0
85	3	0
85	4	0
85	5	0
85	6	0
85	7	0
85	8	0
85	9	0
85	10	0
85	11	0
85	12	0
85	13	0.286
85	14	0.167
85	15	0
85	16	0
85	17	0
85	18	0
85	19	0
85	20	0.154
85	21	0
85	22	0
85	23	0
85	24	0
85	25	0
85	26	0
85	27	0.294
85	28	0.111
85	29	0.2
85	30	0
85	31	0.167
85	32	0
85	33	0.125
85	34	0.143
85	37	0.667
85	38	0.444
85	39	0.588
85	40	0.429
85	41	0.538
85	42	0.571
85	44	0.3
85	45	0.143
85	46	0.167
85	47	0.5
85	48	0.4
85	49	0.4
85	50	0.667
85	51	0.85
85	52	0.8
85	53	0.778
85	54	0.786
86	0	0
86	1	0.222
86	2	0.083
86	3	0
86	4	0
86	5	0
86	6	0
86	7	0
86	8	0
86	9	0
86	10	0
86	11	0
86	12	0
86	13	0.545
86	14	0.545
86	15	0
86	16	0
86	17	0.143
86	18	0.5
86	19	0.25
86	20	0.267
86	21	0.25
86	22	0.167
86	23	0.3
86	24	0.333
86	25	0.2
86	26	0.176
86	27	0.316
86	28	0.091
86	29	0
86	30	0
86	31	0.2
86	32	0.143
86	33	0.3
86	34	0.182
86	37	0
86	38	0.273
86	39	0.462
86	40	0.5
86	41	0.545
86	42	0.167
86	43	0
86	44	0.538
86	45	0.667
86	46	0.667
86	47	0.25
86	48	0.5
86	49	0.571
86	50	0.6
86	51	0.562
86	52	0.609
86	53	0.579
86	54	0.75
87	0	0
87	1	0.226
87	2	0
87	3	0.03
87	4	0
87	5	0
87	6	0
87	7	0
87	8	0
87	9	0
87	10	0
87	11	0
87	12	0
87	13	0.04
87	14	0
87	15	0
87	16	0
87	17	0
87	18	0
87	19	0
87	20	0
87	21	0
87	22	0
87	23	0
87	24	0
87	25	0
87	26	0.038
87	27	0.385
87	28	0.091
87	29	0.143
87	30	0.1
87	31	0.25
87	32	0.182
87	33	0.25
87	34	0.292
87	35	1
87	36	0.4
87	37	0.364
87	38	0.235
87	39	0.484
87	40	0.235
87	41	0.2
87	42	0
87	43	1
87	44	0.263
87	45	0.371
87	46	0.375
87	47	0.5
87	48	0.25
87	49	0.625
87	50	0.333
87	51	0.5
87	52	0.125
87	53	0.429
87	54	0.667
88	0	0
88	1	0.222
88	2	0.115
88	3	0.115
88	4	0
88	5	0
88	6	0
88	7	0
88	8	0
88	9	0
88	10	0
88	11	0
88	12	0
88	13	0
88	14	0.071
88	15	0
88	16	0
88	17	0
88	18	0.091
88	19	0
88	20	0
88	21	0
88	22	0
88	23	0
88	24	0
88	25	0
88	26	0.067
88	27	0.143
88	28	0.2
88	29	0
88	30	0
88	31	0
88	32	0
88	33	0
88	34	0.071
88	35	0
88	36	0
88	37	0
88	38	0.167
88	39	0.133
88	40	0.25
88	41	0.143
88	42	0.125
88	43	0.25
88	44	0.214
88	45	0
88	46	0.2
88	47	0.2
88	48	0.2
88	49	0
88	50	0
88	51	0.6
88	52	1
88	53	0.6
88	54	1
89	0	0.028
89	1	0
89	2	0
89	3	0
89	4	0
89	5	0
89	6	0
89	7	0
89	8	0
89	9	0
89	10	0
89	11	0
89	12	0
89	13	0
89	14	0
89	15	0
89	16	0
89	17	0
89	18	0
89	19	0
89	20	0.062
89	21	0
89	22	0
89	23	0
89	24	0.111
89	25	0.143
89	26	0
89	27	0.348
89	28	0.5
89	29	0
89	30	0
89	31	0.4
89	32	0
89	33	0.4
89	34	0.385
89	35	0
89	36	0
89	37	0.286
89	38	0.556
89	39	0.556
89	40	0.5
89	41	0.833
89	42	0.5
89	43	0.333
89	44	0.333
89	45	0.333
89	46	0.333
89	47	0.4
89	48	0.5
89	49	0.667
89	50	0.25
89	51	0.5
89	52	0.429
89	53	0.4
89	54	0.636
90	0	0.24
90	1	0.273
90	2	0.038
90	3	0.243
90	4	0
90	5	0
90	6	0
90	7	0
90	8	0
90	9	0
90	10	0
90	11	0
90	12	0
90	13	0.143
90	14	0.042
90	15	0
90	16	0
90	17	0
90	18	0.294
90	19	0.2
90	20	0.375
90	21	0.238
90	22	0.091
90	23	0.062
90	24	0.3
90	25	0.16
90	26	0.294
90	27	0.474
90	28	0.333
90	29	0.154
90	30	0.75
90	31	0.071
90	32	0.154
90	33	0.312
90	34	0.308
90	35	0.286
90	36	0.357
90	37	0.333
90	38	0.321
90	39	0.312
90	40	0.5
90	41	0.172
90	42	0.4
90	43	0
90	44	0.364
90	45	0.357
90	46	0.444
90	47	0.071
90	48	0.286
90	49	0.333
90	50	0.333
90	51	0.641
90	52	0.727
90	53	0.5
90	54	0.588
91	0	0.122
91	1	0.4
91	2	0
91	3	0
91	4	0
91	5	0
91	6	0
91	7	0
91	8	0
91	9	0
91	10	0
91	11	0
91	12	0.333
91	13	0.182
91	14	0.133
91	15	0
91	16	0
91	17	0.083
91	18	0.25
91	19	0.3
91	20	0.133
91	21	0.1
91	22	0
91	23	0
91	24	0.312
91	25	0.143
91	26	0.294
91	27	0.72
91	28	0.556
91	29	0.167
91	30	0.375
91	31	0.5
91	32	0.455
91	33	0.375
91	34	0.357
91	37	0.25
91	38	0.75
91	39	0.875
91	40	0.947
91	41	0.786
91	42	0.5
91	43	0.5
91	44	0.87
91	45	1
91	46	0.9
91	47	0.857
91	48	0.909
91	49	0.929
91	50	1
91	51	1
91	52	0.969
91	53	0.857
91	54	0.778
92	0	0.05
92	1	0
92	2	0.091
92	3	0.176
92	4	0
92	5	0
92	6	0
92	7	0
92	8	0
92	9	0
92	10	0
92	11	0
92	13	0.111
92	14	0.235
92	15	0
92	16	0
92	17	0.25
92	18	0.154
92	19	0.417
92	20	0.615
92	21	0.556
92	22	0.5
92	23	0.444
92	24	0.6
92	25	0.6
92	26	0.615
92	27	0.667
92	28	0.625
92	29	0.167
92	30	0.667
92	31	0.4
92	32	0.5
92	33	0.75
92	34	0.714
92	37	0.4
92	38	0.636
92	39	0.583
92	40	0.833
92	41	0.643
92	42	0.375
92	43	0.5
92	44	0.588
92	45	0.286
92	46	0.5
92	47	0.375
92	48	0.75
92	49	0.455
92	50	0.571
92	51	0.68
92	52	0.68
92	53	0.632
92	54	0.667
93	0	0.083
93	1	0
93	2	0
93	3	0
93	5	0
93	6	0.2
93	7	0
93	8	0
93	9	0.083
93	10	0
93	11	0
93	12	0.2
93	13	0.111
93	14	0.304
93	15	0
93	16	0
93	17	0
93	18	0
93	19	0.056
93	20	0.25
93	21	0.267
93	22	0.083
93	23	0.071
93	24	0.222
93	25	0.1
93	26	0.25
93	27	0.562
93	28	0.412
93	29	0.182
93	30	0.2
93	31	0
93	32	0.091
93	33	0.333
93	34	0.222
93	35	1
93	36	1
93	37	0.2
93	38	0.333
93	39	0.385
93	40	0.591
93	41	0.364
93	42	0.333
93	43	0.25
93	44	0.36
93	45	0.333
93	46	0.444
93	47	0.385
93	48	0.286
93	49	0.294
93	50	0.667
93	51	0.8
93	52	0.778
93	53	0.696
93	54	0.545
94	0	0.3
94	1	0.25
94	2	0
94	3	0.182
94	4	0
94	5	0
94	6	0
94	7	0
94	8	0
94	9	0
94	10	0
94	11	0
94	12	0
94	13	0
94	14	0.444
94	15	0
94	16	0
94	17	0
94	18	0
94	19	0.417
94	20	0.333
94	21	0.364
94	22	0
94	23	0.286
94	24	0.25
94	25	0.125
94	26	0.2
94	27	0.562
94	28	0.667
94	29	0
94	30	0.5
94	31	0
94	32	0.25
94	33	0
94	34	0.231
94	35	0
94	36	0
94	37	0
94	38	0.444
94	39	0.545
94	40	0.6
94	41	0.692
94	42	0.667
94	43	0.929
94	44	0.714
94	45	0.6
94	46	0.333
94	47	0.6
94	48	0.5
94	49	0.714
94	50	1
94	51	0.8
94	52	0.941
94	53	0.818
94	54	1
95	0	0.111
95	1	0.267
95	2	0.158
95	3	0
95	4	0
95	5	0
95	6	0.286
95	7	0
95	8	0
95	9	0.083
95	10	0
95	11	0.077
95	12	0
95	13	0.15
95	14	0.286
95	15	0.2
95	16	0
95	17	0.071
95	18	0.071
95	19	0.111
95	20	0.136
95	21	0.125
95	22	0.125
95	23	0.133
95	24	0.077
95	25	0.176
95	26	0.208
95	27	0.438
95	28	0.412
95	29	0.308
95	30	0.333
95	31	0.286
95	32	0.222
95	33	0.5
95	34	0.4
95	37	0.2
95	38	0.591
95	39	0.75
95	40	0.667
95	41	0.75
95	42	0.615
95	43	0.5
95	44	0.571
95	45	0.333
95	46	0.625
95	47	0.615
95	48	0.375
95	49	0.6
95	50	0.842
95	51	0.833
95	52	0.86
95	53	0.966
95	54	0.7
96	0	0.051
96	1	0.267
96	2	0
96	3	0
96	4	0
96	5	0
96	6	0
96	7	0
96	8	0
96	9	0
96	10	0
96	11	0.056
96	12	0
96	13	0.05
96	14	0.054
96	15	0
96	16	0
96	17	0
96	18	0.043
96	19	0.115
96	20	0.103
96	21	0.04
96	22	0
96	23	0
96	24	0.077
96	25	0.048
96	26	0.061
96	27	0.295
96	28	0.423
96	29	0.364
96	30	0.286
96	31	0
96	32	0.467
96	33	0.167
96	34	0.267
96	35	0.222
96	36	0.2
96	37	0.32
96	38	0.448
96	39	0.419
96	40	0.45
96	41	0.433
96	42	0.125
96	43	0
96	44	0.333
96	45	0.267
96	46	0.267
96	47	0.067
96	48	0.28
96	49	0.357
96	50	0.318
96	51	0.583
96	52	0.661
96	53	0.608
96	54	0.778
98	0	0.117
98	1	0.077
98	2	0.122
98	3	0
98	4	0
98	5	0.125
98	6	0
98	7	0
98	8	0
98	9	0
98	10	0
98	11	0.04
98	12	0.133
98	13	0.175
98	14	0.15
98	15	0
98	16	0.16
98	17	0.083
98	18	0.133
98	19	0.062
98	20	0.114
98	21	0.147
98	22	0.19
98	23	0.233
98	24	0.161
98	25	0.121
98	26	0.18
98	27	0.38
98	28	0.394
98	29	0.235
98	30	0.333
98	31	0.357
98	32	0.421
98	33	0.167
98	34	0.293
98	35	0
98	36	0.143
98	37	0.214
98	38	0.316
98	39	0.404
98	40	0.414
98	41	0.356
98	42	0.15
98	43	0.417
98	44	0.489
98	45	0.273
98	46	0.571
98	47	0.316
98	48	0.357
98	49	0.302
98	50	0.423
98	51	0.525
98	52	0.589
98	53	0.429
98	54	0.615
99	0	0.091
99	1	0
99	2	0.219
99	3	0.067
99	4	0
99	5	0.286
99	6	0.25
99	7	0
99	8	0
99	9	0
99	10	0
99	11	0
99	12	0
99	13	0.125
99	14	0
99	15	0.667
99	17	0
99	18	0
99	19	0
99	20	0
99	21	0
99	22	0.167
99	23	0.25
99	24	0.273
99	25	0.333
99	26	0.364
99	27	0.333
99	28	0.625
99	29	0.111
99	30	0.333
99	31	0.2
99	32	0.059
99	33	0.208
99	34	0.138
99	35	0
99	36	0
99	37	0.095
99	38	0.061
99	39	0.077
99	40	0.036
99	41	0
99	42	0
99	43	0
99	44	0.077
99	45	0.087
99	46	0.062
99	47	0
99	48	0.04
99	49	0.083
99	50	0.125
99	51	0.046
99	52	0.055
99	53	0.13
99	54	0.094
100	0	0.088
100	1	0.25
100	2	0.136
100	3	0.016
100	4	0
100	5	0
100	6	0.043
100	7	0
100	8	0
100	9	0
100	10	0
100	11	0
100	12	0.111
100	13	0.085
100	14	0.016
100	15	0.091
100	16	0
100	17	0
100	18	0.053
100	19	0
100	20	0.041
100	21	0.068
100	22	0.074
100	23	0.143
100	24	0.113
100	25	0.06
100	26	0.085
100	27	0.309
100	28	0.314
100	29	0.069
100	30	0.125
100	31	0.261
100	32	0.25
100	33	0.29
100	34	0.152
100	35	0.143
100	36	0.182
100	37	0.154
100	38	0.258
100	39	0.319
100	40	0.279
100	41	0.192
100	42	0.19
100	43	0.273
100	44	0.264
100	45	0.29
100	46	0.286
100	47	0.273
100	48	0.225
100	49	0.254
100	50	0.391
100	51	0.339
100	52	0.447
100	53	0.347
100	54	0.517
101	0	0.036
101	1	0
101	2	0
101	3	0
101	4	0
101	5	0
101	6	0
101	7	0
101	8	0
101	9	0
101	10	0
101	11	0
101	12	0
101	13	0
101	14	0
101	15	0
101	16	0.125
101	17	0.091
101	18	0.077
101	19	0.111
101	20	0.229
101	21	0
101	22	0.143
101	23	0
101	24	0.067
101	25	0.083
101	26	0.067
101	27	0.344
101	28	0.452
101	29	0.286
101	30	0
101	31	0.167
101	32	0
101	33	0.333
101	34	0.28
101	37	0
101	38	0.263
101	39	0.522
101	40	0.633
101	41	0.52
101	42	0.353
101	43	0.8
101	44	0.541
101	45	0.25
101	46	0.625
101	47	0.333
101	48	0.421
101	49	0.5
101	50	0.591
101	51	0.68
101	52	0.545
101	53	0.438
101	54	0.464
102	0	0.053
102	1	0.074
102	2	0
102	3	0
102	4	0
102	5	0.048
102	6	0.087
102	7	0
102	8	0
102	9	0
102	10	0.028
102	11	0
102	12	0
102	13	0
102	14	0.017
102	15	0
102	16	0
102	17	0
102	18	0
102	19	0
102	20	0.039
102	21	0
102	22	0
102	23	0.034
102	24	0.098
102	25	0.103
102	26	0.105
102	27	0.313
102	28	0.111
102	29	0.083
102	30	0.105
102	31	0.222
102	32	0.179
102	33	0.148
102	34	0.22
102	35	0.571
102	36	0.583
102	37	0.25
102	38	0.25
102	39	0.297
102	40	0.34
102	41	0.302
102	42	0.194
102	43	0.444
102	44	0.375
102	45	0.28
102	46	0.312
102	47	0.219
102	48	0.308
102	49	0.24
102	50	0.438
102	51	0.446
102	52	0.549
102	53	0.494
102	54	0.603
103	0	0.042
103	1	0.375
103	2	0
103	3	0.045
103	4	0
103	5	0
103	6	0.25
103	7	0
103	8	0
103	9	0
103	10	0
103	11	0
103	12	0
103	13	0
103	14	0.176
103	15	0
103	16	0
103	17	0
103	18	0.111
103	19	0.462
103	20	0.333
103	21	0.083
103	22	0
103	23	0.125
103	24	0.4
103	25	0.333
103	26	0.267
103	27	0.5
103	28	0.273
103	29	0.222
103	30	0
103	31	0.333
103	32	0.286
103	33	0.25
103	34	0.375
103	35	0.75
103	36	0
103	37	0.25
103	38	0.333
103	39	0.444
103	40	0.333
103	41	0.462
103	42	0.444
103	43	0.636
103	44	0.417
103	45	0.143
103	46	0.1
103	47	0
103	48	0.214
103	49	0.3
103	50	0.385
103	51	0.567
103	52	0.278
103	53	0.48
103	54	0.609
104	0	0.062
104	1	0
104	2	0
104	3	0.118
104	4	0
104	5	0
104	6	0
104	7	0
104	8	0
104	9	0
104	10	0
104	11	0.038
104	12	0
104	13	0.056
104	14	0.133
104	15	0.04
104	16	0
104	17	0.037
104	18	0.049
104	19	0.312
104	20	0.19
104	21	0.102
104	22	0.059
104	23	0.238
104	24	0.175
104	25	0.212
104	26	0.273
104	27	0.255
104	28	0.3
104	29	0.226
104	30	0.056
104	31	0.273
104	32	0.451
104	33	0.438
104	34	0.379
104	35	0.6
104	36	0.55
104	37	0.343
104	38	0.433
104	39	0.425
104	40	0.554
104	41	0.373
104	42	0.205
104	43	0.63
104	44	0.466
104	45	0.344
104	46	0.5
104	47	0.415
104	48	0.587
104	49	0.441
104	50	0.545
104	51	0.688
104	52	0.619
104	53	0.619
104	54	0.661
105	0	0.137
105	1	0.077
105	2	0.037
105	3	0.171
105	4	0
105	5	0
105	6	0.091
105	7	0
105	8	0
105	9	0
105	10	0
105	11	0
105	12	0
105	13	0
105	14	0.028
105	15	0
105	16	0
105	17	0
105	18	0
105	19	0
105	20	0.07
105	21	0.08
105	22	0
105	23	0.118
105	24	0.071
105	25	0
105	26	0.2
105	27	0.325
105	28	0.469
105	29	0
105	30	0.1
105	31	0.333
105	32	0.769
105	33	0.444
105	34	0.457
105	35	0.833
105	36	1
105	37	0.625
105	38	0.636
105	39	0.634
105	40	0.633
105	41	0.462
105	42	0.529
105	43	0.542
105	44	0.656
105	45	0.286
105	46	0.5
105	47	0.308
105	48	0.609
105	49	0.429
105	50	0.667
105	51	0.75
105	52	0.75
105	53	0.829
105	54	0.714
106	0	0.059
106	1	0.167
106	2	0
106	3	0.034
106	4	0
106	5	0
106	6	0.429
106	7	0
106	8	0
106	9	0
106	10	0
106	11	0
106	12	0
106	13	0
106	14	0.067
106	15	0.1
106	16	0.2
106	17	0.1
106	18	0
106	19	0
106	20	0.13
106	21	0
106	22	0.111
106	23	0.087
106	24	0.091
106	25	0.061
106	26	0.115
106	27	0.368
106	28	0.375
106	29	0.1
106	30	0.111
106	31	0.333
106	32	0.188
106	33	0.143
106	34	0.25
106	35	1
106	36	0.5
106	37	0.143
106	38	0.259
106	39	0.267
106	40	0.289
106	41	0.231
106	42	0.211
106	43	0.75
106	44	0.467
106	45	0.294
106	46	0.4
106	47	0.2
106	48	0.385
106	49	0.25
106	50	0.424
106	51	0.59
106	52	0.583
106	53	0.357
106	54	0.536
107	0	0.053
107	1	0
107	2	0
107	3	0.05
107	4	0
107	5	0
107	6	0
107	7	0
107	8	0
107	9	0
107	10	0
107	11	0
107	12	0
107	13	0.077
107	14	0.154
107	15	0.2
107	16	0
107	17	0.167
107	18	0.1
107	19	0.182
107	20	0.167
107	21	0.167
107	22	0.167
107	23	0
107	24	0.278
107	25	0.154
107	26	0.167
107	27	0.294
107	28	0.214
107	29	0.1
107	30	0
107	31	0
107	32	0.222
107	33	0
107	34	0.333
107	35	0.5
107	36	0.6
107	37	0.25
107	38	0.286
107	39	0.2
107	40	0.154
107	41	0.231
107	42	0.125
107	43	0
107	44	0.364
107	45	0.364
107	46	0.5
107	47	0.286
107	48	0.273
107	49	0.417
107	50	0.667
107	51	0.435
107	52	0.37
107	53	0.136
107	54	0.312
108	0	0.042
108	1	0.056
108	2	0
108	3	0
108	4	0
108	5	0
108	6	0.111
108	7	0
108	8	0
108	9	0
108	10	0
108	11	0.091
108	12	0
108	13	0.045
108	14	0.036
108	15	0
108	16	0
108	17	0
108	18	0
108	19	0.097
108	20	0.053
108	21	0
108	22	0
108	23	0.045
108	24	0.033
108	25	0.061
108	26	0.086
108	27	0.176
108	28	0.222
108	29	0.136
108	30	0.167
108	31	0.167
108	32	0.133
108	33	0.118
108	34	0.172
108	35	0
108	36	0
108	37	0.333
108	38	0.281
108	39	0.35
108	40	0.429
108	41	0.5
108	42	0.435
108	43	0.615
108	44	0.424
108	45	0.381
108	46	0.167
108	47	0.316
108	48	0.5
108	49	0.486
108	50	0.263
108	51	0.548
108	52	0.564
108	53	0.523
108	54	0.5
109	0	0.176
109	1	0.227
109	2	0.125
109	3	0.271
109	4	0.231
109	5	0
109	6	0.091
109	7	0.077
109	8	0
109	9	0
109	10	0
109	11	0.111
109	12	0
109	13	0.107
109	14	0.074
109	15	0.083
109	16	0
109	17	0.031
109	18	0
109	19	0.042
109	20	0.093
109	21	0.025
109	22	0.059
109	23	0.032
109	24	0.186
109	25	0.214
109	26	0.263
109	27	0.434
109	28	0.531
109	29	0.381
109	30	0.2
109	31	0.333
109	32	0.389
109	33	0.667
109	34	0.651
109	35	0
109	36	0
109	37	0.091
109	38	0.257
109	39	0.5
109	40	0.478
109	41	0.441
109	42	0.429
109	43	0.455
109	44	0.55
109	45	0.5
109	46	0.474
109	47	0.579
109	48	0.391
109	49	0.343
109	50	0.636
109	51	0.657
109	52	0.528
109	53	0.349
109	54	0.444
110	0	0.105
110	1	0.091
110	2	0.048
110	3	0.088
110	4	0
110	5	0.143
110	6	0
110	7	0
110	8	0
110	9	0
110	10	0
110	11	0
110	12	0
110	13	0
110	14	0.08
110	15	0
110	16	0
110	17	0
110	18	0.158
110	19	0.158
110	20	0.321
110	21	0.278
110	22	0.125
110	23	0.125
110	24	0.25
110	25	0.227
110	26	0.303
110	27	0.556
110	28	0.385
110	29	0.308
110	30	0
110	31	0.3
110	32	0.286
110	33	0.474
110	34	0.5
110	35	0.5
110	36	1
110	37	0.375
110	38	0.519
110	39	0.676
110	40	0.65
110	41	0.667
110	42	0.556
110	43	0.7
110	44	0.629
110	45	0.6
110	46	0.5
110	47	0.545
110	48	0.4
110	49	0.636
110	50	0.875
110	51	0.643
110	52	0.818
110	53	0.8
110	54	0.6
111	0	0.132
111	1	0.111
111	2	0.053
111	3	0.177
111	4	0.111
111	5	0
111	6	0.111
111	7	0
111	8	0
111	9	0
111	10	0
111	11	0
111	12	0
111	13	0
111	14	0
111	15	0
111	16	0
111	17	0
111	18	0
111	19	0
111	20	0
111	21	0
111	22	0
111	23	0.056
111	24	0
111	25	0.088
111	26	0.091
111	27	0.281
111	28	0.259
111	29	0.286
111	30	0
111	31	0.375
111	32	0.083
111	33	0.6
111	34	0.267
111	35	0.4
111	36	0.6
111	37	0.429
111	38	0.538
111	39	0.424
111	40	0.438
111	41	0.208
111	42	0.333
111	43	0.4
111	44	0.407
111	45	0.182
111	46	0.429
111	47	0.357
111	48	0.538
111	49	0.368
111	50	0.571
111	51	0.684
111	52	0.763
111	53	0.632
111	54	0.48
112	0	0.033
112	1	0.057
112	2	0
112	3	0
112	4	0
112	5	0
112	6	0
112	7	0.111
112	8	0
112	9	0
112	10	0
112	11	0
112	12	0
112	13	0
112	14	0
112	15	0
112	16	0
112	17	0.062
112	18	0
112	19	0.083
112	20	0.087
112	21	0.062
112	22	0.077
112	23	0.095
112	24	0.1
112	25	0.217
112	26	0.133
112	27	0.389
112	28	0.273
112	29	0.4
112	30	0.083
112	31	0.3
112	32	0.077
112	33	0.3
112	34	0.16
112	35	0.2
112	36	0.333
112	37	0.182
112	38	0.227
112	39	0.281
112	40	0.353
112	41	0.125
112	42	0.2
112	43	0.714
112	44	0.211
112	45	0.267
112	46	0.25
112	47	0.353
112	48	0.263
112	49	0.407
112	50	0.6
112	51	0.449
112	52	0.486
112	53	0.487
112	54	0.448
113	0	0.077
113	1	0.121
113	2	0
113	3	0.025
113	4	0
113	5	0
113	6	0
113	7	0
113	8	0
113	9	0
113	10	0
113	11	0.071
113	12	0
113	13	0
113	14	0
113	15	0
113	16	0
113	17	0
113	18	0
113	19	0.04
113	20	0
113	21	0
113	22	0
113	23	0.118
113	24	0.053
113	25	0.19
113	26	0.087
113	27	0.222
113	28	0.312
113	29	0.222
113	30	0
113	31	0
113	32	0.167
113	33	0.375
113	34	0.227
113	35	0.667
113	36	0.857
113	37	0.5
113	38	0.35
113	39	0.267
113	40	0.214
113	41	0.357
113	42	0.438
113	43	0.5
113	44	0.348
113	45	0.222
113	46	0.4
113	47	0.385
113	48	0.368
113	49	0.278
113	50	0.6
113	51	0.65
113	52	0.553
113	53	0.655
113	54	0.583
114	0	0
114	1	0
114	2	0
114	3	0
114	4	0
114	5	0
114	6	0
114	7	0
114	8	0
114	9	0
114	10	0
114	11	0
114	12	0
114	13	0
114	14	0
114	15	0
114	16	0
114	17	0
114	18	0
114	19	0
114	20	0
114	21	0
114	22	0
114	23	0
114	24	0
114	25	0.045
114	26	0.091
114	27	0.13
114	28	0.133
114	29	0
114	30	0
114	31	0.111
114	32	0
114	33	0
114	34	0.091
114	37	0
114	38	0.05
114	39	0.333
114	40	0.231
114	41	0
114	42	0.2
114	43	0
114	44	0
114	45	0
114	46	0
114	47	0
114	48	0.1
114	49	0.176
114	50	0.083
114	51	0.419
114	52	0.567
114	53	0.3
114	54	0.714
115	0	0.181
115	1	0.1
115	2	0
115	3	0.167
115	4	0.167
115	5	0.154
115	6	0.143
115	7	0
115	8	0
115	9	0
115	10	0
115	11	0.154
115	12	0.333
115	13	0.045
115	14	0.1
115	15	0.125
115	16	0
115	17	0
115	18	0.111
115	19	0.087
115	20	0.381
115	21	0.176
115	22	0.067
115	23	0.158
115	24	0.136
115	25	0.269
115	26	0.333
115	27	0.35
115	28	0.565
115	29	0.533
115	30	0
115	31	0.2
115	32	0.5
115	33	0.529
115	34	0.531
115	35	0.5
115	36	1
115	37	0
115	38	0.421
115	39	0.448
115	40	0.5
115	41	0.474
115	42	0.4
115	43	0.2
115	44	0.368
115	45	0.5
115	46	0.462
115	47	0.333
115	48	0.474
115	49	0.316
115	50	0.706
115	51	0.725
115	52	0.892
115	53	0.633
115	54	0.727
116	0	0.066
116	1	0.176
116	2	0
116	3	0
116	4	0
116	5	0
116	6	0
116	7	0
116	8	0
116	9	0
116	10	0
116	11	0
116	12	0
116	13	0
116	14	0
116	15	0
116	16	0
116	17	0
116	18	0
116	19	0
116	20	0
116	21	0
116	22	0
116	23	0
116	24	0
116	25	0
116	26	0
116	27	0.073
116	28	0.136
116	29	0
116	30	0.143
116	31	0.125
116	32	0
116	33	0.25
116	34	0.107
116	35	0
116	36	0
116	37	0
116	38	0.143
116	39	0.074
116	40	0.125
116	41	0.083
116	42	0.231
116	43	0
116	44	0.158
116	45	0.111
116	46	0.25
116	47	0.308
116	48	0.567
116	49	0.381
116	50	0.375
116	51	0.425
116	52	0.447
116	53	0.485
116	54	0.259
117	0	0.349
117	1	0.3
117	2	0.083
117	3	0.379
117	4	0.111
117	5	0.3
117	6	0.2
117	7	0
117	8	0
117	9	0
117	10	0
117	11	0
117	12	0.25
117	13	0.143
117	14	0.05
117	15	0
117	16	0
117	17	0.067
117	18	0.067
117	19	0.056
117	20	0
117	21	0
117	22	0.154
117	23	0.368
117	24	0.3
117	25	0.458
117	26	0.522
117	27	0.586
117	28	0.294
117	29	0.455
117	30	0.286
117	31	0
117	32	0.5
117	33	0.75
117	34	0.476
117	35	1
117	36	1
117	37	0.8
117	38	0.55
117	39	0.65
117	40	0.462
117	41	0.583
117	42	0.333
117	43	1
117	44	0.583
117	45	0.5
117	46	0.692
117	47	0.667
117	48	0.5
117	49	0.5
117	50	0.5
117	51	0.742
117	52	0.593
117	53	0.474
117	54	0.467
118	0	0
118	1	0
118	2	0
118	3	0
118	4	0
118	5	0
118	6	0
118	7	0
118	8	0
118	9	0
118	10	0
118	11	0
118	12	0
118	13	0
118	14	0
118	15	0
118	16	0
118	17	0
118	18	0
118	19	0
118	20	0
118	21	0
118	22	0
118	23	0
118	24	0
118	25	0
118	26	0
118	27	0.143
118	28	0
118	29	0
118	30	0
118	31	0
118	32	0
118	33	0.2
118	34	0.4
118	37	1
118	38	0.3
118	39	0.571
118	40	0.25
118	41	0.25
118	42	0
118	43	1
118	44	0.833
118	45	0.333
118	46	0.333
118	47	0.4
118	48	0.667
118	49	0.2
118	50	0
118	51	0.692
118	52	0.526
118	53	0.875
118	54	0.375
119	0	0.229
119	1	0.286
119	2	0.387
119	3	0.321
119	4	0.133
119	5	0.333
119	6	0.267
119	7	0.062
119	8	0
119	9	0
119	10	0
119	11	0.211
119	12	0.125
119	13	0.071
119	14	0.217
119	15	0.13
119	16	0
119	17	0
119	18	0.167
119	19	0.194
119	20	0.2
119	21	0.143
119	22	0.1
119	23	0.308
119	24	0.256
119	25	0.292
119	26	0.302
119	27	0.528
119	28	0.452
119	29	0.292
119	30	0.091
119	31	0.2
119	32	0.286
119	33	0.6
119	34	0.689
119	35	0.75
119	36	0.667
119	37	0.421
119	38	0.429
119	39	0.545
119	40	0.474
119	41	0.514
119	42	0.143
119	43	0.25
119	44	0.537
119	45	0.667
119	46	0.64
119	47	0.75
119	48	0.696
119	49	0.641
119	50	0.667
119	51	0.716
119	52	0.719
119	53	0.667
119	54	0.667
120	0	0
120	1	0
120	2	0
120	3	0
120	4	0
120	5	0
120	6	0
120	7	0
120	8	0
120	9	0
120	10	0
120	11	0
120	12	0
120	13	0
120	14	0
120	15	0
120	16	0
120	17	0
120	18	0
120	19	0
120	20	0
120	21	0
120	22	0
120	23	0
120	24	0
120	25	0
120	26	0.05
120	27	0.095
120	28	0.25
120	29	0.333
120	30	0
120	31	0.5
120	32	0.125
120	33	0
120	34	0.158
120	35	0
120	36	0.5
120	37	0.5
120	38	0.059
120	39	0.261
120	40	0.375
120	41	0.308
120	42	0.143
120	43	0
120	44	0.308
120	45	0.429
120	46	0.4
120	47	0.3
120	48	0.167
120	49	0.538
120	50	0.273
120	51	0.462
120	52	0.5
120	53	0.462
120	54	0.6
121	0	0.086
121	1	0.095
121	2	0.029
121	3	0
121	4	0
121	5	0
121	6	0
121	7	0
121	8	0
121	9	0
121	10	0
121	11	0
121	12	0
121	13	0
121	14	0
121	15	0
121	16	0
121	17	0
121	18	0
121	19	0
121	20	0
121	21	0
121	22	0
121	23	0
121	24	0
121	25	0
121	26	0
121	27	0.038
121	28	0.136
121	29	0.071
121	30	0.143
121	31	0.1
121	32	0
121	33	0
121	34	0.069
121	35	0
121	36	0.2
121	37	0.143
121	38	0.179
121	39	0.139
121	40	0.105
121	41	0.062
121	42	0.048
121	43	0.25
121	44	0.148
121	45	0.182
121	46	0.2
121	47	0.158
121	48	0.2
121	49	0.129
121	50	0.167
121	51	0.114
121	52	0.174
121	53	0.154
121	54	0.36
124	0	0.036
124	1	0
124	2	0
124	3	0
124	5	0
124	6	0.333
124	8	0
124	9	0
124	10	0
124	11	0.5
124	12	0
124	13	0
124	14	0
124	15	0
124	16	0
124	17	0
124	18	0
124	19	0
124	20	0
124	21	0
124	22	0
124	23	0.2
124	24	0.111
124	25	0.222
124	26	0.375
124	27	0.538
124	28	0.25
124	29	0.333
124	30	0
124	31	0.333
124	32	0.6
124	33	0.333
124	34	0.25
124	35	0
124	36	0
124	37	0
124	38	0.25
124	39	0.25
124	40	0.333
124	41	0.2
124	42	0.4
124	44	0.167
124	45	0.5
124	46	0.5
124	47	0.4
124	48	0
124	49	0.4
124	50	0.4
124	51	0.417
124	52	0.5
124	53	0.533
124	54	0.75
125	0	0.051
125	1	0
125	2	0.065
125	3	0
125	4	0
125	5	0.043
125	6	0.125
125	7	0
125	8	0
125	9	0
125	10	0
125	11	0
125	12	0
125	13	0.034
125	14	0.024
125	15	0
125	16	0.143
125	17	0.053
125	18	0.074
125	19	0.059
125	20	0.136
125	21	0.069
125	22	0.053
125	23	0.048
125	24	0.139
125	25	0.156
125	26	0.135
125	27	0.362
125	28	0.28
125	29	0.222
125	30	0.111
125	31	0.214
125	32	0.25
125	33	0.333
125	34	0.25
125	35	0.333
125	36	0.833
125	37	0.3
125	38	0.237
125	39	0.394
125	40	0.19
125	41	0.056
125	42	0.154
125	43	0.412
125	44	0.412
125	45	0.188
125	46	0.158
125	47	0.25
125	48	0.259
125	49	0.346
125	50	0.429
125	51	0.434
125	52	0.434
125	53	0.465
125	54	0.5
126	0	0.056
126	1	0
126	2	0
126	3	0
126	4	0
126	5	0
126	6	0
126	7	0
126	8	0
126	9	0
126	10	0
126	11	0
126	12	0
126	13	0
126	14	0
126	15	0
126	16	0
126	17	0
126	18	0
126	19	0.1
126	20	0.103
126	21	0
126	22	0
126	23	0
126	24	0
126	25	0.143
126	26	0.071
126	27	0.12
126	28	0.083
126	29	0.125
126	30	0
126	31	0
126	32	0
126	33	0
126	34	0
126	35	0
126	36	0
126	37	0
126	38	0.167
126	39	0.222
126	40	0.5
126	41	0.1
126	42	0.222
126	43	0
126	44	0.083
126	45	0.25
126	46	0.25
126	47	0.4
126	48	0.364
126	49	0.2
126	50	0.714
126	51	0.633
126	52	0.64
126	53	0.607
126	54	0.611
128	0	0.109
128	1	0
128	2	0
128	3	0.164
128	4	0
128	5	0
128	6	0.053
128	7	0
128	8	0
128	9	0
128	10	0
128	11	0
128	12	0
128	13	0
128	14	0.06
128	15	0
128	16	0
128	17	0
128	18	0
128	19	0.027
128	20	0.021
128	21	0.025
128	22	0.118
128	23	0.057
128	24	0.067
128	25	0.053
128	26	0.056
128	27	0.235
128	28	0.319
128	29	0.179
128	30	0.083
128	31	0.222
128	32	0.269
128	33	0.25
128	34	0.192
128	35	1
128	36	0.833
128	37	0.333
128	38	0.3
128	39	0.309
128	40	0.306
128	41	0.321
128	42	0.227
128	43	0.25
128	44	0.233
128	45	0.174
128	46	0.15
128	47	0.269
128	48	0.233
128	49	0.176
128	50	0.344
128	51	0.442
128	52	0.562
128	53	0.6
128	54	0.459
129	2	0
129	3	0
129	4	0
129	5	0
129	8	0
129	18	0
129	19	0
129	20	0
129	21	0
129	22	0
129	23	0
129	24	0
129	25	0
129	26	0
129	27	0
129	28	0
129	29	0
129	30	0
129	31	0
129	32	0
129	33	0
129	34	0
129	38	0
129	39	0
129	40	0
129	41	0
129	42	0
129	43	0
129	45	0
129	46	0
129	48	0
129	49	0
129	50	0
129	51	0
129	52	0.2
129	53	0.333
129	54	0.333
131	0	0
131	1	0.086
131	2	0.167
131	3	0
131	4	0
131	5	0.25
131	6	0
131	7	0
131	8	0
131	9	0
131	10	0
131	11	0
131	12	0
131	13	0
131	14	0
131	15	0
131	16	0
131	17	0
131	18	0
131	19	0
131	20	0
131	21	0
131	22	0
131	23	0
131	24	0
131	25	0
131	26	0
131	27	0
131	28	0
131	29	0
131	30	0
131	31	0
131	32	0
131	33	0
131	34	0
131	37	0
131	38	0.167
131	39	0.167
131	40	0.167
131	41	0
131	42	0
131	43	0
131	44	0
131	45	0
131	46	0
131	47	0
131	48	0
131	49	0
131	50	0
131	51	0.2
131	52	0.143
131	53	0
131	54	0.4
132	0	0
132	1	0
132	2	0
132	3	0.125
132	4	0
132	5	0
132	6	0
132	7	0
132	8	0
132	9	0
132	10	0
132	11	0
132	12	0
132	13	0.111
132	14	0
132	15	0
132	16	0
132	17	0
132	18	0
132	19	0
132	20	0
132	21	0
132	22	0
132	23	0
132	24	0
132	25	0
132	26	0
132	27	0.231
132	28	0.167
132	29	0
132	30	0
132	31	0
132	32	0.2
132	33	0.333
132	34	0.2
132	35	0
132	36	0
132	37	0
132	38	0.333
132	39	0.1
132	40	0
132	41	0
132	42	0
132	43	0
132	44	0
132	45	0
132	46	0
132	47	0.125
132	48	0
132	49	0.2
132	50	0.375
132	51	0.389
132	52	0.278
132	53	0.167
132	54	0.364
133	0	0.123
133	1	0.158
133	2	0
133	3	0.1
133	4	0
133	5	0
133	6	0
133	7	0
133	8	0
133	9	0
133	10	0
133	11	0
133	12	0
133	13	0.056
133	14	0.053
133	15	0
133	16	0
133	17	0
133	18	0
133	19	0
133	20	0.125
133	21	0
133	22	0
133	23	0
133	24	0
133	25	0.19
133	26	0.12
133	27	0.172
133	28	0.118
133	29	0.091
133	30	0
133	31	0
133	32	0.188
133	33	0.231
133	34	0.118
133	35	0
133	36	0
133	37	0
133	38	0
133	39	0.217
133	40	0.083
133	41	0.067
133	42	0.167
133	43	0
133	44	0.267
133	45	0.1
133	46	0.143
133	47	0.091
133	48	0.083
133	49	0.071
133	50	0.125
133	51	0.222
133	52	0.321
133	53	0.4
133	54	0.217
134	0	0.461
134	1	0.2
134	2	0.143
134	3	0.87
134	4	0
134	5	0.231
134	6	0
134	7	0
134	8	0
134	9	0
134	10	0
134	11	0.25
134	12	0.25
134	13	0.308
134	14	0.333
134	15	0.4
134	16	0.143
134	17	0.2
134	18	0.118
134	19	0.133
134	20	0
134	21	0.111
134	22	0.111
134	23	0.357
134	24	0.25
134	25	0.391
134	26	0.381
134	27	0.438
134	28	0.167
134	29	0
134	30	0.125
134	31	0.1
134	32	0.222
134	33	0.273
134	34	0.304
134	35	0.8
134	36	0.75
134	37	0.455
134	38	0.45
134	39	0.55
134	40	0.571
134	41	0.389
134	42	0.222
134	43	0
134	44	0.467
134	45	0.556
134	46	0.75
134	47	0.429
134	48	0.545
134	49	0.588
134	50	0.909
134	51	0.793
134	52	0.864
134	53	0.941
134	54	0.786
136	0	0
136	1	0
136	2	0
136	3	0
136	4	0
136	5	0
136	6	0
136	7	0
136	8	0
136	9	0
136	10	0
136	11	0
136	12	0
136	13	0
136	14	0
136	15	0
136	16	0
136	17	0
136	18	0
136	19	0
136	20	0
136	21	0
136	22	0
136	23	0
136	24	0
136	25	0
136	26	0
136	27	0.25
136	28	0.143
136	29	0.25
136	30	0
136	31	0
136	32	0.2
136	33	0.5
136	34	0.143
136	37	0.5
136	38	0.571
136	39	0.273
136	40	0.2
136	41	0.286
136	42	0
136	43	0
136	44	0
136	45	0
136	46	0.2
136	47	0.2
136	48	0.25
136	49	0.25
136	50	0
136	51	0.308
136	52	0.5
136	53	0.5
136	54	0.111
137	0	0.522
137	1	0.16
137	2	0.16
137	3	0.5
137	4	0.062
137	5	0.25
137	6	0.182
137	7	0
137	8	0
137	9	0
137	10	0.167
137	11	0.2
137	12	0.2
137	13	0.286
137	14	0.05
137	15	0
137	16	0
137	17	0.043
137	18	0
137	19	0.071
137	20	0.073
137	21	0.114
137	22	0.25
137	23	0.318
137	24	0.143
137	25	0.219
137	26	0.286
137	27	0.438
137	28	0.538
137	29	0.188
137	30	0.222
137	31	0.167
137	32	0.231
137	33	0.478
137	34	0.278
137	35	0.5
137	36	0.667
137	37	0.286
137	38	0.448
137	39	0.457
137	40	0.227
137	41	0.379
137	42	0.188
137	43	0.25
137	44	0.478
137	45	0.385
137	46	0.308
137	47	0.444
137	48	0.316
137	49	0.304
137	50	0.545
137	51	0.596
137	52	0.727
137	53	0.618
137	54	0.641
138	0	0.087
138	1	0.286
138	2	0.111
138	3	0
138	4	0
138	5	0.25
138	6	0
138	7	0
138	8	0
138	9	0
138	10	0
138	11	0
138	12	0
138	13	0.071
138	14	0
138	15	0
138	16	0
138	17	0
138	18	0
138	19	0
138	20	0
138	21	0
138	22	0
138	23	0
138	24	0
138	25	0
138	26	0.062
138	27	0
138	28	0
138	29	0
138	30	0
138	31	0
138	32	0
138	33	0
138	34	0
138	35	0.333
138	36	0.167
138	37	0
138	38	0.308
138	39	0.294
138	40	0.571
138	41	0.273
138	42	0
138	43	0
138	44	0.182
138	45	0.2
138	46	0.2
138	47	0.222
138	48	0.333
138	49	0.455
138	50	0.429
138	51	0.4
138	52	0.533
138	53	0.455
138	54	0.636
139	13	0
139	14	0
139	15	0
139	16	0
139	17	0
139	18	0
139	19	0
139	20	0
139	21	0
139	22	0
139	23	0
139	24	0
139	25	0
139	26	0
139	27	0.2
139	28	0.5
139	29	0
139	31	0
139	32	0
139	33	1
139	34	0.667
139	37	0
139	38	0
139	39	0
139	40	0
139	41	0
139	42	0
139	44	0
139	45	0.333
139	47	0
139	48	0.5
139	49	0
139	50	1
139	51	0.4
139	52	0.333
139	53	0.6
139	54	1
140	14	0
140	17	0
140	18	0
140	19	0
140	20	0
140	21	0
140	22	0
140	23	0
140	24	0
140	26	0
140	27	0.667
140	28	0
140	29	0
140	31	0
140	32	1
140	33	0
140	34	0
140	38	0
140	39	0
140	40	0
140	41	0
140	42	0
140	43	0
140	45	0
140	47	0
140	48	0
140	49	0
140	50	0
140	51	0
140	52	0
140	53	0
140	54	1
